-2.154991149902343750e+00
4.867576062679290771e-02
1.267939060926437378e-01
2.799954414367675781e+00
2.163986206054687500e+00
2.422671079635620117e+00
3.816661596298217773e+00
2.958662271499633789e+00
3.396274089813232422e+00
6.509078502655029297e+00
1.449637651443481445e+00
-3.605002641677856445e+00
-1.513972043991088867e+00
1.819808483123779297e+00
1.313633769750595093e-01
3.634533166885375977e+00
-1.659663200378417969e+00
-2.822319269180297852e+00
3.679322481155395508e+00
3.116079568862915039e+00
2.684865474700927734e+00
4.698595523834228516e+00
3.271312952041625977e+00
1.308709621429443359e+00
1.808178305625915527e+00
1.427911758422851562e+00
6.354227066040039062e-01
1.712127178907394409e-01
8.761546611785888672e-01
9.138011932373046875e-01
2.896937847137451172e+00
4.769010543823242188e-01
8.910827636718750000e-01
1.293919801712036133e+00
1.882381200790405273e+00
5.979359626770019531e+00
-5.336380004882812500e-01
2.147726535797119141e+00
-2.037923485040664673e-01
-1.377125740051269531e+00
-1.075660705566406250e+00
-1.230943441390991211e+00
-1.390665292739868164e+00
-1.368342399597167969e+00
-1.344652652740478516e+00
-1.301334142684936523e+00
-1.268389940261840820e+00
-1.235167741775512695e+00
-1.194020390510559082e+00
-1.113518834114074707e+00
-9.385571479797363281e-01
-7.386034131050109863e-01
-4.854955077171325684e-01
-2.720277309417724609e-01
-2.428898960351943970e-01
-4.200938940048217773e-01
-4.150224328041076660e-01
-3.314001560211181641e-01
-5.029445886611938477e-01
-6.711417436599731445e-01
-5.471282005310058594e-01
-5.261333584785461426e-01
-6.246547102928161621e-01
-6.229823827743530273e-01
-7.207143306732177734e-01
-7.572274208068847656e-01
-4.328644275665283203e-01
7.324420213699340820e-01
8.327226638793945312e-01
2.791877985000610352e-01
-4.035781621932983398e-01
6.819498538970947266e-01
1.271948933601379395e+00
3.739201784133911133e+00
3.410858154296875000e+00
2.144998162984848022e-01
4.660545825958251953e+00
5.381713509559631348e-01
4.901161193847656250e-01
1.065995931625366211e+00
-1.436422586441040039e+00
1.465262055397033691e+00
4.656407356262207031e+00
3.217431545257568359e+00
1.693846225738525391e+00
6.786451339721679688e-01
-2.072287797927856445e+00
-1.277433484792709351e-01
4.641777276992797852e-01
2.742003679275512695e+00
1.536944031715393066e+00
-9.411751031875610352e-01
-7.194893360137939453e-01
-1.028554439544677734e+00
-1.371386647224426270e+00
-3.295094370841979980e-01
2.304325997829437256e-02
5.744309425354003906e-01
-1.871393203735351562e+00
-1.517197042703628540e-01
1.406565070152282715e+00
-2.574772834777832031e+00
-3.553419113159179688e+00
-2.058038234710693359e+00
-1.266250967979431152e+00
-1.908794879913330078e+00
-1.053189873695373535e+00
1.379791736602783203e+00
2.646056413650512695e+00
-1.372460275888442993e-01
2.206374645233154297e+00
2.249128580093383789e+00
1.498549222946166992e+00
1.501109838485717773e+00
2.289598137140274048e-01
-2.372231721878051758e+00
-1.667632162570953369e-02
-6.834546923637390137e-01
-1.064836502075195312e+00
-6.259245872497558594e-01
1.998578011989593506e-02
6.130485236644744873e-02
5.363647639751434326e-02
4.297064542770385742e-01
5.425509214401245117e-01
6.313962340354919434e-01
7.278283834457397461e-01
7.683453559875488281e-01
7.803290486335754395e-01
7.801902294158935547e-01
7.770955562591552734e-01
7.725161314010620117e-01
7.398195862770080566e-01
5.522183775901794434e-01
2.485612481832504272e-01
-2.863027155399322510e-02
-1.937593966722488403e-01
-5.582432448863983154e-02
-1.059342175722122192e-01
1.250985711812973022e-01
7.674995064735412598e-01
4.589756131172180176e-01
-6.623829603195190430e-01
4.812768697738647461e-01
-1.545721888542175293e+00
-2.231032133102416992e+00
-2.936368942260742188e+00
-3.470496892929077148e+00
-2.718537092208862305e+00
-9.587820768356323242e-01
-2.300622940063476562e+00
-2.198008537292480469e+00
-3.183158397674560547e+00
-1.982660055160522461e+00
1.027117252349853516e+00
6.983091831207275391e-01
-1.002146154642105103e-01
-1.483170509338378906e+00
1.773182630538940430e+00
-2.624245882034301758e-01
-1.247506976127624512e+00
-8.061314821243286133e-01
-1.105128079652786255e-01
-4.503647983074188232e-02
2.794042110443115234e+00
2.312012434005737305e+00
5.042910099029541016e+00
1.149667948484420776e-01
5.572701692581176758e-01
1.392165184020996094e+00
2.687913656234741211e+00
1.359015464782714844e+00
-9.313795566558837891e-01
1.689554691314697266e+00
-2.173091411590576172e+00
-1.790813922882080078e+00
4.326427459716796875e+00
2.814427137374877930e+00
7.568693161010742188e-01
1.766019463539123535e+00
1.662250995635986328e+00
2.803489446640014648e+00
-1.852522611618041992e+00
1.470863342285156250e+00
1.420219182968139648e+00
6.372700929641723633e-01
1.410013318061828613e+00
2.446843862533569336e+00
2.372155427932739258e+00
-1.217468738555908203e+00
-1.190847754478454590e+00
-1.956623554229736328e+00
-2.836156368255615234e+00
-5.515034198760986328e-01
6.151530742645263672e-01
1.382390618324279785e+00
2.649534463882446289e+00
-6.607940196990966797e-01
-8.997426033020019531e-01
1.521797657012939453e+00
2.412327051162719727e+00
-6.938836574554443359e-01
3.835744857788085938e-01
1.440345764160156250e+00
-7.790888547897338867e-01
-2.771806478500366211e+00
3.118045628070831299e-01
-2.105187177658081055e+00
-5.350799560546875000e-01
1.156248807907104492e+00
2.412422657012939453e+00
5.065326392650604248e-02
2.492268323898315430e+00
-1.064469456672668457e+00
-1.441356897354125977e+00
-1.781663417816162109e+00
2.612246990203857422e+00
-4.927008152008056641e-01
1.474931091070175171e-01
1.801388502120971680e+00
4.795775890350341797e+00
1.085328817367553711e+00
-1.087154388427734375e+00
1.510991811752319336e+00
-1.967732667922973633e+00
-2.239291906356811523e+00
-1.452862977981567383e+00
4.402424097061157227e-01
1.150092959403991699e+00
-4.035630226135253906e+00
-1.326636433601379395e+00
2.997121214866638184e-01
-8.305325508117675781e-01
1.085352659225463867e+00
2.037244558334350586e+00
8.299879431724548340e-01
1.354539155960083008e+00
1.043813705444335938e+00
1.353056669235229492e+00
6.563447415828704834e-02
-1.310302257537841797e+00
-8.647500276565551758e-01
-2.357771545648574829e-01
8.315502405166625977e-01
-5.666162967681884766e-01
-1.542939662933349609e+00
-1.120331883430480957e+00
-1.107927799224853516e+00
-9.290995597839355469e-01
2.654281258583068848e-01
2.104542970657348633e+00
-3.240678310394287109e-01
-1.754425764083862305e+00
-1.095989823341369629e+00
-2.226197481155395508e+00
-3.652575254440307617e+00
-5.207773685455322266e+00
-5.139130115509033203e+00
2.140769809484481812e-01
-6.286686897277832031e+00
-2.350055932998657227e+00
-2.188291788101196289e+00
4.410982131958007812e-01
1.506243467330932617e+00
1.474716812372207642e-01
1.957007497549057007e-01
7.480047941207885742e-01
3.617892265319824219e-01
-9.661085605621337891e-01
1.998108506202697754e+00
8.840605020523071289e-01
1.551460504531860352e+00
3.444980382919311523e+00
4.277659893035888672e+00
7.992729544639587402e-03
3.021045923233032227e+00
4.526805877685546875e+00
3.590459108352661133e+00
2.963220119476318359e+00
3.642990589141845703e+00
3.707048892974853516e-01
-1.317715793848037720e-01
-4.552979469299316406e-01
4.834875464439392090e-03
-1.904782533645629883e+00
1.357628583908081055e+00
2.117847919464111328e+00
4.634089946746826172e+00
3.896939039230346680e+00
3.045304775238037109e+00
1.636630177497863770e+00
3.089618682861328125e+00
6.448768079280853271e-02
-1.036144256591796875e+00
-1.907484680414199829e-01
2.041438579559326172e+00
2.049131155014038086e+00
5.537381172180175781e-01
1.324322700500488281e+00
-8.563367128372192383e-01
-1.558124423027038574e+00
4.005876183509826660e-01
1.832060664892196655e-01
-1.933437824249267578e+00
-1.793977499008178711e+00
1.105294346809387207e+00
-1.242953687906265259e-01
-5.646313726902008057e-02
-2.184058725833892822e-02
-2.788954496383666992e+00
-2.176015377044677734e+00
8.168030977249145508e-01
3.093480825424194336e+00
-4.211051464080810547e-01
-2.879215478897094727e-01
-1.047848224639892578e+00
1.066502809524536133e+00
4.122851371765136719e+00
3.016065359115600586e+00
1.235955953598022461e+00
-2.781926870346069336e+00
-3.362068653106689453e+00
-1.320545434951782227e+00
-3.835194349288940430e+00
-1.565124750137329102e+00
2.819703102111816406e+00
1.205274581909179688e+00
-3.950712919235229492e+00
-1.196123361587524414e+00
1.841713786125183105e+00
-4.085537195205688477e-01
-4.110466957092285156e+00
-7.816654443740844727e-01
-2.117826700210571289e+00
-2.254817008972167969e+00
-1.741906642913818359e+00
-1.307441145181655884e-01
-1.868697643280029297e+00
-1.779058337211608887e+00
-1.134946346282958984e+00
-1.872542619705200195e+00
-2.989045858383178711e+00
-6.458770751953125000e+00
-2.180967092514038086e+00
-1.604975223541259766e+00
5.432309508323669434e-01
4.402580261230468750e+00
-5.909482836723327637e-01
5.458120822906494141e+00
3.912708520889282227e+00
4.388201713562011719e+00
2.096117734909057617e+00
-2.292885929346084595e-01
-2.566083431243896484e+00
-1.555788040161132812e+00
6.359379291534423828e-01
-2.440093904733657837e-01
1.335790157318115234e+00
2.140286922454833984e+00
-1.416788250207901001e-01
-2.110413551330566406e+00
1.119959473609924316e+00
-1.147888422012329102e+00
8.448041677474975586e-01
-2.399608641862869263e-01
6.223389506340026855e-01
1.154796123504638672e+00
1.980529308319091797e+00
-6.189987063407897949e-01
7.955557107925415039e-01
4.867943525314331055e-01
-4.465004205703735352e-01
4.665796458721160889e-02
1.567034006118774414e+00
2.629811048507690430e+00
2.009851455688476562e+00
2.610528945922851562e+00
6.557564735412597656e-01
1.988254636526107788e-01
-1.141231656074523926e+00
-1.289336204528808594e+00
3.717758655548095703e-01
-8.152827024459838867e-01
8.675264716148376465e-01
1.553162336349487305e+00
5.176175832748413086e-01
4.518425464630126953e-01
-1.130391001701354980e+00
-1.625898241996765137e+00
-6.647678613662719727e-01
-1.337092071771621704e-01
-5.570597052574157715e-01
1.706286668777465820e+00
2.643703818321228027e-01
-4.956436753273010254e-01
1.475000858306884766e+00
8.900798559188842773e-01
-7.836663126945495605e-01
-1.324208259582519531e+00
-1.319545745849609375e+00
-1.118920803070068359e+00
1.805080026388168335e-01
7.948690652847290039e-01
3.165989637374877930e+00
-1.740090012550354004e+00
-1.080752491950988770e+00
-2.371454238891601562e+00
-2.221321344375610352e+00
-1.439599990844726562e+00
-1.414073228836059570e+00
-2.428452014923095703e+00
-2.033098459243774414e+00
-1.475512981414794922e+00
-2.755765914916992188e-01
2.080863714218139648e+00
3.588437318801879883e+00
3.064326286315917969e+00
2.474676609039306641e+00
-1.255590468645095825e-01
-1.768475770950317383e+00
-4.106147766113281250e+00
6.919258832931518555e-01
-1.896286159753799438e-01
-7.052643299102783203e-01
1.527811527252197266e+00
1.289042353630065918e+00
-1.699188351631164551e+00
-7.123481035232543945e-01
-2.357075363397598267e-01
-1.619966149330139160e+00
1.555503457784652710e-01
2.871865510940551758e+00
1.321653246879577637e+00
1.484405040740966797e+00
1.655372381210327148e+00
1.961573600769042969e+00
2.614038705825805664e+00
1.324062108993530273e+00
2.814742922782897949e-01
9.614527225494384766e-01
2.817289113998413086e+00
1.435803174972534180e+00
-2.140774279832839966e-01
1.811472892761230469e+00
6.968294978141784668e-01
-1.450771838426589966e-01
2.148801088333129883e+00
1.772029995918273926e+00
3.283668756484985352e-01
2.005779981613159180e+00
-7.523226737976074219e-01
6.957356333732604980e-01
9.640892744064331055e-01
1.537292003631591797e+00
1.136912941932678223e+00
8.601380586624145508e-01
1.346683949232101440e-01
-9.058623313903808594e-01
-1.635355234146118164e+00
-5.592151880264282227e-01
-1.987083673477172852e+00
-1.017318725585937500e+00
1.700372219085693359e+00
1.493044346570968628e-01
1.571540087461471558e-01
5.923823714256286621e-01
3.000069856643676758e-01
5.574208498001098633e-01
-2.420628219842910767e-01
-1.104459524154663086e+00
-4.453266143798828125e+00
-9.934871196746826172e-01
-1.147625595331192017e-01
-2.868763208389282227e-01
-5.055881738662719727e-01
4.415700435638427734e-01
8.176003098487854004e-01
2.905534207820892334e-02
-2.184163779020309448e-01
-3.291812658309936523e+00
-5.195829868316650391e-01
-1.563729196786880493e-01
-5.384737253189086914e-01
-5.895285010337829590e-01
-2.246955394744873047e+00
-1.651777505874633789e+00
-1.638017892837524414e+00
-1.383248448371887207e+00
-1.802875757217407227e+00
-2.952218532562255859e+00
-3.108597993850708008e+00
-2.761925458908081055e+00
-2.346458196640014648e+00
-2.349704265594482422e+00
-3.408155679702758789e+00
-2.815704584121704102e+00
-1.565192222595214844e+00
-3.636686563491821289e+00
-4.027625918388366699e-01
-5.642419457435607910e-01
-2.594019412994384766e+00
-6.325746178627014160e-01
7.368525266647338867e-01
1.206980466842651367e+00
-1.408921003341674805e+00
3.207793235778808594e-01
1.805575251579284668e+00
-1.607007861137390137e+00
-2.574850320816040039e+00
9.181246757507324219e-01
2.138720750808715820e+00
-2.706329822540283203e-01
2.173987388610839844e+00
-6.797474622726440430e-01
-1.526053071022033691e+00
-5.549731254577636719e-01
3.307045221328735352e+00
1.320094913244247437e-01
1.616781711578369141e+00
2.316316366195678711e+00
3.868454694747924805e-01
1.382401347160339355e+00
4.250938892364501953e-01
-7.658638954162597656e-01
2.209435224533081055e+00
3.472054719924926758e+00
1.054225683212280273e+00
-4.171011447906494141e-01
3.013300895690917969e-01
-8.082334995269775391e-01
-2.442057281732559204e-01
1.695584535598754883e+00
6.868753433227539062e+00
4.466563224792480469e+00
3.248687028884887695e+00
4.692042350769042969e+00
-1.927558660507202148e+00
4.870378375053405762e-01
1.386964797973632812e+00
-1.099184274673461914e+00
1.122269988059997559e+00
-1.484159946441650391e+00
-3.616053462028503418e-01
4.123651981353759766e-01
1.957806199789047241e-01
4.392036795616149902e-01
1.092569828033447266e+00
1.231007575988769531e+00
8.390210270881652832e-01
1.542304009199142456e-01
-1.008008360862731934e+00
-1.120950430631637573e-01
-1.012579917907714844e+00
1.740231364965438843e-01
-2.548491477966308594e+00
-2.691944360733032227e+00
8.706911802291870117e-01
-4.110580086708068848e-01
4.646755456924438477e-01
3.163949251174926758e+00
2.542353153228759766e+00
1.553359270095825195e+00
-7.681897878646850586e-01
-7.471348643302917480e-01
-1.215449929237365723e+00
-1.049499750137329102e+00
-2.116627693176269531e+00
-3.050460577011108398e+00
2.572251319885253906e+00
1.522043347358703613e+00
1.192328572273254395e+00
9.926041364669799805e-01
2.154116630554199219e+00
-1.037829875946044922e+00
5.779621601104736328e-01
9.152375459671020508e-01
7.303926944732666016e-01
-3.650522232055664062e-01
1.572265028953552246e+00
-8.606053590774536133e-01
-1.510923147201538086e+00
-7.019882202148437500e-01
6.219678521156311035e-01
-8.758054971694946289e-01
1.549456477165222168e+00
1.135918378829956055e+00
1.323812007904052734e+00
-4.130889773368835449e-01
2.153961181640625000e+00
2.534559965133666992e-01
-8.773651123046875000e-01
1.878304958343505859e+00
3.021558523178100586e+00
1.244218587875366211e+00
1.353703141212463379e+00
-3.326871991157531738e-01
-1.799620687961578369e-02
6.873184442520141602e-01
8.391525745391845703e-01
3.990018367767333984e-01
2.049625962972640991e-01
-6.399554014205932617e-01
-2.032355308532714844e+00
-1.004253506660461426e+00
-1.251616626977920532e-01
2.799103021621704102e+00
2.305515050888061523e+00
2.167084693908691406e+00
9.425382614135742188e-01
2.979843020439147949e-01
-8.554621040821075439e-02
3.372702598571777344e-01
8.040127754211425781e-01
9.588006734848022461e-01
2.412166118621826172e+00
2.802509546279907227e+00
4.493425846099853516e+00
1.983806848526000977e+00
1.318290084600448608e-01
-7.136034965515136719e-01
-1.622548341751098633e+00
1.844802021980285645e+00
2.448030233383178711e+00
-2.735093832015991211e+00
-3.780415058135986328e-01
3.321380376815795898e+00
2.680353879928588867e+00
2.709878921508789062e+00
3.562793970108032227e+00
2.472921371459960938e+00
-2.166227817535400391e+00
-5.175333976745605469e+00
3.178413510322570801e-01
1.362350106239318848e+00
9.622747898101806641e-01
-4.696156084537506104e-02
5.649554133415222168e-01
-9.706068038940429688e-01
2.225469827651977539e+00
-1.980007410049438477e+00
-1.894942283630371094e+00
-2.908002376556396484e+00
-1.222627282142639160e+00
-3.587026596069335938e+00
-2.069225072860717773e+00
1.019071578979492188e+00
6.518080234527587891e-01
-8.711211681365966797e-01
-4.565376043319702148e-01
1.794269680976867676e+00
1.030987262725830078e+00
5.883505940437316895e-01
2.153840303421020508e+00
-4.407776594161987305e-01
9.720906615257263184e-03
9.212027490139007568e-02
2.331026077270507812e+00
1.873871684074401855e+00
-1.304689884185791016e+00
8.987985551357269287e-02
-1.177359372377395630e-01
1.368327379226684570e+00
5.161724984645843506e-02
2.781346082687377930e+00
2.207933664321899414e+00
9.898291826248168945e-01
-5.229746103286743164e-01
2.067634582519531250e+00
2.003004074096679688e+00
5.207215249538421631e-02
7.917407751083374023e-01
1.413900852203369141e+00
-3.968098759651184082e-01
8.930591344833374023e-01
1.837794899940490723e+00
-5.450084209442138672e-01
-6.818497180938720703e-01
-9.102222919464111328e-01
-1.818678140640258789e+00
-1.562011957168579102e+00
-2.498771250247955322e-02
6.703115105628967285e-01
-1.366391330957412720e-01
-4.867832660675048828e-01
9.655042290687561035e-01
2.927169799804687500e-01
7.402129173278808594e-01
8.936848640441894531e-01
8.457362651824951172e-01
-5.885323882102966309e-01
-8.951588869094848633e-01
6.321249902248382568e-02
3.424505591392517090e-01
4.458370208740234375e-01
-8.293034136295318604e-02
8.526400327682495117e-01
-2.466763108968734741e-01
6.271071732044219971e-02
1.072264313697814941e+00
2.398132562637329102e+00
1.332745194435119629e+00
7.183316349983215332e-01
6.499205529689788818e-02
-3.595276176929473877e-02
-1.627342402935028076e-02
1.425569534301757812e+00
1.320387601852416992e+00
8.149086833000183105e-01
1.442365527153015137e+00
6.337043046951293945e-01
8.008062839508056641e-01
1.324889540672302246e+00
1.932426810264587402e+00
7.011113166809082031e-01
2.801408767700195312e-01
-1.702242046594619751e-01
-1.525669813156127930e+00
-1.446359276771545410e+00
-2.132404565811157227e+00
-1.896981000900268555e+00
-2.902838468551635742e+00
-3.238622188568115234e+00
-3.837345838546752930e+00
-4.389284133911132812e+00
-4.474693775177001953e+00
-6.987766265869140625e+00
1.766973972320556641e+00
1.324533939361572266e+00
4.585449695587158203e-01
-2.564934015274047852e+00
-3.979302167892456055e+00
5.722795426845550537e-02
-3.361795663833618164e+00
-1.535977363586425781e+00
-3.204988956451416016e+00
1.109411001205444336e+00
-6.145716905593872070e-01
3.031601905822753906e+00
-3.050727844238281250e-01
-1.800873041152954102e+00
-1.314590454101562500e+00
-2.901000976562500000e+00
-8.158169984817504883e-01
-2.274291992187500000e+00
-9.100409746170043945e-01
-1.674783378839492798e-01
3.818559646606445312e-01
1.365795373916625977e+00
8.564711809158325195e-01
8.653253316879272461e-04
8.606760501861572266e-01
-7.342349529266357422e+00
9.702686667442321777e-01
-4.756039142608642578e+00
-3.525351285934448242e+00
-3.662187337875366211e+00
-3.874749422073364258e+00
-3.746855497360229492e+00
-2.119720697402954102e+00
-3.323489904403686523e+00
-2.573461294174194336e+00
-2.241865873336791992e+00
2.406504154205322266e+00
-2.272278308868408203e+00
-3.333240032196044922e+00
-2.142244338989257812e+00
-2.911428689956665039e+00
-3.293713808059692383e+00
1.192517280578613281e+00
2.727774143218994141e+00
3.219850301742553711e+00
1.705627202987670898e+00
1.365563631057739258e+00
4.735396802425384521e-02
1.663333177566528320e+00
1.491552591323852539e+00
4.528432846069335938e+00
2.754338026046752930e+00
2.242882490158081055e+00
-8.599190711975097656e-01
1.548502922058105469e+00
2.215157747268676758e+00
8.255946636199951172e-01
-9.329934418201446533e-02
1.669854998588562012e+00
-7.350726425647735596e-02
4.233843803405761719e+00
5.862111091613769531e+00
3.699774980545043945e+00
3.304744482040405273e+00
2.047673463821411133e+00
8.994526863098144531e-01
-1.048473477363586426e+00
-6.684257090091705322e-02
2.024198532104492188e+00
5.956216454505920410e-01
1.068614602088928223e+00
7.757799029350280762e-01
-3.210407495498657227e+00
-1.493927836418151855e+00
1.207007169723510742e+00
-1.396825313568115234e+00
-1.406379461288452148e+00
-1.215338945388793945e+00
1.170219182968139648e+00
-6.208546161651611328e-01
3.502212762832641602e-01
1.439620971679687500e+00
2.110406160354614258e+00
1.267108082771301270e+00
9.628988504409790039e-01
3.158938884735107422e-01
5.155010223388671875e-01
-9.819741249084472656e-01
1.223183512687683105e+00
8.546696901321411133e-01
-5.501112937927246094e-01
5.090604722499847412e-02
1.576188087463378906e+00
2.779097557067871094e+00
2.786711215972900391e+00
2.204635143280029297e+00
8.908965587615966797e-01
2.925584316253662109e-01
3.155482530593872070e+00
-2.776548147201538086e+00
2.089477539062500000e+00
1.360309004783630371e+00
1.341612935066223145e+00
3.314094781875610352e+00
4.070425510406494141e+00
2.966372489929199219e+00
-1.087508082389831543e+00
6.880297660827636719e-01
-1.795112371444702148e+00
2.114352703094482422e+00
1.798408508300781250e+00
2.958701848983764648e+00
3.191174983978271484e+00
4.132815361022949219e+00
1.384795904159545898e+00
4.664174079895019531e+00
1.171970129013061523e+00
3.395944356918334961e+00
8.685806989669799805e-01
6.494097709655761719e-01
-1.717470884323120117e+00
-1.710588485002517700e-01
2.854434967041015625e+00
3.139555454254150391e+00
2.843882083892822266e+00
1.503354549407958984e+00
6.304852962493896484e-01
8.093450069427490234e-01
-1.045180708169937134e-01
-1.781894207000732422e+00
-1.419092655181884766e+00
-7.687043547630310059e-01
-1.736511290073394775e-02
-1.940028667449951172e+00
2.090210765600204468e-01
2.822524309158325195e+00
-2.373215913772583008e+00
-2.201823472976684570e+00
5.929918289184570312e-01
1.425348520278930664e+00
-1.451840639114379883e+00
5.658152699470520020e-01
1.455258578062057495e-01
-1.305374860763549805e+00
-6.748112440109252930e-01
1.746017694473266602e+00
-2.811019420623779297e-01
7.075847387313842773e-01
-1.372650861740112305e+00
1.065619707107543945e+00
1.466897606849670410e+00
7.840178012847900391e-01
1.484690070152282715e+00
1.217352867126464844e+00
8.707034587860107422e-01
3.339251756668090820e+00
2.324008792638778687e-01
-2.850950479507446289e+00
-3.019705772399902344e+00
-3.583607435226440430e+00
4.309737682342529297e-01
2.651365995407104492e+00
-2.579116821289062500e-01
1.297726750373840332e+00
1.149420022964477539e+00
-5.915424823760986328e-01
-4.270149707794189453e+00
7.796455621719360352e-01
-2.083097934722900391e+00
-8.244637250900268555e-01
4.677667617797851562e-01
2.129361480474472046e-01
5.806919336318969727e-01
2.289129972457885742e+00
1.036355137825012207e+00
2.664730787277221680e+00
2.235604524612426758e+00
3.337512493133544922e+00
1.732410043478012085e-01
-1.018674612045288086e+00
-7.301010489463806152e-01
7.233264446258544922e-01
-1.223801374435424805e+00
5.030709505081176758e-01
1.020419836044311523e+00
-3.363146781921386719e+00
4.591271877288818359e-01
-3.757328987121582031e-01
1.862820863723754883e+00
2.715285062789916992e+00
-2.695018529891967773e+00
-1.143375277519226074e+00
-1.898137807846069336e+00
5.054080486297607422e-01
1.509016871452331543e+00
8.942703008651733398e-01
1.200675368309020996e+00
-5.105566382408142090e-01
-2.496502399444580078e+00
-9.080375432968139648e-01
1.186067581176757812e+00
1.443239331245422363e+00
1.562800407409667969e+00
3.675541877746582031e-01
3.336865663528442383e+00
2.652942419052124023e+00
-7.095316648483276367e-01
-7.008711695671081543e-01
1.769052743911743164e+00
1.227828264236450195e+00
-6.382195949554443359e-01
1.647712826728820801e+00
-1.330497503280639648e+00
-3.544148206710815430e-01
1.798298835754394531e+00
1.018336564302444458e-01
-1.671406745910644531e+00
2.164790391921997070e+00
1.679919719696044922e+00
1.284229755401611328e+00
2.741529464721679688e+00
2.400198221206665039e+00
1.576047897338867188e+00
4.079750776290893555e-01
7.494770288467407227e-01
-1.577391982078552246e+00
-8.051249980926513672e-01
1.257151484489440918e+00
8.567887544631958008e-01
5.289019346237182617e-01
-1.457735300064086914e+00
1.847272276878356934e+00
2.036442279815673828e+00
7.707135677337646484e-01
9.235142469406127930e-01
4.067031741142272949e-01
-1.379481196403503418e+00
-1.970280259847640991e-01
5.132986307144165039e-01
-1.601199150085449219e+00
-8.081382513046264648e-01
3.842814564704895020e-01
6.806229352951049805e-01
1.133076786994934082e+00
2.203705072402954102e+00
3.166058301925659180e+00
2.236089468002319336e+00
1.800535082817077637e+00
2.328720808029174805e+00
1.533958435058593750e+00
6.801351308822631836e-01
2.560406923294067383e+00
2.192302942276000977e+00
1.185143440961837769e-01
-2.591127157211303711e-01
-9.964237213134765625e-01
-6.562312841415405273e-01
-1.825814962387084961e+00
-2.969175577163696289e+00
9.130358695983886719e-01
1.722795724868774414e+00
1.804965257644653320e+00
2.052780240774154663e-01
1.523738145828247070e+00
9.114209413528442383e-01
2.180449962615966797e+00
2.129668951034545898e+00
3.291984796524047852e+00
2.932411193847656250e+00
2.543483018875122070e+00
1.955657124519348145e+00
1.661087036132812500e+00
1.568374991416931152e+00
-6.786571741104125977e-01
-2.528899192810058594e+00
-3.779255628585815430e+00
2.222640812397003174e-01
-5.372266292572021484e+00
3.225531578063964844e-01
-3.441315174102783203e+00
-3.075199842453002930e+00
-3.472107648849487305e+00
2.688314199447631836e+00
1.535917520523071289e+00
5.598019063472747803e-02
4.264993667602539062e+00
4.345664024353027344e+00
2.158678621053695679e-01
-3.178001940250396729e-02
-1.495117425918579102e+00
-5.548002719879150391e-01
-1.040753245353698730e+00
-1.635441929101943970e-01
6.405251026153564453e-01
-1.529810667037963867e+00
-1.368774890899658203e+00
2.241109460592269897e-01
-5.657991170883178711e-01
4.188604354858398438e-01
1.269917488098144531e+00
9.427720308303833008e-01
1.072795867919921875e+00
-6.544120311737060547e-01
-7.190111875534057617e-01
-4.264019131660461426e-01
-1.430398344993591309e+00
2.742141008377075195e+00
-7.720132172107696533e-02
-1.748995304107666016e+00
3.557623624801635742e-01
-4.266372680664062500e+00
-3.612821578979492188e+00
2.405592799186706543e-01
2.234110355377197266e+00
3.238134860992431641e+00
2.282575219869613647e-01
-1.881786108016967773e+00
-3.731508255004882812e-01
1.788253635168075562e-01
2.391256570816040039e+00
1.565431833267211914e+00
-1.662626862525939941e+00
2.448575973510742188e+00
1.211183428764343262e+00
-5.962532043457031250e+00
-3.901089727878570557e-02
9.493374824523925781e-01
2.074882030487060547e+00
2.248066514730453491e-01
-1.257215857505798340e+00
3.514720201492309570e+00
2.152180433273315430e+00
2.532793283462524414e-01
3.684329748153686523e+00
1.899258255958557129e+00
1.184252262115478516e+00
1.661465167999267578e+00
1.199150919914245605e+00
-9.090785980224609375e-01
1.475451469421386719e+00
-6.214475035667419434e-01
-8.610076904296875000e-01
-2.100395441055297852e+00
-3.729000568389892578e+00
-2.038814783096313477e+00
-2.245211601257324219e+00
-1.479142665863037109e+00
-2.038465440273284912e-02
-2.377575784921646118e-01
-5.373244881629943848e-01
5.903835892677307129e-01
-3.042793869972229004e-01
-3.092489480972290039e+00
-2.014352381229400635e-02
2.639837503433227539e+00
-3.315281271934509277e-01
-9.258264303207397461e-01
-4.194922447204589844e-01
-1.340712785720825195e+00
-1.729786396026611328e+00
-4.725606739521026611e-02
1.236910343170166016e+00
1.871362775564193726e-01
3.978759050369262695e-01
-6.559125185012817383e-01
-5.989100933074951172e-01
4.611358046531677246e-03
9.302870035171508789e-01
1.738049268722534180e+00
1.522150754928588867e+00
1.006887674331665039e+00
3.475384950637817383e+00
-1.218754768371582031e+00
1.196949481964111328e+00
2.255139827728271484e+00
1.801697015762329102e+00
-8.467195034027099609e-01
4.158491611480712891e+00
1.373979806900024414e+00
-1.367316603660583496e+00
-6.562665104866027832e-01
-1.770208030939102173e-01
-1.087110042572021484e+00
-1.155715942382812500e+00
-1.377755284309387207e+00
-1.649652242660522461e+00
-4.653651118278503418e-01
6.038315892219543457e-01
-2.582492232322692871e-01
1.459717601537704468e-01
-3.696739435195922852e+00
-6.198637485504150391e-01
8.387939929962158203e-01
5.282558202743530273e-01
-5.127038955688476562e-01
-1.541891843080520630e-01
5.501857399940490723e-01
7.766838371753692627e-02
4.299371838569641113e-01
1.948341965675354004e+00
8.894049525260925293e-01
8.290742337703704834e-02
9.503356814384460449e-01
-5.828992724418640137e-01
-8.201761245727539062e-01
1.096880197525024414e+00
2.462051630020141602e+00
-1.725410699844360352e+00
-1.563017606735229492e+00
6.655501127243041992e-01
-3.582593202590942383e-01
-2.659253835678100586e+00
-8.730633556842803955e-02
1.087431073188781738e+00
-3.963338136672973633e-01
-5.491232872009277344e-01
5.393658280372619629e-01
2.431196451187133789e+00
8.092152476310729980e-01
1.711809873580932617e+00
-3.404641151428222656e-01
-5.909467935562133789e-01
-6.862555742263793945e-01
-1.600086688995361328e+00
4.952139854431152344e-01
1.548132419586181641e+00
4.975663185119628906e+00
3.822779178619384766e+00
3.676623344421386719e+00
4.141343593597412109e+00
-9.848582744598388672e-01
-1.168702125549316406e+00
3.590376377105712891e+00
1.232042551040649414e+00
8.465945720672607422e-01
4.792398452758789062e+00
2.586524248123168945e+00
3.573219537734985352e+00
2.686339139938354492e+00
-2.436576038599014282e-01
3.621342182159423828e-01
2.953782081604003906e-01
4.804699420928955078e-01
-3.842213153839111328e-01
3.221202611923217773e+00
3.108472347259521484e+00
1.842918157577514648e+00
-5.563352108001708984e-01
7.249526977539062500e-01
1.135223627090454102e+00
-1.929042339324951172e+00
3.344765424728393555e+00
2.021003723144531250e+00
3.017397880554199219e+00
2.520408391952514648e+00
1.584266126155853271e-02
3.637629508972167969e+00
2.667622566223144531e+00
6.303105354309082031e-01
6.524223089218139648e-01
1.183376312255859375e+00
2.595325231552124023e+00
-1.070959568023681641e+00
-7.187929153442382812e-01
-5.863019227981567383e-01
1.734985351562500000e+00
2.044352293014526367e+00
1.727005362510681152e+00
1.480522006750106812e-01
-2.782198667526245117e+00
8.153896331787109375e-01
-4.574540853500366211e-01
-3.253977060317993164e+00
9.835368394851684570e-01
-6.556293964385986328e-01
1.524705410003662109e+00
1.431860208511352539e+00
3.348452091217041016e+00
2.305130243301391602e+00
-4.695026874542236328e-01
-1.002116799354553223e+00
1.826360940933227539e+00
-3.228228688240051270e-01
-5.679491758346557617e-01
-1.759387999773025513e-01
1.164855718612670898e+00
1.651385426521301270e+00
-3.515356540679931641e+00
-1.095017313957214355e+00
-2.765647888183593750e+00
-2.316890239715576172e+00
-1.244651675224304199e+00
-1.081588864326477051e+00
-1.482852458953857422e+00
-3.409573316574096680e+00
1.887044757604598999e-01
2.679307222366333008e+00
4.176813125610351562e+00
-2.768844366073608398e-01
1.975352287292480469e+00
2.036394119262695312e+00
9.573945999145507812e-01
8.031807541847229004e-01
2.088085263967514038e-01
3.887603282928466797e-01
-7.823631763458251953e-01
-1.882541418075561523e+00
-2.666194200515747070e+00
-3.776119470596313477e+00
-7.982603311538696289e-01
-8.924068212509155273e-01
1.011978387832641602e+00
1.175714015960693359e+00
-1.584960371255874634e-01
4.596362113952636719e-01
3.749577403068542480e-01
1.884065717458724976e-01
1.639372587203979492e+00
8.296545147895812988e-01
3.814327120780944824e-01
9.662510752677917480e-01
5.058616399765014648e-01
-1.393987178802490234e+00
2.344012498855590820e+00
1.917582273483276367e+00
1.631930351257324219e+00
1.409672498703002930e+00
2.254758596420288086e+00
1.584059476852416992e+00
1.145535826683044434e+00
-1.805246621370315552e-01
1.046322286128997803e-02
1.217191070318222046e-01
1.038216710090637207e+00
1.754620790481567383e+00
2.228489637374877930e+00
1.752700448036193848e+00
1.662890791893005371e+00
-2.081819921731948853e-01
8.376806974411010742e-01
5.324271917343139648e-01
1.138716816902160645e+00
8.310788869857788086e-01
8.716682791709899902e-01
5.552117824554443359e-01
7.479870319366455078e-01
8.994747698307037354e-02
1.107148289680480957e+00
1.325514674186706543e+00
1.301077127456665039e+00
1.235497713088989258e+00
1.169413924217224121e+00
1.110287427902221680e+00
8.441116213798522949e-01
5.854520797729492188e-01
-9.617769718170166016e-01
6.200092434883117676e-01
-4.263054132461547852e-01
9.713492393493652344e-01
-4.808771610260009766e+00
-1.429225921630859375e+00
-1.265379905700683594e+00
-2.906826138496398926e-01
-3.102878332138061523e-01
6.752002835273742676e-01
1.133358329534530640e-01
-6.629942655563354492e-01
-5.426556468009948730e-01
8.633484840393066406e-01
-1.896686106920242310e-01
-9.490039348602294922e-01
-2.746099829673767090e-01
-9.078360795974731445e-01
2.219215393066406250e+00
-6.285974979400634766e-01
1.350244998931884766e+00
-1.548036813735961914e+00
1.056087970733642578e+00
-7.035331726074218750e-01
2.142984390258789062e+00
2.668083667755126953e+00
2.008973360061645508e+00
6.544116735458374023e-01
5.652054786682128906e+00
6.939223766326904297e+00
5.118886470794677734e+00
4.789468765258789062e+00
2.187447786331176758e+00
-2.240277826786041260e-02
-1.536790609359741211e+00
-4.786124229431152344e-01
2.978904485702514648e+00
1.605358719825744629e+00
2.882579326629638672e+00
1.852815598249435425e-01
2.202715128660202026e-01
4.339071512222290039e-01
1.139387369155883789e+00
2.028858512639999390e-01
1.154502987861633301e+00
-1.820839881896972656e+00
8.286578655242919922e-01
1.148228526115417480e+00
1.171557188034057617e+00
1.266298055648803711e+00
1.151122570037841797e+00
2.040902227163314819e-01
3.297574520111083984e-01
-4.520932435989379883e-01
-1.382932811975479126e-01
-2.957959175109863281e-01
-3.272414207458496094e-01
-3.355301916599273682e-02
2.125291228294372559e-01
-9.335166215896606445e-01
5.771847963333129883e-01
2.512278079986572266e+00
2.816812276840209961e+00
-1.253094434738159180e+00
-8.910663127899169922e-01
-3.075110912322998047e-01
4.515049457550048828e-01
3.819687366485595703e-01
2.666661977767944336e+00
-2.147427320480346680e+00
-1.708284497261047363e+00
1.916439384222030640e-01
-2.638580083847045898e+00
-1.991503000259399414e+00
-2.282792329788208008e+00
1.169914245605468750e+00
7.893292903900146484e-01
-1.552444577217102051e+00
-2.073844671249389648e+00
-1.924360513687133789e+00
-3.119076788425445557e-02
1.312107086181640625e+00
-8.628399372100830078e-01
1.869742721319198608e-01
1.535388231277465820e+00
1.233164787292480469e+00
2.834407567977905273e+00
5.307410955429077148e-01
-1.287492513656616211e+00
4.136646986007690430e-01
-2.661932229995727539e+00
-2.541048526763916016e-01
-1.939033418893814087e-01
1.232395648956298828e+00
-1.710750937461853027e+00
-1.107421398162841797e+00
2.351316064596176147e-01
-5.791510343551635742e-01
-3.716300964355468750e+00
-2.258283853530883789e+00
2.260426521301269531e+00
3.078493356704711914e+00
5.041282653808593750e+00
1.313453078269958496e+00
-2.555513381958007812e-01
1.112594246864318848e+00
-1.477957010269165039e+00
3.126671314239501953e-01
8.786199986934661865e-02
-1.713336944580078125e+00
-3.829043626785278320e+00
-2.973703145980834961e+00
2.513125419616699219e+00
2.886312484741210938e+00
1.778629302978515625e+00
5.712509751319885254e-01
4.914493560791015625e-01
-5.782832205295562744e-02
5.572717189788818359e-01
2.314503431320190430e+00
1.417316317558288574e+00
2.850806713104248047e-01
-1.545886874198913574e+00
-1.279880285263061523e+00
4.975055158138275146e-02
1.905949592590332031e+00
3.313332557678222656e+00
-4.674222469329833984e-01
2.570868015289306641e+00
2.619222402572631836e+00
1.319028496742248535e+00
2.309093326330184937e-01
-5.014513015747070312e+00
-1.232501983642578125e+00
7.337536811828613281e-01
1.502185344696044922e+00
-9.596586227416992188e-01
-3.569240331649780273e+00
-3.332711696624755859e+00
9.940388202667236328e-01
-1.035197734832763672e+00
-3.542255401611328125e+00
-1.913320302963256836e+00
1.274097561836242676e+00
2.842805862426757812e+00
3.501397371292114258e+00
5.208736419677734375e+00
1.617279529571533203e+00
2.513445854187011719e+00
1.398530006408691406e+00
3.081007242202758789e+00
3.091461896896362305e+00
1.183464378118515015e-01
3.834900856018066406e-01
4.074351787567138672e-01
4.494652152061462402e-03
1.027272701263427734e+00
3.436705827713012695e+00
3.559885263442993164e+00
-9.606056213378906250e-01
4.765667915344238281e+00
1.475128978490829468e-01
5.001404285430908203e-01
5.662432909011840820e-01
-4.551491737365722656e-01
2.374294847249984741e-01
-6.773431301116943359e-01
3.757536411285400391e-01
9.023619890213012695e-01
-8.659960329532623291e-02
3.869406461715698242e+00
1.530402302742004395e+00
2.064852952957153320e+00
1.244345903396606445e+00
1.967725992202758789e+00
2.046374559402465820e+00
1.406926393508911133e+00
2.164304494857788086e+00
4.327713489532470703e+00
-1.070457845926284790e-01
2.820585012435913086e+00
3.670438528060913086e+00
3.811186790466308594e+00
2.689468622207641602e+00
2.754104852676391602e+00
5.192052364349365234e+00
4.539878368377685547e+00
1.575263023376464844e+00
1.564141750335693359e+00
1.311471939086914062e+00
2.363007545471191406e+00
2.752445697784423828e+00
3.117113351821899414e+00
1.898055553436279297e+00
1.615435838699340820e+00
1.615572094917297363e+00
3.464446544647216797e+00
2.392922163009643555e+00
1.999826312065124512e+00
2.869762897491455078e+00
4.831861972808837891e+00
4.473328113555908203e+00
3.927489042282104492e+00
4.780508041381835938e+00
3.575478076934814453e+00
-7.895153164863586426e-01
-1.589202642440795898e+00
1.143226623535156250e+00
-8.621548414230346680e-01
-1.444968819618225098e+00
2.643936872482299805e+00
-8.125515282154083252e-02
-1.767059117555618286e-01
-2.637233138084411621e-01
-2.234630137681961060e-01
-2.100132256746292114e-01
-2.025182396173477173e-01
-2.313815504312515259e-01
2.921787977218627930e+00
-6.187081336975097656e-01
1.931224226951599121e+00
-1.207014560699462891e+00
-1.870026141405105591e-01
9.284973144531250000e-01
-1.603514671325683594e+00
-1.513639688491821289e+00
-1.650273799896240234e+00
-3.384405374526977539e+00
-3.361959934234619141e+00
-2.464263200759887695e+00
2.858138084411621094e+00
3.595988750457763672e+00
-2.575312376022338867e+00
-2.005989789962768555e+00
-2.177530527114868164e+00
-2.865383625030517578e-01
2.862907052040100098e-01
-6.024813055992126465e-01
-3.750529289245605469e-01
-1.866604804992675781e+00
5.209653377532958984e-01
-4.695724487304687500e+00
9.279845952987670898e-01
-8.567209243774414062e-01
-5.349420309066772461e-01
1.790163516998291016e+00
6.454943120479583740e-02
6.530010700225830078e-01
2.070634067058563232e-02
-9.907579421997070312e-01
-3.920400381088256836e+00
-3.535617113113403320e+00
-3.173631906509399414e+00
-2.054488182067871094e+00
-1.916631698608398438e+00
-1.862096548080444336e+00
-3.178799390792846680e+00
-1.325782060623168945e+00
-5.356439352035522461e-01
-1.313420414924621582e+00
-9.889357089996337891e-01
9.047670960426330566e-01
2.336093664169311523e+00
1.726600408554077148e+00
9.420209527015686035e-01
4.689676761627197266e-01
8.784030377864837646e-02
2.273115962743759155e-01
2.734743595123291016e+00
1.705548644065856934e+00
1.572075247764587402e+00
2.347332239151000977e+00
-1.893894821405410767e-01
-5.207982659339904785e-01
-2.085593700408935547e+00
-2.973845243453979492e+00
-2.199062108993530273e+00
-1.975716650485992432e-02
8.766100406646728516e-01
-3.198150396347045898e-01
-7.431673407554626465e-01
-2.043148994445800781e+00
-8.910064697265625000e-01
6.144522428512573242e-01
1.618265867233276367e+00
2.514801740646362305e+00
-1.645990848541259766e+00
-2.156373411417007446e-01
8.661972284317016602e-01
-5.394010543823242188e-01
6.977933645248413086e-01
1.997807979583740234e+00
2.018012285232543945e+00
2.948503255844116211e+00
-1.624025344848632812e+00
3.888118267059326172e+00
8.551088571548461914e-01
-9.626939296722412109e-01
1.589344739913940430e+00
2.319835186004638672e+00
1.466599702835083008e+00
1.919678896665573120e-01
1.402260422706604004e+00
1.539047241210937500e+00
8.038012981414794922e-01
-1.375474214553833008e+00
-2.140666961669921875e+00
-7.908983230590820312e-01
-5.508245229721069336e-01
8.520560860633850098e-01
3.463799238204956055e+00
-1.840774297714233398e+00
-6.087384819984436035e-01
8.613926172256469727e-01
-6.330652236938476562e-01
6.656624078750610352e-01
7.521114349365234375e-01
3.115822792053222656e+00
-6.050050854682922363e-01
5.029773712158203125e-01
1.692980289459228516e+00
3.234625101089477539e+00
4.455625057220458984e+00
3.812496900558471680e+00
1.756804585456848145e+00
1.038110852241516113e+00
-1.871948957443237305e+00
-3.784739732742309570e+00
-3.331645250320434570e+00
-1.902616262435913086e+00
-1.417915105819702148e+00
8.899908065795898438e-01
5.157955884933471680e-01
8.816899061203002930e-01
-6.124706268310546875e-01
-5.202288925647735596e-02
-7.038056254386901855e-01
-2.783623933792114258e-01
-1.314503669738769531e+00
-4.073347568511962891e+00
4.658173024654388428e-02
-1.611811637878417969e+00
-2.510397672653198242e+00
-2.089852839708328247e-01
-2.612767696380615234e+00
-2.234834909439086914e+00
-4.727970361709594727e-01
-1.125581264495849609e+00
-8.804711103439331055e-01
1.391562700271606445e+00
-1.957938909530639648e+00
-2.654019832611083984e+00
-2.604216337203979492e-01
-9.626481533050537109e-01
6.585561037063598633e-01
-1.291963100433349609e+00
9.386268854141235352e-01
8.378177285194396973e-01
4.082465171813964844e-01
-1.318902015686035156e+00
-9.846432209014892578e-01
-1.095016121864318848e+00
2.818796634674072266e+00
4.384020805358886719e+00
4.189559817314147949e-01
3.059359788894653320e+00
4.216435432434082031e+00
2.997822999954223633e+00
-2.332141548395156860e-01
-1.706932544708251953e+00
-1.454750061035156250e+00
1.862493991851806641e+00
5.207271575927734375e-01
6.295441389083862305e-01
1.822164416313171387e+00
1.178307414054870605e+00
2.541828870773315430e+00
3.055325746536254883e+00
1.552166938781738281e+00
1.129788011312484741e-01
1.533391952514648438e+00
8.714542388916015625e-01
-3.478354215621948242e-01
1.532530635595321655e-01
5.715882778167724609e-01
-4.884048104286193848e-01
1.774336218833923340e+00
-1.448142766952514648e+00
5.754584670066833496e-01
1.890883922576904297e+00
1.483796596527099609e+00
-1.076068401336669922e+00
-5.822654962539672852e-01
-7.412792444229125977e-01
-3.199357986450195312e-01
3.000925779342651367e+00
2.230945825576782227e+00
3.899317979812622070e+00
3.219357728958129883e+00
3.819109678268432617e+00
-1.517578125000000000e+00
-1.498137593269348145e+00
7.215765714645385742e-01
1.497863531112670898e+00
2.764473855495452881e-02
3.919147253036499023e-01
2.766928434371948242e+00
1.915316104888916016e+00
-5.429341197013854980e-01
-1.081664562225341797e+00
7.436507940292358398e-01
-2.443335771560668945e+00
-1.485951304435729980e+00
-1.034537076950073242e+00
-2.826422691345214844e+00
3.791184425354003906e-01
4.828429222106933594e-01
1.563857048749923706e-01
-5.051708221435546875e-01
3.851574063301086426e-01
8.069633841514587402e-01
3.114212155342102051e-01
-3.061949014663696289e-01
-8.616547584533691406e-01
-7.103261947631835938e-01
-1.148033618927001953e+00
1.366600275039672852e+00
-1.348788261413574219e+00
9.810089468955993652e-01
-1.870601892471313477e+00
6.371042728424072266e-01
-8.728903532028198242e-01
-2.224341154098510742e+00
-8.391983509063720703e-01
1.399823904037475586e+00
1.973934412002563477e+00
-2.636743307113647461e+00
-2.172932386398315430e+00
-2.357148408889770508e+00
-2.085977345705032349e-01
-1.808618307113647461e+00
-6.152285635471343994e-02
1.585734933614730835e-01
5.802497863769531250e-01
-1.850265979766845703e+00
-1.104795932769775391e+00
-8.065720796585083008e-01
-1.081674575805664062e+00
-9.782800674438476562e-01
-2.161454111337661743e-01
-1.059548854827880859e+00
4.123530983924865723e-01
-1.380799174308776855e+00
-1.034436374902725220e-01
2.392918914556503296e-01
-2.761454582214355469e+00
-2.086729764938354492e+00
-2.544844865798950195e+00
-2.711908340454101562e+00
-2.395191431045532227e+00
-5.416438579559326172e-01
-3.666415214538574219e-01
-6.709381580352783203e+00
-6.647927284240722656e+00
-6.363510131835937500e+00
-4.326778411865234375e+00
-5.063123226165771484e+00
-4.944035053253173828e+00
1.921194791793823242e+00
-2.392719984054565430e+00
-4.857586622238159180e-01
-1.088242053985595703e+00
1.201218366622924805e+00
1.324079990386962891e+00
1.889632821083068848e+00
1.718156456947326660e+00
1.324322223663330078e+00
1.156563401222229004e+00
3.774237036705017090e-01
7.780497074127197266e-01
-3.136361837387084961e+00
7.307509422302246094e+00
5.725948333740234375e+00
2.645731925964355469e+00
2.717756032943725586e+00
2.170109599828720093e-01
8.141194581985473633e-01
7.776557207107543945e-01
-5.193531513214111328e-01
-2.162882566452026367e+00
-3.882258653640747070e+00
-5.605722665786743164e-01
1.152867197990417480e+00
-6.275830268859863281e-01
-2.078742504119873047e+00
-5.639460086822509766e-01
1.754969358444213867e+00
5.209027767181396484e+00
4.617545127868652344e+00
1.252973556518554688e+00
1.334591388702392578e+00
-1.588357448577880859e+00
1.190413951873779297e+00
5.185456275939941406e-01
1.554814577102661133e+00
1.892269611358642578e+00
8.642913699150085449e-01
7.266938686370849609e-01
-2.218972593545913696e-01
2.568997859954833984e+00
1.492202997207641602e+00
4.015503406524658203e+00
3.637457132339477539e+00
2.238363504409790039e+00
8.067630529403686523e-01
1.099065184593200684e+00
2.249328851699829102e+00
2.746932983398437500e+00
2.812347650527954102e+00
3.006337881088256836e+00
2.102979660034179688e+00
1.416086077690124512e+00
1.541574001312255859e+00
1.291517257690429688e+00
1.872771263122558594e+00
1.645047903060913086e+00
1.497358083724975586e+00
1.260563015937805176e+00
9.197300672531127930e-01
6.101740598678588867e-01
2.541863918304443359e-01
2.726752281188964844e+00
1.373401522636413574e+00
1.287974238395690918e+00
1.214352965354919434e+00
1.517785906791687012e+00
6.978540420532226562e-01
1.338994503021240234e+00
1.117539167404174805e+00
1.429733514785766602e+00
1.426772236824035645e+00
7.653185129165649414e-01
1.023185491561889648e+00
5.588763952255249023e-01
-5.507369339466094971e-02
-5.598892569541931152e-01
-2.188962250947952271e-01
3.352560997009277344e-01
-7.155071496963500977e-01
-2.165719747543334961e+00
2.019868791103363037e-02
1.390406250953674316e+00
3.891860246658325195e+00
3.518760204315185547e+00
5.754603385925292969e+00
1.876708984375000000e+00
-5.189086198806762695e-01
6.387951970100402832e-01
7.823983430862426758e-01
7.738457620143890381e-02
-1.677742481231689453e+00
-3.245586156845092773e+00
-3.397371292114257812e+00
8.397227525711059570e-01
6.554387807846069336e-01
-1.001044392585754395e+00
4.517784118652343750e-01
2.389560461044311523e+00
1.106322169303894043e+00
1.362779259681701660e+00
5.120966434478759766e-01
3.156019449234008789e+00
5.364459037780761719e+00
5.500066280364990234e-01
-1.544319540262222290e-01
-2.110444456338882446e-01
2.654523849487304688e-01
-1.129308700561523438e+00
-6.134248971939086914e-01
1.846836507320404053e-02
2.741888761520385742e+00
-6.316915154457092285e-03
5.902967453002929688e-01
-1.830324083566665649e-01
8.666030764579772949e-01
-7.305189371109008789e-01
-4.744544029235839844e+00
2.407536268234252930e+00
1.150089621543884277e+00
-8.528027534484863281e-01
-7.792580127716064453e-01
2.932415902614593506e-02
1.422747850418090820e+00
1.386841773986816406e+00
-1.474939703941345215e+00
4.390433788299560547e+00
1.471046447753906250e+00
1.237279772758483887e+00
5.814482569694519043e-01
1.308196634054183960e-01
9.141225814819335938e-01
-7.582463622093200684e-01
-6.738417148590087891e-01
-2.539128303527832031e+00
-3.163571119308471680e+00
-1.029768139123916626e-01
1.657004207372665405e-01
1.529710292816162109e+00
-1.251179218292236328e+00
-2.950122833251953125e+00
1.198107242584228516e+00
1.946791410446166992e+00
2.350892871618270874e-01
-3.087409138679504395e-01
-1.581420004367828369e-02
2.863503694534301758e-01
2.929252386093139648e-01
2.800253033638000488e-01
-5.204875767230987549e-02
-2.072932273149490356e-01
-1.332190036773681641e+00
1.299856156110763550e-01
-1.644492387771606445e+00
-4.660444259643554688e-01
8.292935788631439209e-02
4.886637926101684570e-01
1.779401898384094238e+00
7.765531539916992188e-01
-3.712014555931091309e-01
-1.385050773620605469e+00
7.565207481384277344e-01
-1.548554658889770508e+00
-3.412680149078369141e+00
-1.151982903480529785e+00
-5.084734439849853516e+00
1.063835263252258301e+00
3.779134273529052734e+00
1.344478130340576172e+00
1.324612855911254883e+00
1.066854476928710938e+00
-6.460710763931274414e-01
1.788752317428588867e+00
1.414968490600585938e+00
5.120853185653686523e-01
-6.758047640323638916e-02
-3.222987413406372070e+00
-3.662616968154907227e+00
-7.593120634555816650e-02
2.913825511932373047e-01
2.488346815109252930e+00
2.274814367294311523e+00
3.806029796600341797e+00
3.616292953491210938e+00
2.072503328323364258e+00
2.147235393524169922e+00
1.342823982238769531e+00
5.134372711181640625e-01
-2.452025890350341797e+00
6.149266242980957031e+00
1.799354076385498047e+00
-2.214557409286499023e+00
-3.087334394454956055e+00
-1.873843908309936523e+00
3.297196328639984131e-02
2.675569295883178711e+00
1.746360421180725098e+00
2.145571708679199219e+00
2.371640920639038086e+00
3.179807662963867188e-01
-1.410405039787292480e+00
2.248433828353881836e+00
9.591936469078063965e-01
-1.323293089866638184e+00
-2.751660823822021484e+00
-3.966655731201171875e-01
1.760415434837341309e+00
-2.813903331756591797e+00
1.125020503997802734e+00
5.191667079925537109e-01
2.371020078659057617e+00
2.097189903259277344e+00
2.849453091621398926e-01
4.272328615188598633e-01
-1.589791059494018555e+00
-2.028966188430786133e+00
-3.491251468658447266e-01
-7.911951541900634766e-01
2.179039567708969116e-01
3.255825042724609375e-01
1.090470075607299805e+00
1.240600585937500000e+00
-1.091839373111724854e-02
-5.475976467132568359e-01
-7.672203779220581055e-01
-3.011765480041503906e+00
6.394575834274291992e-01
1.047967672348022461e+00
4.048082828521728516e-01
5.847990512847900391e-01
2.731967926025390625e+00
1.023512363433837891e+00
-4.537335395812988281e+00
6.130381822586059570e-01
2.989951372146606445e+00
-8.691442012786865234e-01
-3.390590548515319824e-01
-1.340734958648681641e+00
-1.515766620635986328e+00
-4.184966087341308594e-01
-7.812516689300537109e-01
-2.088668346405029297e+00
2.833853662014007568e-02
1.504330515861511230e+00
-6.055876612663269043e-01
6.592406034469604492e-01
-7.869840860366821289e-01
-2.777922153472900391e-01
5.740253925323486328e-01
2.296838998794555664e+00
-1.643894791603088379e+00
-1.269754171371459961e+00
2.542751431465148926e-01
-3.823865950107574463e-02
-6.368677616119384766e-01
-1.152370452880859375e+00
-1.780716300010681152e+00
-3.385832905769348145e-01
6.301186084747314453e-01
2.844658136367797852e+00
3.207100152969360352e+00
2.369376420974731445e+00
-1.382345199584960938e+00
-5.829854011535644531e-01
3.090187788009643555e+00
5.572435379028320312e+00
3.896521031856536865e-02
-1.651927232742309570e+00
4.254108667373657227e-01
-1.729971170425415039e+00
-1.836855560541152954e-01
4.120993614196777344e+00
2.610553026199340820e+00
-2.004399895668029785e-03
1.262150287628173828e+00
1.183739423751831055e+00
1.861253261566162109e+00
2.243110179901123047e+00
-1.761523723602294922e+00
-3.108735322952270508e+00
-8.079000711441040039e-01
1.274179458618164062e+00
8.651565015316009521e-02
-6.254040598869323730e-01
-2.881807565689086914e+00
-3.407574892044067383e+00
-1.943710088729858398e+00
9.017222523689270020e-01
-6.727537512779235840e-01
-2.553879022598266602e+00
-2.319142103195190430e+00
1.657168626785278320e+00
4.140196800231933594e+00
2.113726139068603516e+00
1.603352785110473633e+00
-1.966398239135742188e+00
-1.874764442443847656e+00
-1.210198521614074707e+00
-2.463768273591995239e-01
5.940284729003906250e-01
1.292533725500106812e-01
-1.894486695528030396e-01
-1.205077409744262695e+00
3.452485799789428711e-01
-3.375383138656616211e+00
5.232487618923187256e-02
5.184051394462585449e-01
1.873818397521972656e+00
-1.190229177474975586e+00
-6.201398372650146484e-01
1.705239713191986084e-02
-5.217767715454101562e+00
-1.374725937843322754e+00
-1.354446172714233398e+00
-2.049551725387573242e+00
2.926409006118774414e+00
2.101237624883651733e-01
3.048880100250244141e-01
6.147003173828125000e-01
-1.044839143753051758e+00
8.273515701293945312e-01
-1.058143377304077148e+00
2.798079013824462891e+00
1.552078247070312500e+00
2.463308572769165039e+00
3.956726789474487305e-01
4.481290280818939209e-02
8.217957019805908203e-01
-2.211383819580078125e+00
3.875497817993164062e+00
1.519036740064620972e-01
-5.953509211540222168e-01
2.049008131027221680e+00
2.868942260742187500e+00
1.668121576309204102e+00
1.381715059280395508e+00
7.005119919776916504e-01
-2.819464206695556641e+00
-1.017166674137115479e-02
-4.996109962463378906e+00
3.257486820220947266e+00
2.392169713973999023e+00
8.523197174072265625e-01
2.213067859411239624e-01
2.704745054244995117e+00
1.801218032836914062e+00
5.338262319564819336e-01
-3.205631017684936523e+00
-1.097247749567031860e-01
3.052427530288696289e+00
1.812565922737121582e+00
1.354150295257568359e+00
1.968922853469848633e+00
1.800613880157470703e+00
2.370064973831176758e+00
2.083564281463623047e+00
4.546865224838256836e-01
-2.562357485294342041e-02
3.077765941619873047e+00
1.419829368591308594e+00
1.183665752410888672e+00
2.018928527832031250e+00
3.948607444763183594e+00
-2.075216770172119141e+00
-2.390724897384643555e+00
2.297139763832092285e-01
4.857360720634460449e-01
4.798564910888671875e+00
2.637559652328491211e+00
1.619738459587097168e+00
1.317488670349121094e+00
1.191805839538574219e+00
3.128090143203735352e+00
1.064477443695068359e+00
-3.704562187194824219e-01
-2.433586269617080688e-01
-3.976320028305053711e-01
2.505312681198120117e+00
1.411898493766784668e+00
1.991339683532714844e+00
-2.955446243286132812e+00
2.277470588684082031e+00
2.886647939682006836e+00
4.228590726852416992e-01
4.764203429222106934e-01
8.447751402854919434e-01
8.076764345169067383e-01
2.601157128810882568e-02
-6.149275898933410645e-01
1.149746030569076538e-01
2.907734632492065430e+00
1.575221180915832520e+00
3.861823081970214844e-01
1.562726736068725586e+00
2.122451066970825195e+00
1.640991449356079102e+00
1.434491395950317383e+00
7.928775250911712646e-02
-1.943397074937820435e-01
1.190793275833129883e+00
1.034235596656799316e+00
1.383189201354980469e+00
1.231452703475952148e+00
-1.761363387107849121e+00
-3.491610884666442871e-01
-8.742029666900634766e-01
-1.703773975372314453e+00
-4.694040119647979736e-02
2.226915597915649414e+00
-2.520006299018859863e-01
-2.911925315856933594e-01
1.164228767156600952e-01
1.909793734550476074e+00
3.603570461273193359e-01
5.106747150421142578e-01
1.878001570701599121e+00
3.419950723648071289e+00
3.276465177536010742e+00
1.126609325408935547e+00
3.773443460464477539e+00
2.962662220001220703e+00
1.313709974288940430e+00
3.405474424362182617e-01
-1.756835222244262695e+00
1.946292161941528320e+00
1.131198883056640625e+00
-7.884508371353149414e-01
-2.067587614059448242e+00
-5.117262899875640869e-02
6.196355819702148438e-01
2.347606897354125977e+00
1.658890008926391602e+00
6.602119803428649902e-01
8.667908906936645508e-01
-9.446023702621459961e-01
3.557037115097045898e-01
2.001469135284423828e+00
-1.487316370010375977e+00
1.280279159545898438e+00
1.455068826675415039e+00
-4.204924106597900391e-01
1.971303462982177734e+00
-9.215872287750244141e-01
1.714950650930404663e-01
-1.733126282691955566e+00
-1.784794092178344727e+00
-1.608565002679824829e-01
4.480153918266296387e-01
-2.678574562072753906e+00
-1.381121039390563965e+00
-2.152637958526611328e+00
-5.530267953872680664e-04
-2.773339271545410156e+00
1.303841829299926758e+00
-1.264698863029479980e+00
-1.322145104408264160e+00
1.997861713171005249e-01
7.249077796936035156e+00
2.747188329696655273e+00
9.797573089599609375e-01
2.900004386901855469e+00
-1.402518630027770996e+00
-1.361519336700439453e+00
-1.090757608413696289e+00
2.433984041213989258e+00
1.245753765106201172e+00
3.901154994964599609e-01
2.322275161743164062e+00
3.301311016082763672e+00
2.639347791671752930e+00
-1.772964149713516235e-01
1.150924324989318848e+00
2.831847667694091797e-01
-6.328761577606201172e-01
-1.052372455596923828e+00
8.513925075531005859e-01
8.600832223892211914e-01
-1.187749028205871582e+00
-2.179452419281005859e+00
1.860073089599609375e+00
4.296177387237548828e+00
3.836397409439086914e+00
1.402613759040832520e+00
7.821540534496307373e-02
-2.869557738304138184e-01
1.585018992424011230e+00
-2.189247846603393555e+00
-1.155226707458496094e+00
4.928771257400512695e-01
1.643012285232543945e+00
-5.737804770469665527e-01
-2.160067558288574219e+00
-1.117672920227050781e+00
1.069020748138427734e+00
4.785141944885253906e-01
3.508779406547546387e-01
1.304439783096313477e+00
2.868786454200744629e-03
8.514819145202636719e-01
2.173897504806518555e+00
-1.076853990554809570e+00
-1.384803056716918945e+00
2.051804065704345703e+00
3.714068174362182617e+00
3.166628599166870117e+00
1.155997961759567261e-01
-1.340743303298950195e+00
-1.115489125251770020e+00
-2.088873863220214844e+00
-3.171939611434936523e+00
-1.340819954872131348e+00
2.281803369522094727e+00
9.214665889739990234e-01
-2.408857107162475586e+00
1.300912380218505859e+00
1.858895778656005859e+00
1.912551522254943848e+00
1.626918792724609375e+00
1.538931846618652344e+00
1.360138297080993652e+00
-2.933146059513092041e-02
6.412349641323089600e-02
4.314050078392028809e-01
2.128834009170532227e+00
2.182559013366699219e+00
1.416231393814086914e+00
2.342033386230468750e+00
2.634344339370727539e+00
-7.775236368179321289e-01
-2.428844124078750610e-01
-1.214062690734863281e+00
-1.471427202224731445e+00
-8.452723026275634766e-01
-1.073065996170043945e+00
-2.124873876571655273e+00
5.616067647933959961e-01
2.163763284683227539e+00
-1.621165871620178223e+00
3.072158813476562500e+00
-1.741820335388183594e+00
2.912999987602233887e-01
1.629556536674499512e+00
9.704158306121826172e-01
3.367018699645996094e-01
-8.796008825302124023e-01
1.369020462036132812e+00
-2.314956337213516235e-01
1.474475741386413574e+00
2.089272737503051758e+00
-9.949299097061157227e-01
3.249587059020996094e+00
2.746203184127807617e+00
2.209840059280395508e+00
1.233799308538436890e-01
-1.153095960617065430e+00
-3.693791151046752930e+00
1.737755775451660156e+00
-1.433227300643920898e+00
-6.979599595069885254e-03
1.213680207729339600e-02
2.189582586288452148e+00
-1.648057699203491211e+00
-2.162950038909912109e+00
-2.834174394607543945e+00
-4.943784713745117188e+00
-2.209310680627822876e-01
-3.811062097549438477e+00
-2.755864143371582031e+00
2.006699085235595703e+00
1.796509504318237305e+00
2.732090473175048828e+00
5.973216891288757324e-01
-9.991375207901000977e-01
-9.490088224411010742e-01
1.608645677566528320e+00
2.174572229385375977e+00
8.602823019027709961e-01
7.275105714797973633e-01
2.630239129066467285e-01
-3.975816011428833008e+00
8.841074705123901367e-01
1.370394229888916016e+00
6.351612508296966553e-02
-1.569389820098876953e+00
-2.132079362869262695e+00
-5.590084791183471680e-01
6.749057173728942871e-01
1.184957623481750488e+00
-1.477087259292602539e+00
-2.698007822036743164e+00
-1.724081635475158691e+00
-6.284569501876831055e-01
-1.548006057739257812e+00
8.434560298919677734e-01
-4.833669960498809814e-02
-1.051183938980102539e+00
-1.288125663995742798e-01
6.696143746376037598e-01
1.229767203330993652e+00
-2.491219758987426758e+00
-1.119658827781677246e+00
-1.164957404136657715e+00
-1.824897766113281250e+00
-9.970982074737548828e-01
8.110847473144531250e-01
-6.689973473548889160e-01
1.067250728607177734e+00
1.900294870138168335e-01
2.355366468429565430e+00
-1.105135917663574219e+00
1.151068061590194702e-01
9.309082031250000000e-01
2.356409072875976562e+00
4.132074356079101562e+00
-6.217221021652221680e-01
-7.427532672882080078e-01
-6.691779494285583496e-01
2.143648147583007812e+00
-1.328117609024047852e+00
-6.086616516113281250e-01
-4.841618061065673828e+00
-2.031252145767211914e+00
-1.702055931091308594e+00
1.423274636268615723e+00
5.057637691497802734e-01
2.678854942321777344e+00
4.679932594299316406e+00
3.469984531402587891e-01
1.161575913429260254e+00
6.618798375129699707e-01
-2.251322269439697266e+00
-1.710670948028564453e+00
-5.197227001190185547e-01
-3.523182153701782227e+00
1.978837102651596069e-01
1.280909299850463867e+00
3.123137950897216797e-01
4.285836219787597656e-01
-3.179810762405395508e+00
-2.312230110168457031e+00
1.751780152320861816e+00
3.767569303512573242e+00
3.327032327651977539e+00
1.625774800777435303e-02
7.582008242607116699e-01
2.903331518173217773e+00
7.765492200851440430e-01
-5.436212539672851562e+00
5.133218765258789062e-01
4.398078918457031250e-01
3.647335052490234375e+00
-5.642975866794586182e-02
4.732766151428222656e-01
-1.042442470788955688e-01
1.362505674362182617e+00
2.403518438339233398e+00
3.411819934844970703e-01
3.199629783630371094e-01
2.690590143203735352e+00
1.603646993637084961e+00
5.842145681381225586e-01
-1.819422006607055664e+00
1.098357081413269043e+00
1.324221968650817871e+00
2.480835437774658203e+00
5.125112533569335938e-01
1.923356294631958008e+00
2.750167131423950195e+00
3.125959396362304688e+00
-1.216240882873535156e+00
8.670732975006103516e-01
1.489896893501281738e+00
1.952916145324707031e+00
-1.351686477661132812e+00
1.307968616485595703e+00
-5.222226679325103760e-02
1.600327014923095703e+00
4.340453147888183594e-01
-9.436368942260742188e-01
4.857518672943115234e-01
-7.979575395584106445e-01
2.178227901458740234e+00
-7.477439641952514648e-01
2.260186523199081421e-01
4.323707818984985352e-01
-4.729987680912017822e-02
-1.673088222742080688e-01
2.058172702789306641e+00
-1.044017434120178223e+00
1.213114023208618164e+00
4.242934226989746094e+00
1.336224079132080078e+00
7.232612371444702148e-01
-1.352523803710937500e+00
2.793902158737182617e+00
3.657091856002807617e+00
4.451482772827148438e+00
1.056988477706909180e+00
2.293489694595336914e+00
3.756923675537109375e-01
-2.501238107681274414e+00
2.844331264495849609e-01
1.282996535301208496e+00
-1.731567502021789551e+00
-1.179002642631530762e+00
-1.039052486419677734e+00
-8.338928222656250000e-01
1.236569643020629883e+00
1.199023365974426270e+00
-1.401445388793945312e+00
2.260253906250000000e+00
-7.229387164115905762e-01
-1.007100462913513184e+00
-5.285873413085937500e-01
-5.377942323684692383e-01
-9.474493265151977539e-01
1.896449804306030273e+00
3.231045961380004883e+00
-2.092789560556411743e-01
1.205050826072692871e+00
4.470909833908081055e-01
8.296674489974975586e-01
1.235687255859375000e+00
2.243144363164901733e-01
1.386486530303955078e+00
-4.156992435455322266e-01
-1.808960199356079102e+00
-4.338441848754882812e+00
-1.807808637619018555e+00
-2.181603431701660156e+00
-5.733950138092041016e-01
4.311833381652832031e-01
3.410149812698364258e-01
6.053466796875000000e-01
1.578755617141723633e+00
2.099679708480834961e+00
1.451967477798461914e+00
2.381427049636840820e+00
-8.164033889770507812e-01
7.392241954803466797e-01
1.094022512435913086e+00
9.570212364196777344e-01
1.671924829483032227e+00
1.932882070541381836e+00
1.789077758789062500e+00
