1.169737935066223145e+00
1.850017070770263672e+00
1.511387109756469727e+00
-1.999162435531616211e-01
-2.813276052474975586e+00
-1.309095263481140137e+00
-1.105119228363037109e+00
-1.425624489784240723e+00
-1.815245270729064941e+00
-1.113227963447570801e+00
-1.028183817863464355e+00
3.936222791671752930e-01
8.086637854576110840e-01
-2.766823396086692810e-02
5.866745710372924805e-01
5.245960354804992676e-01
1.713986515998840332e+00
1.064827919006347656e+00
2.996522784233093262e-01
7.061240673065185547e-01
-6.026495695114135742e-01
7.451524734497070312e-01
7.007488608360290527e-01
5.566279888153076172e-01
4.892341792583465576e-01
3.829658031463623047e-01
2.367607951164245605e-01
1.240410357713699341e-01
4.234849289059638977e-02
-1.112310528755187988e+00
9.244804978370666504e-01
-7.532758116722106934e-01
7.764635682106018066e-01
-6.042647361755371094e-01
-6.157036423683166504e-01
-1.770161032676696777e+00
-7.775149345397949219e-01
-9.980056285858154297e-01
1.066585659980773926e+00
-1.542478203773498535e+00
8.361274600028991699e-01
-7.312107682228088379e-01
2.304405421018600464e-01
-6.893067359924316406e-01
-2.471121847629547119e-01
-5.668514966964721680e-01
-4.254513978958129883e-01
-5.362765192985534668e-01
-5.174109339714050293e-01
-5.831391811370849609e-01
-6.475237607955932617e-01
-7.864828109741210938e-01
-9.053459167480468750e-01
-8.231048583984375000e-01
-8.501936197280883789e-01
-8.531196117401123047e-01
-8.838084936141967773e-01
-9.092199802398681641e-01
-9.353710412979125977e-01
-9.495820999145507812e-01
-9.614720344543457031e-01
-9.724279046058654785e-01
-9.860721826553344727e-01
-1.010038971900939941e+00
-1.044625997543334961e+00
-1.098999619483947754e+00
3.199236392974853516e-01
2.752980232238769531e+00
1.215102672576904297e+00
-2.711945533752441406e+00
-1.071242451667785645e+00
-2.763543725013732910e-01
-8.554168343544006348e-01
-1.309832811355590820e+00
-2.165243029594421387e-01
2.283819913864135742e+00
1.461104899644851685e-01
-1.666808962821960449e+00
2.802948951721191406e+00
1.472967505455017090e+00
8.806847929954528809e-01
1.015758514404296875e-01
1.054173707962036133e-01
1.881313621997833252e-01
1.488217830657958984e+00
2.020170092582702637e-01
5.632215738296508789e-01
-2.169913500547409058e-01
-2.176737785339355469e+00
-2.622882366180419922e+00
-1.622775673866271973e+00
-1.108319401741027832e+00
-2.260017395019531250e-01
9.432029724121093750e-02
-4.847740754485130310e-02
-9.933990240097045898e-02
-1.084327325224876404e-02
9.113117456436157227e-01
-6.450245976448059082e-01
-7.448554039001464844e-01
-8.564394712448120117e-02
-7.767369151115417480e-01
2.033373713493347168e-01
1.055627107620239258e+00
2.262740433216094971e-01
-1.968212008476257324e+00
-1.489162206649780273e+00
-4.782388806343078613e-01
-7.141153812408447266e-01
6.591445207595825195e-02
-1.043485879898071289e+00
-1.012537121772766113e+00
-1.080565094947814941e+00
-9.091261625289916992e-01
-9.936038255691528320e-01
-9.716545939445495605e-01
-9.062687158584594727e-01
-8.116072416305541992e-01
-7.128155231475830078e-01
-6.199451088905334473e-01
-5.373001098632812500e-01
-4.644077718257904053e-01
-3.997770845890045166e-01
-3.419860601425170898e-01
-2.898888587951660156e-01
-2.420846819877624512e-01
-1.972644627094268799e-01
-1.544065177440643311e-01
-1.126080155372619629e-01
-7.144317030906677246e-02
-3.010588511824607849e-02
1.114577427506446838e-02
5.251363292336463928e-02
8.844968676567077637e-02
1.204175353050231934e-01
1.616154313087463379e-01
3.943035304546356201e-01
1.467151761054992676e+00
6.919505596160888672e-01
-3.195119500160217285e-01
3.127673268318176270e-01
1.109645247459411621e+00
6.328128576278686523e-01
5.049905776977539062e-01
5.138682723045349121e-01
-8.190892338752746582e-01
5.189338698983192444e-02
1.547324657440185547e-01
8.224281072616577148e-01
4.719167649745941162e-01
-5.192877054214477539e-01
-1.570859253406524658e-01
-3.575598299503326416e-01
-1.156300902366638184e+00
-8.127791881561279297e-01
-2.758248805999755859e+00
-2.281899452209472656e+00
-2.121458053588867188e+00
-2.173589229583740234e+00
-1.572807073593139648e+00
-1.204794287681579590e+00
-1.858096599578857422e+00
-2.406470298767089844e+00
-1.480742335319519043e+00
-1.454666614532470703e+00
-1.540713548660278320e+00
-2.468512773513793945e+00
-7.587323188781738281e-01
-1.013780355453491211e+00
-2.502528429031372070e+00
-5.172799229621887207e-01
1.608195424079895020e+00
1.852670684456825256e-02
-2.380533695220947266e+00
-1.392551779747009277e+00
-2.063645362854003906e+00
-1.114058732986450195e+00
-1.900957942008972168e+00
-1.995208859443664551e+00
-1.991867899894714355e+00
-3.190193176269531250e-01
-7.098869681358337402e-01
2.911830320954322815e-02
1.275741934776306152e+00
8.642190694808959961e-02
-7.087894082069396973e-01
-6.272021532058715820e-01
-7.564961910247802734e-01
3.560162484645843506e-01
1.654119372367858887e+00
9.807717800140380859e-02
-6.385251283645629883e-01
1.465848088264465332e-01
-1.012619137763977051e+00
1.564633846282958984e-01
4.608702957630157471e-01
-3.140355348587036133e-01
-1.235241770744323730e+00
-1.086522102355957031e+00
1.355310678482055664e+00
-7.768298387527465820e-01
-1.711021423339843750e+00
5.179255604743957520e-01
1.416624903678894043e+00
-4.249920845031738281e-01
-2.397107779979705811e-01
-1.704137027263641357e-01
-2.628650963306427002e-01
-8.224628567695617676e-01
2.723142877221107483e-02
3.123522698879241943e-01
-6.951647996902465820e-01
-1.537391304969787598e+00
2.600908517837524414e+00
1.629788994789123535e+00
2.977319955825805664e-01
2.502015590667724609e+00
1.594742536544799805e-01
-1.050105333328247070e+00
-1.685203194618225098e+00
1.479125022888183594e+00
-1.310572028160095215e+00
-1.016007542610168457e+00
5.512368679046630859e-01
5.620831847190856934e-01
-2.563023194670677185e-02
-1.005316853523254395e+00
-8.200004100799560547e-01
-9.032182693481445312e-01
-6.089416742324829102e-01
-8.378380537033081055e-01
-1.560241341590881348e+00
-1.943481802940368652e+00
-1.634962201118469238e+00
-1.330636620521545410e+00
-1.097463965415954590e+00
-1.068648457527160645e+00
1.796909332275390625e+00
-1.871280908584594727e+00
-5.284994840621948242e-01
-1.239276051521301270e+00
-3.735415339469909668e-01
1.073752641677856445e-01
1.906794905662536621e-01
7.355812191963195801e-01
-1.176933765411376953e+00
-1.217680692672729492e+00
-1.332950711250305176e+00
-1.557089447975158691e+00
-1.170889616012573242e+00
-7.653175592422485352e-01
-5.719945430755615234e-01
-7.068285942077636719e-01
-2.127793729305267334e-01
6.570571660995483398e-01
9.921913743019104004e-01
6.699204444885253906e-01
1.593792438507080078e-01
-1.044353008270263672e+00
-2.550813674926757812e+00
-1.210555434226989746e+00
-2.695188999176025391e+00
-2.922922611236572266e+00
-4.090358734130859375e+00
-3.412813425064086914e+00
-3.277841567993164062e+00
-3.228296995162963867e+00
-4.368903160095214844e+00
-3.450749158859252930e+00
-2.784571170806884766e+00
-2.376194238662719727e+00
-2.119244337081909180e+00
-2.057038784027099609e+00
-2.430448770523071289e+00
-1.628637909889221191e+00
-1.770213246345520020e-01
-1.600840330123901367e+00
-5.580818280577659607e-02
7.211140394210815430e-01
1.029103279113769531e+00
1.355992555618286133e-01
2.512308359146118164e-01
2.739978432655334473e-01
1.300222158432006836e+00
1.162476062774658203e+00
-8.191820234060287476e-03
-1.920520663261413574e+00
-2.887531280517578125e+00
-1.929125189781188965e+00
-2.284306049346923828e+00
-2.358109474182128906e+00
-2.266618251800537109e+00
-1.428921818733215332e-01
-3.236752152442932129e-01
-1.129052758216857910e+00
5.052232146263122559e-01
-4.209451079368591309e-01
9.577002525329589844e-01
1.119903206825256348e+00
2.973773479461669922e-01
2.886669635772705078e-01
2.106448411941528320e-01
7.810944914817810059e-01
1.852250576019287109e+00
-6.147414073348045349e-02
-6.914031505584716797e-02
-3.456354141235351562e-01
-9.989871978759765625e-01
-1.190462112426757812e+00
2.334408760070800781e+00
2.327843666076660156e+00
4.683456420898437500e-01
-1.312704920768737793e+00
1.374937653541564941e+00
1.345988869667053223e+00
3.124969601631164551e-01
1.336474418640136719e-01
-1.196596384048461914e+00
-7.758430242538452148e-01
-4.145586788654327393e-01
8.549284934997558594e-02
2.034817218780517578e+00
3.164440631866455078e+00
9.545065760612487793e-01
-6.579061746597290039e-01
-2.545442804694175720e-02
-1.003351062536239624e-03
-1.173579335212707520e+00
-1.805749535560607910e-01
-1.301099181175231934e+00
2.267485618591308594e+00
9.014363288879394531e-01
1.989123225212097168e+00
6.161141991615295410e-01
1.206108689308166504e+00
-6.913536787033081055e-01
8.944737911224365234e-01
-4.687343239784240723e-01
2.743806838989257812e-01
-1.152331113815307617e+00
5.197126269340515137e-01
7.136251926422119141e-01
1.091856718063354492e+00
2.864221334457397461e-01
-1.111591696739196777e+00
2.270752906799316406e+00
1.864919543266296387e+00
9.724469184875488281e-01
-2.350318133831024170e-01
4.354272037744522095e-03
-2.712658941745758057e-01
-4.593976959586143494e-02
-1.224560141563415527e-01
-5.469915866851806641e-01
4.030469655990600586e-01
1.446483373641967773e+00
-1.704570651054382324e-01
-3.812154531478881836e-01
-2.540878653526306152e-01
-7.948600053787231445e-01
-5.292223691940307617e-01
-6.138221621513366699e-01
-1.524381041526794434e+00
1.574716567993164062e-01
5.356441736221313477e-01
6.947812438011169434e-01
1.731736063957214355e+00
-8.947727680206298828e-01
5.260457396507263184e-01
-1.120348811149597168e+00
-1.141056776046752930e+00
-1.262919068336486816e+00
-7.882636785507202148e-01
-2.067700326442718506e-01
8.851909637451171875e-02
1.693073660135269165e-03
-2.978113889694213867e-01
1.416952490806579590e+00
1.130202174186706543e+00
6.411815285682678223e-01
1.100277543067932129e+00
2.504749298095703125e+00
1.632251501083374023e+00
-8.659128546714782715e-01
-1.035699486732482910e+00
-1.042878150939941406e+00
1.135890185832977295e-01
-3.241573274135589600e-01
-1.902259290218353271e-01
-1.879307255148887634e-02
-2.104323863983154297e+00
-2.690122127532958984e+00
-8.349459171295166016e-01
-1.747847795486450195e-01
-1.122442245483398438e+00
-2.705895900726318359e-01
-5.626031756401062012e-01
-9.928542375564575195e-01
2.674946784973144531e-01
7.084462791681289673e-03
-1.287801027297973633e+00
-1.100045680999755859e+00
-8.714854121208190918e-01
-5.129498839378356934e-01
-4.678786396980285645e-01
8.811104297637939453e-01
1.536831855773925781e+00
1.777348279953002930e+00
1.209778785705566406e+00
-1.152060031890869141e-01
-1.141820073127746582e+00
2.530634999275207520e-01
6.874614953994750977e-02
-2.651519775390625000e-01
-3.391369581222534180e-01
-2.748554348945617676e-01
-2.180781066417694092e-01
-9.531428217887878418e-01
5.328496694564819336e-01
1.173312067985534668e+00
4.524364471435546875e-01
1.618705749511718750e+00
3.050010204315185547e-01
6.626563072204589844e-01
5.577425956726074219e-01
-6.164436936378479004e-01
-8.024114966392517090e-01
6.546028852462768555e-01
7.386690378189086914e-01
-5.111868306994438171e-02
-4.966875314712524414e-01
-4.132299721240997314e-01
-1.158052086830139160e-01
1.907942071557044983e-02
-3.320925533771514893e-01
-1.677380800247192383e-01
-8.688423037528991699e-01
5.802535414695739746e-01
-1.051097035408020020e+00
-7.847896218299865723e-01
-1.888019293546676636e-01
1.036103248596191406e+00
1.465548872947692871e-01
-5.834052562713623047e-01
-6.021058559417724609e-01
-1.156586766242980957e+00
-9.596357941627502441e-01
-2.766307592391967773e-01
-1.034436225891113281e+00
2.770169973373413086e-01
-1.412617683410644531e+00
-2.344644784927368164e+00
-8.966088294982910156e-02
-3.693588376045227051e-01
-1.005312800407409668e+00
-1.233038425445556641e+00
-6.419749855995178223e-01
-1.228293657302856445e+00
1.426324620842933655e-02
-9.323416948318481445e-01
-8.415023088455200195e-01
-8.497540950775146484e-01
3.517760932445526123e-01
-7.820345163345336914e-01
-1.043160796165466309e+00
-2.691057920455932617e-01
-8.207750916481018066e-01
-1.005437970161437988e+00
-1.140137195587158203e+00
-6.898547410964965820e-01
-1.134408950805664062e+00
-1.162678837776184082e+00
-1.717706203460693359e+00
-1.651175379753112793e+00
-1.713651299476623535e+00
-1.369872808456420898e+00
-1.247646450996398926e+00
-1.440089344978332520e+00
-5.186786055564880371e-01
-2.089408040046691895e-01
6.706328392028808594e-01
1.483574867248535156e+00
1.802234053611755371e+00
1.999109148979187012e+00
2.040411472320556641e+00
1.726923584938049316e+00
1.556805372238159180e+00
1.318803668022155762e+00
7.832756638526916504e-01
-3.907507658004760742e-01
-1.075503945350646973e+00
-5.634769797325134277e-01
1.229510307312011719e-01
1.394305005669593811e-02
2.271565437316894531e+00
2.542048454284667969e+00
-2.227053344249725342e-01
1.008474826812744141e+00
-4.344308003783226013e-02
5.235417485237121582e-01
9.117584228515625000e-01
4.808383584022521973e-01
6.894704103469848633e-01
5.852062106132507324e-01
1.397104382514953613e+00
1.104508638381958008e-01
1.164299547672271729e-01
-1.872606396675109863e+00
-1.400744318962097168e+00
-4.202024340629577637e-01
-2.009625434875488281e+00
-1.416866302490234375e+00
6.451485157012939453e-01
8.334656357765197754e-01
5.849313139915466309e-01
1.682325005531311035e-01
-1.184959530830383301e+00
-2.311942100524902344e+00
3.631832003593444824e-01
-8.167733550071716309e-01
-2.147922515869140625e-01
1.855781435966491699e+00
1.461311578750610352e+00
5.919108986854553223e-01
-1.403010606765747070e+00
1.254596352577209473e+00
-2.870701074600219727e+00
-9.836198091506958008e-01
-9.436993598937988281e-01
-1.453350901603698730e+00
-6.925152540206909180e-01
-4.610649347305297852e-01
-2.173080921173095703e+00
-2.237105369567871094e+00
-2.426321029663085938e+00
-5.416406393051147461e-01
-1.333937764167785645e+00
4.338210225105285645e-01
-2.921975612640380859e+00
-8.665790557861328125e-01
-7.385332584381103516e-01
-3.069535255432128906e+00
-1.550900101661682129e+00
-2.329753875732421875e+00
-1.869575738906860352e+00
-4.779068827629089355e-01
8.446764945983886719e-02
-2.413305044174194336e-01
-4.535494744777679443e-01
-1.508837640285491943e-01
-4.798593744635581970e-02
-1.730381608009338379e+00
-2.543715000152587891e+00
1.491808295249938965e-01
-3.710168227553367615e-02
6.253024935722351074e-01
1.259020447731018066e+00
8.857192993164062500e-01
5.246334075927734375e-01
-1.980084776878356934e-01
2.501509785652160645e-01
-1.256653070449829102e-01
-6.874138116836547852e-02
-6.265306472778320312e-02
2.183848619461059570e-01
5.818256139755249023e-01
1.257437348365783691e+00
-4.683404564857482910e-01
-4.219608008861541748e-01
1.903656363487243652e+00
-1.828277409076690674e-01
-1.055699348449707031e+00
-2.741390466690063477e-01
-1.117042541503906250e+00
-1.607209444046020508e+00
-3.816094398498535156e-01
1.856564879417419434e-01
9.725766777992248535e-01
1.306208014488220215e+00
-1.302047610282897949e+00
-1.726189255714416504e+00
-1.662371039390563965e+00
-8.748317956924438477e-01
5.626208782196044922e-01
9.266589879989624023e-01
-1.093323826789855957e+00
5.288501381874084473e-01
5.206844806671142578e-01
3.209263682365417480e-01
-1.145370125770568848e+00
-2.181195020675659180e-01
-5.383565425872802734e-01
-6.818528771400451660e-01
-1.422729372978210449e+00
-8.293306231498718262e-01
-9.634755849838256836e-01
-7.269936203956604004e-01
-5.570485591888427734e-01
-4.771562814712524414e-01
-4.590764343738555908e-01
-4.930505752563476562e-01
-4.899154901504516602e-01
-4.243840575218200684e-01
4.129234552383422852e-01
5.251842141151428223e-01
1.266394853591918945e+00
1.117373824119567871e+00
1.149929165840148926e+00
9.083303213119506836e-01
4.654083847999572754e-01
1.417736411094665527e-01
8.383333683013916016e-02
2.934881448745727539e-01
-2.180116176605224609e-01
-1.252797961235046387e+00
-1.674450755119323730e+00
-1.728415116667747498e-02
-6.757724881172180176e-01
-1.647467017173767090e-01
-5.013186931610107422e-01
-7.260137200355529785e-01
-1.399416327476501465e-01
1.763325929641723633e-01
2.014281451702117920e-01
2.330576896667480469e+00
1.946943402290344238e+00
-3.783071041107177734e-01
1.048613429069519043e+00
3.264180183410644531e+00
2.981849908828735352e+00
3.011977672576904297e-01
-2.391937255859375000e+00
4.226396679878234863e-01
-1.086035072803497314e-01
1.527618527412414551e+00
-8.175026178359985352e-01
-4.093408286571502686e-01
1.899989604949951172e+00
2.230904698371887207e-01
1.820934414863586426e+00
1.275565624237060547e+00
5.278564095497131348e-01
5.923155695199966431e-03
4.132974520325660706e-02
1.752527058124542236e-01
1.806578040122985840e-01
-2.235548734664916992e+00
-1.056783199310302734e-01
-5.155351012945175171e-03
1.024129986763000488e+00
1.397386789321899414e-01
-2.156408786773681641e+00
-2.680171966552734375e+00
1.664614200592041016e+00
-2.223617315292358398e+00
1.654635965824127197e-01
9.628857970237731934e-01
1.698586940765380859e-01
-4.542375802993774414e-01
1.017916202545166016e+00
1.185639798641204834e-01
-8.160824179649353027e-01
-1.045028209686279297e+00
3.129774704575538635e-02
-1.218464374542236328e+00
-9.767397642135620117e-01
7.794411182403564453e-01
-6.214336156845092773e-01
-3.815652132034301758e-01
1.183787226676940918e+00
1.545485377311706543e+00
-1.249820709228515625e+00
-1.240385174751281738e+00
-1.031771779060363770e+00
-9.684669971466064453e-01
-1.713963866233825684e+00
-1.025670766830444336e+00
1.287407279014587402e-01
1.791315972805023193e-01
-3.003397211432456970e-02
1.753311276435852051e+00
1.673674941062927246e+00
2.245836853981018066e-01
-5.299665331840515137e-01
3.415824770927429199e-01
9.241446256637573242e-01
2.362816035747528076e-01
-1.148586273193359375e-01
1.651862636208534241e-02
1.670521795749664307e-01
-5.509382113814353943e-02
-3.533883988857269287e-01
-3.812382519245147705e-01
-4.848707914352416992e-01
-1.168699264526367188e-01
-7.531887292861938477e-01
-6.862753629684448242e-02
-3.277864158153533936e-01
1.439064860343933105e+00
8.323331475257873535e-01
1.597928762435913086e+00
1.387835979461669922e+00
3.391458988189697266e-01
5.232300758361816406e-01
1.556794941425323486e-01
2.267645001411437988e-01
-4.565923511981964111e-01
1.041129231452941895e+00
2.167791500687599182e-02
-3.669541701674461365e-02
5.512786507606506348e-01
1.189183235168457031e+00
1.510990262031555176e+00
1.507266163825988770e+00
1.284610271453857422e+00
9.617985486984252930e-01
6.231543421745300293e-01
4.943601489067077637e-01
6.962781548500061035e-01
1.768540143966674805e+00
2.216275691986083984e+00
2.272073507308959961e+00
2.117683887481689453e+00
1.905442714691162109e+00
1.682219624519348145e+00
-1.366039395332336426e+00
-3.148712158203125000e+00
-1.011147379875183105e+00
-3.956785202026367188e-01
-8.716915845870971680e-01
-2.888443693518638611e-02
4.208366870880126953e-01
1.902120709419250488e+00
2.487915992736816406e+00
2.218959331512451172e+00
1.902204871177673340e+00
1.219173908233642578e+00
1.331540584564208984e+00
1.735513806343078613e+00
5.233521461486816406e-01
7.823848128318786621e-01
1.751124382019042969e+00
3.808454275131225586e-01
-5.014874935150146484e-01
-1.982901096343994141e-01
-5.400342941284179688e-01
6.073038578033447266e-01
9.317505359649658203e-01
7.561052441596984863e-01
3.688791990280151367e-01
3.147465288639068604e-01
1.000083446502685547e+00
8.091390132904052734e-02
2.962154522538185120e-02
-2.901036739349365234e-01
-1.036126315593719482e-01
-1.045375466346740723e-01
-1.482773423194885254e-01
2.755715250968933105e-01
1.364100575447082520e-01
-9.350117295980453491e-03
-3.792670965194702148e-01
4.873359575867652893e-02
-2.989161610603332520e-01
-7.979621887207031250e-01
-5.808343291282653809e-01
-4.081501364707946777e-01
-4.719786643981933594e-01
-7.645784020423889160e-01
8.676291108131408691e-01
1.647973418235778809e+00
9.102835059165954590e-01
-8.357180356979370117e-01
-1.114440798759460449e+00
-1.494070768356323242e+00
2.572684764862060547e+00
1.589182496070861816e+00
-1.815941214561462402e+00
-2.881238460540771484e-01
3.243285894393920898e+00
1.720797896385192871e+00
-9.012144207954406738e-01
1.817601323127746582e+00
2.319254159927368164e+00
-1.800642728805541992e+00
4.332169294357299805e-01
-1.796508073806762695e+00
-3.442599177360534668e-01
-5.521968603134155273e-01
-1.416981220245361328e+00
-7.362039089202880859e-01
-1.218146920204162598e+00
-5.437427386641502380e-02
5.443092584609985352e-01
-1.173008918762207031e+00
1.157611727714538574e+00
3.174491882324218750e+00
2.058141469955444336e+00
-9.849756956100463867e-01
-1.344366431236267090e+00
-3.192639350891113281e-01
-5.184588432312011719e-01
-2.184662103652954102e+00
-1.702838778495788574e+00
-1.691675305366516113e+00
-1.623228311538696289e+00
-3.509304523468017578e-01
5.736140012741088867e-01
-6.874094009399414062e-01
1.355401039123535156e+00
-8.210178613662719727e-01
4.141013324260711670e-01
1.994118571281433105e+00
6.294973194599151611e-02
7.079358100891113281e-01
8.740703463554382324e-01
-2.132937908172607422e+00
-2.181995153427124023e+00
-1.923311948776245117e+00
-1.498832345008850098e+00
-1.496897459030151367e+00
-9.980875253677368164e-01
-7.512247562408447266e-02
-9.931436777114868164e-01
8.932453393936157227e-02
1.617403626441955566e+00
9.140918254852294922e-01
2.903503477573394775e-01
3.737998604774475098e-01
-6.304545998573303223e-01
-4.183703064918518066e-01
-7.001703977584838867e-02
4.117237329483032227e-01
6.474800705909729004e-01
1.133887767791748047e+00
1.975104331970214844e+00
1.143481850624084473e+00
-1.974003314971923828e-01
6.634813547134399414e-01
3.733870387077331543e-01
8.601232171058654785e-01
-6.906871795654296875e-01
8.416277170181274414e-02
1.894798755645751953e+00
-1.116686701774597168e+00
-1.179361224174499512e+00
1.644804358482360840e+00
1.141935110092163086e+00
-1.562860608100891113e+00
-1.029769539833068848e+00
-7.216422557830810547e-01
7.968454957008361816e-01
-1.979159116744995117e-01
1.720031499862670898e-01
-7.800949215888977051e-01
8.813936114311218262e-01
-5.524902343750000000e-01
-1.465495824813842773e-01
-1.382046937942504883e-01
-8.654011487960815430e-01
4.431546926498413086e-01
-1.362381458282470703e+00
1.478907704353332520e+00
1.037684202194213867e+00
-1.130282759666442871e+00
6.174278259277343750e-01
-2.579182863235473633e+00
-2.269371271133422852e+00
-1.555173873901367188e+00
3.988953828811645508e-01
-1.820117592811584473e+00
2.767426967620849609e-01
-1.861295819282531738e+00
-8.265506029129028320e-01
-1.478072702884674072e-01
-3.156647980213165283e-01
-1.586329042911529541e-01
-5.108260512351989746e-01
6.980983018875122070e-01
-2.253794968128204346e-01
-2.581266760826110840e-01
1.330416560173034668e+00
1.329704165458679199e+00
2.142702579498291016e+00
1.540642380714416504e+00
2.892882347106933594e+00
-7.487611174583435059e-01
6.906380653381347656e-01
1.696800827980041504e+00
-3.851908072829246521e-02
-1.292264088988304138e-02
-3.702875971794128418e-01
6.417972445487976074e-01
-7.139724493026733398e-01
-1.484947323799133301e+00
-1.521094202995300293e+00
-1.263999581336975098e+00
-1.752886891365051270e+00
-6.624436378479003906e-01
-1.950473308563232422e+00
-2.566364765167236328e+00
-9.788846969604492188e-01
-1.674156308174133301e+00
-1.738839030265808105e+00
6.099543347954750061e-02
-3.481108248233795166e-01
-9.972201585769653320e-01
-1.224597811698913574e+00
1.795836687088012695e+00
-4.407401680946350098e-01
-7.842198610305786133e-01
-1.934031367301940918e+00
-1.808796048164367676e+00
-1.431236863136291504e+00
-2.515266895294189453e+00
9.945058822631835938e-01
4.736397862434387207e-01
-3.264736413955688477e+00
1.090584397315979004e+00
-3.382610902190208435e-02
-6.601433157920837402e-01
-8.653637021780014038e-03
-2.011186480522155762e-01
-1.348589360713958740e-01
2.876719832420349121e-01
-4.264468550682067871e-01
7.474007606506347656e-01
9.824979305267333984e-02
5.814899206161499023e-01
6.995267868041992188e-01
-8.587275743484497070e-01
-4.578171968460083008e-01
-1.075315356254577637e+00
-1.121455073356628418e+00
-9.626460075378417969e-01
-1.454152941703796387e+00
-1.304915666580200195e+00
-8.856480121612548828e-01
-1.885952115058898926e+00
-2.907007336616516113e-01
1.299414634704589844e-01
3.039808273315429688e+00
7.878043651580810547e-01
-9.741715788841247559e-01
-1.369542717933654785e+00
-1.263150811195373535e+00
-1.123587012290954590e+00
-5.669050216674804688e-01
-1.305763244628906250e+00
4.299951791763305664e-01
-7.927411198616027832e-01
-2.384164929389953613e-01
-1.248802304267883301e+00
-1.134989857673645020e-01
-1.637989878654479980e+00
-2.826965332031250000e+00
-1.386590600013732910e+00
-1.163598895072937012e+00
-2.323805809020996094e+00
-1.825226545333862305e+00
-9.980436563491821289e-01
-1.716498494148254395e+00
-1.825527250766754150e-01
-1.387124896049499512e+00
-4.060700535774230957e-01
-1.187347054481506348e+00
-2.265848159790039062e+00
-2.084017276763916016e+00
-9.136829376220703125e-01
-1.160045504570007324e+00
-1.759443044662475586e+00
6.005696058273315430e-01
1.170020937919616699e+00
-2.844710350036621094e-01
2.641685605049133301e-01
-1.244895100593566895e+00
-1.561450839042663574e+00
9.495291858911514282e-03
1.069377899169921875e+00
7.220484018325805664e-01
1.041499078273773193e-01
1.158548295497894287e-01
4.000901579856872559e-01
5.454756021499633789e-01
-4.202574491500854492e-01
-1.308474302291870117e+00
-3.181347131729125977e+00
-4.615696907043457031e+00
-4.058307647705078125e+00
-3.150698661804199219e+00
-3.332653999328613281e+00
-2.683320522308349609e+00
-2.503589630126953125e+00
-2.499956607818603516e+00
-2.477760076522827148e+00
-2.383988142013549805e+00
-2.286842823028564453e+00
-2.002787590026855469e+00
-1.551891922950744629e+00
-1.867211461067199707e+00
-1.840093493461608887e+00
-4.905784726142883301e-01
-1.457522869110107422e+00
2.252890825271606445e+00
1.268561005592346191e+00
5.946224331855773926e-01
6.163560152053833008e-01
1.429328560829162598e+00
-8.916535973548889160e-01
1.280273795127868652e+00
1.673439383506774902e+00
1.088830947875976562e+00
1.056746721267700195e+00
1.013208925724029541e-01
2.791466236114501953e+00
3.012763500213623047e+00
1.876062154769897461e+00
2.627553939819335938e+00
3.044911384582519531e+00
2.846332550048828125e+00
2.220127105712890625e+00
-1.664646565914154053e-01
3.316040039062500000e-01
6.096240282058715820e-01
1.974092245101928711e+00
-5.840004086494445801e-01
-1.133625745773315430e+00
-6.455310583114624023e-01
1.721603512763977051e+00
4.370830357074737549e-01
-7.151033282279968262e-01
-5.665468797087669373e-02
-5.519680380821228027e-01
6.843081116676330566e-02
9.282323122024536133e-01
1.126235365867614746e+00
-1.351420760154724121e+00
1.798141956329345703e+00
2.125210762023925781e-01
-1.509146332740783691e+00
-9.957580566406250000e-01
2.360033988952636719e-01
2.209810256958007812e+00
-2.178820610046386719e+00
-1.368098855018615723e-01
-1.063007950782775879e+00
1.917711496353149414e-01
8.026365637779235840e-01
1.789479494094848633e+00
1.233754158020019531e+00
1.612838149070739746e+00
-1.575114488601684570e+00
-7.752782106399536133e-02
4.589272737503051758e-01
-3.439059257507324219e-01
-2.638939857482910156e+00
-1.282239317893981934e+00
3.221771493554115295e-02
1.187899470329284668e+00
2.180783748626708984e+00
1.748984575271606445e+00
5.384843349456787109e-01
4.137961864471435547e-01
1.615363955497741699e-01
2.262455821037292480e-01
1.453604578971862793e+00
3.644264340400695801e-01
-1.046746611595153809e+00
-8.700784295797348022e-03
5.957078933715820312e-01
3.824639320373535156e-01
-2.955562174320220947e-01
-1.022891640663146973e+00
2.585897743701934814e-01
8.868724107742309570e-02
-1.972868442535400391e-01
-9.729689955711364746e-01
-1.317290425300598145e+00
-1.701662242412567139e-01
8.565566539764404297e-01
1.511455774307250977e+00
1.482915282249450684e+00
6.390558481216430664e-01
7.674742341041564941e-01
-6.761044263839721680e-01
-3.988702297210693359e-01
-5.524942874908447266e-01
-7.122462987899780273e-01
-1.378418922424316406e+00
-9.757987260818481445e-01
-6.480243206024169922e-01
-6.036201715469360352e-01
-1.296609163284301758e+00
-1.339544296264648438e+00
7.061779499053955078e-02
6.634843945503234863e-01
-1.172819852828979492e+00
9.286785125732421875e-02
-1.931141972541809082e+00
-2.134519815444946289e+00
-8.046391010284423828e-01
-2.902780771255493164e-01
-3.955099880695343018e-01
5.076129436492919922e-01
2.745336294174194336e-01
-3.067719936370849609e-01
-5.310900807380676270e-01
9.788411259651184082e-01
-4.132220745086669922e-01
-5.097323656082153320e-01
-7.411382198333740234e-01
-4.220265150070190430e-01
-4.431249499320983887e-01
4.912845492362976074e-01
3.326472640037536621e-01
1.016080617904663086e+00
3.813657283782958984e+00
8.866159915924072266e-01
-8.825448155403137207e-02
-6.902160048484802246e-01
4.322711825370788574e-01
-5.714232325553894043e-01
-1.239759802818298340e+00
-9.074161648750305176e-01
-1.861950755119323730e-01
2.140492200851440430e+00
-4.579123556613922119e-01
-7.263036370277404785e-01
-1.193172454833984375e+00
-7.830744981765747070e-01
-9.957110881805419922e-01
-6.223171576857566833e-02
-7.724382877349853516e-01
1.374437808990478516e-01
-6.353442668914794922e-01
-3.620721101760864258e-01
-1.006108760833740234e+00
-1.635948061943054199e+00
-1.298757791519165039e+00
-2.290079116821289062e+00
-6.086761355400085449e-01
-1.242561101913452148e+00
-1.386112570762634277e+00
-1.345214724540710449e+00
4.499445557594299316e-01
4.774291515350341797e-01
2.216012477874755859e-01
2.423656582832336426e-01
6.764374971389770508e-01
-5.201781988143920898e-01
8.010971546173095703e-02
1.137302041053771973e+00
4.428083598613739014e-01
2.706335484981536865e-01
-3.278436362743377686e-01
4.028821364045143127e-02
5.131693482398986816e-01
2.960359752178192139e-01
6.951546669006347656e-01
1.210232019424438477e+00
9.636837244033813477e-02
-5.164645910263061523e-01
3.206797838211059570e-01
6.536529064178466797e-01
-9.205973148345947266e-01
7.340124845504760742e-01
-3.771586418151855469e-01
3.753034770488739014e-01
-6.579946279525756836e-01
2.236056700348854065e-02
2.291319966316223145e-01
-1.288318634033203125e-01
3.651626780629158020e-02
-1.784825325012207031e-01
-1.785055100917816162e-01
-2.305734157562255859e-01
8.652296662330627441e-02
1.912520766258239746e+00
-1.008344888687133789e-01
-1.636641860008239746e+00
-1.179245233535766602e+00
7.856807112693786621e-01
2.236072063446044922e+00
6.252907514572143555e-01
3.816641569137573242e-01
2.603618621826171875e+00
1.867081522941589355e+00
7.707782983779907227e-01
3.201737165451049805e+00
4.027270317077636719e+00
2.166577577590942383e+00
2.059288501739501953e+00
1.306018948554992676e+00
-2.234005555510520935e-02
-1.774268984794616699e+00
1.338474988937377930e+00
2.930114269256591797e+00
2.194662332534790039e+00
2.407727241516113281e+00
6.949352025985717773e-01
2.003620862960815430e+00
6.344631910324096680e-01
-2.343879342079162598e-01
-1.111819267272949219e+00
-6.908790469169616699e-01
8.033069968223571777e-01
1.357479691505432129e-01
8.083155155181884766e-01
-7.314163446426391602e-01
3.788194060325622559e-01
1.253791451454162598e+00
7.489951848983764648e-01
1.570153236389160156e-01
-3.742460608482360840e-01
-3.431774973869323730e-01
2.295791506767272949e-01
-1.905814886093139648e+00
-2.061573266983032227e+00
6.566750407218933105e-01
-4.727686643600463867e-01
4.684545099735260010e-01
-8.397935628890991211e-01
-9.068107008934020996e-01
8.928633928298950195e-01
-1.513845443725585938e+00
-2.191495418548583984e+00
-2.282238245010375977e+00
5.824566259980201721e-02
7.961629629135131836e-01
-7.505792379379272461e-01
-5.742262601852416992e-01
1.282804310321807861e-01
6.610752344131469727e-01
1.247971177101135254e+00
-5.956975221633911133e-01
2.110239565372467041e-01
-1.274476647377014160e-01
1.217457652091979980e+00
2.451400756835937500e-01
5.013935565948486328e-01
5.189602971076965332e-01
5.889059305191040039e-01
9.441686868667602539e-01
6.955556273460388184e-01
8.763641119003295898e-01
8.736315965652465820e-01
5.855853557586669922e-01
4.719221293926239014e-01
1.030066728591918945e+00
1.794259548187255859e-01
3.865915909409523010e-02
-2.683062255382537842e-01
3.018516302108764648e-01
4.380751028656959534e-02
-3.704272210597991943e-01
-3.765891492366790771e-01
-7.121267914772033691e-02
5.862382426857948303e-02
1.580676138401031494e-01
2.037697732448577881e-01
2.203051447868347168e-01
-1.645320281386375427e-02
-4.525547325611114502e-01
-1.809983253479003906e-01
-4.916324019432067871e-01
-9.844516515731811523e-01
-8.956412076950073242e-01
-9.294346570968627930e-01
-9.068081378936767578e-01
-8.899661302566528320e-01
-6.931233406066894531e-01
7.525005936622619629e-02
-5.534301400184631348e-01
-8.398852348327636719e-01
-3.229143917560577393e-01
-4.853985905647277832e-01
-5.611109733581542969e-01
-6.808277368545532227e-01
-8.297270536422729492e-01
-5.280823707580566406e-01
-3.761198818683624268e-01
-1.263108551502227783e-01
-7.567594051361083984e-01
-5.848819017410278320e-01
-6.714611649513244629e-01
1.470837473869323730e+00
6.132873296737670898e-01
3.165637552738189697e-01
-1.291600108146667480e+00
-2.229259490966796875e+00
-2.015369415283203125e+00
-2.317307949066162109e+00
-2.071490049362182617e+00
-8.029032945632934570e-01
-1.202044844627380371e+00
-1.570554733276367188e+00
-9.233986139297485352e-01
-9.359668493270874023e-01
-2.787413001060485840e-01
-3.602272272109985352e-01
1.537497401237487793e+00
9.075095653533935547e-01
1.384438753128051758e+00
1.457620501518249512e+00
1.434828639030456543e+00
2.740293979644775391e+00
2.891871452331542969e+00
1.182048082351684570e+00
4.199556708335876465e-01
-1.418040633201599121e+00
-4.877569079399108887e-01
-7.871663570404052734e-01
-1.100030064582824707e+00
-8.725988268852233887e-01
-1.365899324417114258e+00
-1.315091967582702637e+00
-1.846121549606323242e+00
-2.138231992721557617e+00
-1.472779035568237305e+00
-8.554182052612304688e-01
-7.597225904464721680e-01
1.618939638137817383e-01
6.919227838516235352e-01
7.696343660354614258e-01
-1.093090176582336426e+00
1.806985139846801758e-01
-2.001313865184783936e-01
-9.735662937164306641e-01
3.516191244125366211e-01
-4.884049892425537109e-01
8.020622730255126953e-01
1.474213242530822754e+00
3.281101286411285400e-01
-9.925553798675537109e-01
1.103380560874938965e+00
1.821650028228759766e+00
-1.516199707984924316e-01
1.145750045776367188e+00
2.435529232025146484e-01
-3.318024873733520508e-01
6.982042789459228516e-01
2.314618349075317383e+00
1.230510830879211426e+00
2.068075656890869141e+00
9.548930525779724121e-01
1.072656512260437012e+00
1.891859769821166992e+00
1.668109416961669922e+00
1.701924085617065430e+00
2.008935928344726562e+00
-5.101927518844604492e-01
2.843764796853065491e-02
-8.853332996368408203e-01
-5.246431827545166016e-01
-1.619520783424377441e-01
-1.022299766540527344e+00
-1.220942735671997070e-01
2.824173569679260254e-01
-3.291361033916473389e-01
-1.159770727157592773e+00
-9.637172222137451172e-01
-1.479075670242309570e+00
-7.704615592956542969e-01
7.938414812088012695e-02
-4.136764705181121826e-01
4.276851713657379150e-01
-8.045855164527893066e-01
-1.289203047752380371e+00
-6.304907798767089844e-02
6.766404509544372559e-01
9.388083219528198242e-01
-1.242903828620910645e+00
-1.885048031806945801e+00
-9.964908361434936523e-01
-1.775497317314147949e+00
1.929688692092895508e+00
9.602142572402954102e-01
-2.025292873382568359e+00
-7.856588959693908691e-01
-1.275855422019958496e+00
-1.093815207481384277e+00
-1.660461068153381348e+00
-1.239990353584289551e+00
-1.179214596748352051e+00
-1.199787497520446777e+00
-2.079176902770996094e+00
-1.049325108528137207e+00
-5.411756038665771484e-01
-1.151416659355163574e+00
-4.250719547271728516e-01
2.789669632911682129e-01
1.688773751258850098e+00
1.377122998237609863e+00
-1.389670729637145996e+00
-1.049061417579650879e-01
-1.184214711189270020e+00
-1.716307520866394043e+00
-2.602558135986328125e-01
-5.703521966934204102e-01
-1.265189528465270996e+00
6.875501871109008789e-01
-1.219615459442138672e+00
-1.165859818458557129e+00
-8.343017101287841797e-01
8.116729259490966797e-01
2.599031925201416016e+00
1.857055187225341797e+00
1.453067064285278320e-01
-9.318028688430786133e-01
-1.382458448410034180e+00
-1.979858040809631348e+00
3.276150226593017578e-01
1.243640184402465820e+00
1.188955664634704590e+00
2.044944047927856445e+00
-8.100835084915161133e-01
-1.887231469154357910e+00
-1.307044982910156250e+00
7.325282096862792969e-01
-5.671083927154541016e-01
-1.734966874122619629e+00
-1.494802832603454590e+00
-7.220956087112426758e-01
-5.744711160659790039e-01
1.428693056106567383e+00
7.920110225677490234e-02
1.173042058944702148e-01
-1.313912495970726013e-02
9.611539840698242188e-01
-1.229147911071777344e-01
-8.548485040664672852e-01
-4.094469174742698669e-02
1.400639176368713379e+00
-1.018072366714477539e-01
-1.927766799926757812e-01
3.126001730561256409e-02
7.598614692687988281e-02
9.667527675628662109e-02
-1.262353181838989258e+00
-2.745374917984008789e+00
-2.210783720016479492e+00
-6.554086208343505859e-01
1.463288068771362305e-01
-1.199078187346458435e-02
8.956062793731689453e-02
-2.195175886154174805e-01
2.756412029266357422e-01
-5.239483714103698730e-01
1.360858201980590820e+00
-2.000531554222106934e-01
5.904895067214965820e-01
-1.980677843093872070e-01
-5.874997973442077637e-01
-8.240621685981750488e-01
-6.279259324073791504e-01
-5.287688970565795898e-01
-3.494517207145690918e-01
-2.419602498412132263e-02
3.165384531021118164e-01
2.902899265289306641e+00
4.619959741830825806e-03
3.586316481232643127e-02
-5.005726218223571777e-01
4.586864709854125977e-01
-4.949515685439109802e-02
-6.133288145065307617e-01
6.617430448532104492e-01
-1.329818129539489746e+00
-2.236993789672851562e+00
-1.510846614837646484e-01
-6.368100643157958984e-01
-1.675906181335449219e-01
-2.606732547283172607e-01
-3.285175561904907227e-01
-7.552430629730224609e-01
2.134523868560791016e+00
1.196101307868957520e-01
-2.646845206618309021e-02
5.951995253562927246e-01
8.373312354087829590e-01
1.067965149879455566e+00
1.546854376792907715e+00
1.766808032989501953e+00
1.982930779457092285e+00
2.811151504516601562e+00
1.749495863914489746e+00
7.235303521156311035e-02
1.587267816066741943e-01
1.045101046562194824e+00
-4.304706454277038574e-01
-5.688524246215820312e-01
-1.024824738502502441e+00
2.359573692083358765e-01
-3.529870510101318359e-01
-1.817727684974670410e-01
-3.294413387775421143e-01
-1.558031290769577026e-01
-2.104362249374389648e-01
-1.727991104125976562e-01
6.566261053085327148e-01
-1.262061357498168945e+00
-2.362453341484069824e-01
-8.415055274963378906e-01
-2.822424471378326416e-01
-8.957287669181823730e-01
-8.085783720016479492e-01
-7.619306445121765137e-02
-6.728557348251342773e-01
-6.523637771606445312e-01
-7.212782502174377441e-01
-1.026998996734619141e+00
4.047847166657447815e-02
-2.548463940620422363e-01
-4.620102643966674805e-01
9.240205287933349609e-01
1.538384556770324707e+00
1.029221653938293457e+00
4.567083120346069336e-01
1.219615221023559570e+00
9.271278381347656250e-01
2.111031413078308105e-01
-1.204903244972229004e+00
-1.076343655586242676e+00
8.231789469718933105e-01
-3.338460922241210938e-01
-2.418121814727783203e+00
-2.076892137527465820e+00
-1.542605638504028320e+00
-8.753252029418945312e-01
-3.094846606254577637e-01
1.016307473182678223e-01
2.323195934295654297e-01
8.795145153999328613e-01
-7.428261041641235352e-01
-6.455379724502563477e-02
9.133388400077819824e-01
-5.917463898658752441e-01
8.154705166816711426e-01
8.031615018844604492e-01
-2.845165133476257324e-01
-5.563974007964134216e-02
3.770406246185302734e-01
-4.770915508270263672e-01
-1.961446881294250488e+00
-2.342719435691833496e-01
-5.791370868682861328e-01
1.772481799125671387e-01
3.498757258057594299e-02
-1.602774739265441895e+00
-9.069124460220336914e-01
8.728903532028198242e-02
-3.791037201881408691e-01
-7.867360115051269531e-02
5.387367010116577148e-01
4.188656210899353027e-01
-5.437583923339843750e-01
-7.049033641815185547e-01
-4.828235507011413574e-01
-3.911092281341552734e-01
4.781940951943397522e-02
-9.977042675018310547e-02
1.903540492057800293e-01
6.757007241249084473e-01
4.056091308593750000e-01
-6.478344202041625977e-01
-8.107829093933105469e-01
-7.402081489562988281e-01
-3.224169313907623291e-01
1.110255122184753418e-01
-1.210384011268615723e+00
-1.591777563095092773e+00
-1.366738557815551758e+00
-1.624868154525756836e+00
-1.464702010154724121e+00
-1.157976508140563965e+00
-9.312357902526855469e-01
-5.137944221496582031e-01
-4.365694522857666016e-01
4.386761486530303955e-01
5.670074373483657837e-03
1.219766259193420410e+00
2.272416591644287109e+00
9.080208539962768555e-01
-3.704668879508972168e-01
-2.210680961608886719e+00
-2.130118846893310547e+00
2.197909727692604065e-02
-5.316876992583274841e-02
1.744424819946289062e+00
-2.235483169555664062e+00
-2.857996225357055664e-01
1.029945254325866699e+00
4.680868387222290039e-01
2.419858574867248535e-01
-1.328544616699218750e+00
-8.544952273368835449e-01
-1.123790383338928223e+00
-7.790188193321228027e-01
1.618138194084167480e+00
1.123141288757324219e+00
-1.220709323883056641e+00
-7.539324760437011719e-01
-1.072355031967163086e+00
9.114760160446166992e-02
5.419571995735168457e-01
1.638645529747009277e+00
1.942855268716812134e-01
-3.496533036231994629e-01
1.649216115474700928e-01
1.548379659652709961e-01
3.585276007652282715e-01
-6.233922839164733887e-01
-6.942491531372070312e-01
-7.775720357894897461e-01
-5.740821361541748047e-01
-5.044879913330078125e-01
-3.146197497844696045e-01
-5.410413742065429688e-01
-2.977517545223236084e-01
2.252148091793060303e-01
4.864690005779266357e-01
-1.938545107841491699e-01
-3.009509146213531494e-01
-2.845613658428192139e-01
-5.259937047958374023e-01
-9.936522245407104492e-01
-3.974779546260833740e-01
1.032227158546447754e+00
-7.225692272186279297e-02
7.299842834472656250e-01
4.044351577758789062e-01
-2.764930725097656250e-01
-1.112149834632873535e+00
-7.777380347251892090e-01
-5.624123811721801758e-01
-3.179144382476806641e+00
3.239733576774597168e-01
1.147662281990051270e+00
1.026302456855773926e+00
6.449266672134399414e-01
1.434315562248229980e+00
5.665822029113769531e-01
4.660342335700988770e-01
-3.780980110168457031e-01
7.015112042427062988e-01
-4.920355677604675293e-01
-7.883613109588623047e-01
-1.394950509071350098e+00
-1.681199193000793457e+00
-1.853283286094665527e+00
-1.121859908103942871e+00
-1.534995138645172119e-01
8.945479393005371094e-01
-6.166992187500000000e-01
6.342505216598510742e-01
-6.777918338775634766e-02
-1.400460600852966309e-01
-2.272653281688690186e-01
-2.626775205135345459e-01
8.843472599983215332e-01
-5.648965835571289062e-01
-3.511498272418975830e-01
-1.045226931571960449e+00
-5.171966552734375000e-01
3.270800411701202393e-01
-1.382826566696166992e-01
-2.120711803436279297e+00
-1.132172226905822754e+00
-8.782838582992553711e-01
-1.064229846000671387e+00
-2.155078887939453125e+00
-2.872146368026733398e-01
-9.940981864929199219e-02
-4.336467981338500977e-01
-1.306000828742980957e+00
-1.481796622276306152e+00
-7.185665369033813477e-01
-1.193514347076416016e+00
-1.251132249832153320e+00
-3.585806488990783691e-01
5.155474320054054260e-02
-6.346497535705566406e-01
3.321492671966552734e-01
-1.366129145026206970e-02
8.630018234252929688e-01
2.050941586494445801e-01
-1.170099675655364990e-01
1.604194998741149902e+00
1.235013604164123535e+00
1.076656132936477661e-01
6.343091130256652832e-01
9.018964171409606934e-01
-5.165091753005981445e-01
-1.620806574821472168e+00
-1.171527504920959473e+00
-1.953155994415283203e+00
2.174656391143798828e-01
-4.735704660415649414e-01
-3.402183055877685547e-01
-5.227642878890037537e-02
-6.110611557960510254e-01
-4.315809309482574463e-01
-3.311868309974670410e-01
-2.585477530956268311e-01
7.939803600311279297e-02
-5.816435441374778748e-02
9.011068940162658691e-02
7.207294702529907227e-01
-3.241326510906219482e-01
-1.415865302085876465e+00
1.754785776138305664e+00
1.224655747413635254e+00
1.510194659233093262e+00
1.523526906967163086e-01
8.085051774978637695e-01
1.355706453323364258e+00
2.045330047607421875e+00
4.789732098579406738e-01
-2.177548408508300781e+00
-1.168035149574279785e+00
1.202193275094032288e-02
-7.009139060974121094e-01
-1.778011322021484375e+00
-1.914973258972167969e+00
-2.518566608428955078e+00
-2.324024677276611328e+00
-1.498474478721618652e+00
-9.558158516883850098e-01
-7.925376892089843750e-01
2.640477195382118225e-02
1.241249084472656250e+00
1.233184933662414551e+00
-1.987288594245910645e-01
-1.756572127342224121e-01
5.373400449752807617e-01
8.150126934051513672e-01
2.005789041519165039e+00
1.373130440711975098e+00
4.886746406555175781e-01
8.220007419586181641e-01
1.787967681884765625e-01
7.376337647438049316e-01
1.031190633773803711e+00
4.166118502616882324e-01
-2.568259835243225098e-01
4.377165436744689941e-01
5.700149536132812500e-01
-1.042501255869865417e-02
-3.048218488693237305e-01
-9.030866622924804688e-01
2.102615356445312500e+00
1.225776195526123047e+00
1.659078001976013184e+00
1.145445942878723145e+00
9.459885358810424805e-01
2.170015811920166016e+00
5.984492301940917969e-01
-1.106080174446105957e+00
-1.223394870758056641e+00
1.495721459388732910e+00
1.867516756057739258e+00
-5.354204177856445312e-01
1.201141715049743652e+00
5.981038808822631836e-01
8.593502044677734375e-01
-1.195052146911621094e+00
-1.460920929908752441e+00
-1.121128559112548828e+00
-4.469999074935913086e-01
-1.924773097038269043e+00
-9.576327800750732422e-01
6.111796498298645020e-01
-3.457565307617187500e-01
-8.647786378860473633e-01
-8.700562715530395508e-01
-5.098001360893249512e-01
4.899633303284645081e-02
-8.490631580352783203e-01
8.647184371948242188e-01
4.375513792037963867e-01
2.137339830398559570e+00
5.508645176887512207e-01
1.142543911933898926e+00
-2.384373664855957031e+00
-3.639968335628509521e-01
2.870205044746398926e-01
1.085967719554901123e-01
9.286749362945556641e-02
-1.292092084884643555e+00
-1.340841650962829590e+00
-2.002914190292358398e+00
-1.405156731605529785e+00
-8.372161388397216797e-01
-5.414429903030395508e-01
-3.657801747322082520e-01
1.311141550540924072e-01
5.277762413024902344e-01
-2.145561277866363525e-01
-9.398347139358520508e-02
-1.754998564720153809e-01
-1.522527635097503662e-01
-1.844769120216369629e-01
-1.978432238101959229e-01
5.440525412559509277e-01
-9.315099716186523438e-01
-7.266836166381835938e-01
-1.046753406524658203e+00
-8.644952774047851562e-01
-8.383572697639465332e-01
-1.570909619331359863e+00
-8.463218212127685547e-01
-1.131891608238220215e-01
-9.217461347579956055e-01
-6.254254579544067383e-01
-7.808257341384887695e-01
-8.859888911247253418e-01
-1.781632304191589355e-01
-8.957549929618835449e-01
-8.525942564010620117e-01
-9.471852779388427734e-01
-7.676608562469482422e-01
-7.109887003898620605e-01
-4.181335568428039551e-01
-5.374759063124656677e-02
1.918244361877441406e-01
4.322022795677185059e-01
4.249435067176818848e-01
4.253330230712890625e-01
4.181048870086669922e-01
2.808610200881958008e-01
1.305252313613891602e+00
1.090648293495178223e+00
-4.344217479228973389e-01
2.051405310630798340e-01
-3.324986398220062256e-01
-9.341936111450195312e-01
-3.306503295898437500e-01
1.863071084022521973e+00
-2.739864587783813477e-01
-1.204481959342956543e+00
-1.862522959709167480e+00
-1.849357724189758301e+00
4.952626824378967285e-01
5.855776667594909668e-01
-9.440130591392517090e-01
-1.413564920425415039e+00
1.252338290214538574e+00
-2.081155776977539062e+00
-1.666083216667175293e+00
-1.450526356697082520e+00
-4.471652507781982422e-01
-1.544675707817077637e+00
-9.701395034790039062e-02
-2.855953574180603027e-01
1.257194280624389648e+00
-4.647504538297653198e-03
-1.090752482414245605e+00
-7.226582765579223633e-01
5.423888564109802246e-01
8.440454602241516113e-01
1.879673004150390625e-01
-1.874200701713562012e+00
-1.616325020790100098e+00
-3.994518145918846130e-02
-7.349847555160522461e-01
-1.352946162223815918e+00
-1.115386247634887695e+00
1.708744406700134277e+00
-7.475507259368896484e-01
-1.430848360061645508e+00
-3.798983097076416016e-01
-8.279401659965515137e-01
4.537248015403747559e-01
5.034441128373146057e-02
-9.040507078170776367e-01
-3.412464857101440430e-01
-2.747247219085693359e-01
8.465589284896850586e-01
5.192800760269165039e-01
-9.191278815269470215e-01
-1.626255154609680176e+00
-6.732215881347656250e-01
-3.318586349487304688e-01
-6.040025949478149414e-01
-1.037125229835510254e+00
1.085760354995727539e+00
-7.168796062469482422e-01
-7.938438653945922852e-01
-1.270715594291687012e+00
-1.563791930675506592e-01
-1.625370860099792480e+00
-1.761638760566711426e+00
-1.366471648216247559e+00
-1.904988408088684082e+00
-1.523104786872863770e+00
-1.747571825981140137e+00
-1.640963792800903320e+00
-1.619047403335571289e+00
-1.613356232643127441e+00
-1.574957251548767090e+00
-1.560984015464782715e+00
-9.747359752655029297e-01
-1.573042392730712891e+00
-1.033775925636291504e+00
-1.624467611312866211e+00
-9.776922464370727539e-01
-5.510686635971069336e-01
-4.973886013031005859e-01
-4.267392754554748535e-01
-3.030059337615966797e-01
-2.747095823287963867e-01
-3.419830203056335449e-01
-1.721731424331665039e-01
1.146247148513793945e+00
5.841060876846313477e-01
8.594593405723571777e-01
-2.165525674819946289e+00
-6.683697104454040527e-01
-1.379057049751281738e+00
-2.524544715881347656e+00
-2.021148502826690674e-01
4.362890720367431641e-01
-5.059003829956054688e-01
7.839981466531753540e-03
5.148075222969055176e-01
2.473360061645507812e+00
2.255044221878051758e+00
2.108762040734291077e-02
3.822645246982574463e-01
-8.254269361495971680e-01
9.784086942672729492e-01
-2.250669002532958984e-01
-6.914846301078796387e-01
-8.115544915199279785e-01
-9.808989763259887695e-01
-1.470620393753051758e+00
-2.180859804153442383e+00
-1.393873333930969238e+00
-1.011402249336242676e+00
-2.774282932281494141e+00
1.068179607391357422e+00
-2.657818317413330078e+00
4.152878522872924805e-01
7.499713301658630371e-01
-3.247679471969604492e-01
-1.149024486541748047e+00
-8.738638162612915039e-01
-1.236739397048950195e+00
-4.259372353553771973e-01
-7.792708873748779297e-01
-1.782481312751770020e+00
-1.869425058364868164e+00
-5.501780509948730469e-01
-3.639075517654418945e+00
4.175820946693420410e-01
1.006133198738098145e+00
7.247054576873779297e-02
-3.744341731071472168e-01
2.341670751571655273e+00
-8.515803217887878418e-01
-2.728919982910156250e+00
-1.156237274408340454e-01
-3.014817237854003906e-01
-2.275086641311645508e+00
-7.130369544029235840e-01
-2.920272946357727051e-01
-1.587904810905456543e+00
-7.925397157669067383e-02
-5.357288718223571777e-01
-7.285581827163696289e-01
-7.432481050491333008e-01
1.403304934501647949e+00
1.497861981391906738e+00
1.928933560848236084e-01
9.290703535079956055e-01
4.672985672950744629e-01
9.282240271568298340e-01
-2.923177480697631836e-01
3.781370520591735840e-01
7.333050966262817383e-01
-5.914087295532226562e-01
-1.249685883522033691e+00
3.768510818481445312e-01
2.305783271789550781e+00
1.100670814514160156e+00
3.297630697488784790e-03
-3.278537690639495850e-01
-2.137458801269531250e+00
-1.587155461311340332e-01
-6.864303946495056152e-01
1.006693243980407715e+00
-1.276789069175720215e+00
-2.092061996459960938e+00
-9.950733184814453125e-01
-1.766186118125915527e+00
-2.092956781387329102e+00
-1.165511131286621094e+00
-8.358712196350097656e-01
-1.160732507705688477e+00
1.264640986919403076e-01
-7.097575068473815918e-01
3.286324739456176758e-01
-1.411806941032409668e+00
-2.891700863838195801e-01
-6.088907718658447266e-01
-7.552626132965087891e-01
-5.951274037361145020e-01
-7.663444280624389648e-01
-1.348969340324401855e-01
8.267726898193359375e-01
1.617687702178955078e+00
1.540127873420715332e+00
6.924054026603698730e-01
8.447783589363098145e-01
2.693396806716918945e-01
5.134150981903076172e-01
-9.502631425857543945e-01
-4.430105090141296387e-01
1.731143236160278320e+00
4.346890151500701904e-01
-7.616354823112487793e-01
-4.589603543281555176e-01
1.117591857910156250e+00
1.289589285850524902e+00
1.294186472892761230e+00
1.143663287162780762e+00
1.314670205116271973e+00
2.448380708694458008e+00
6.180760860443115234e-01
-1.336704254150390625e+00
1.717620968818664551e+00
-1.126405894756317139e-01
4.234201312065124512e-01
2.194306850433349609e+00
1.263463616371154785e+00
-1.407052636146545410e+00
-1.305721402168273926e+00
2.504995837807655334e-02
-7.371144294738769531e-01
-1.415387094020843506e-01
5.547340512275695801e-01
-6.611279249191284180e-01
-1.518386840820312500e+00
-4.145292043685913086e-01
8.885587453842163086e-01
8.630042076110839844e-01
-3.144544959068298340e-01
-1.050717473030090332e+00
-1.104286789894104004e+00
-1.374177813529968262e+00
-2.172438383102416992e+00
-6.115397810935974121e-01
-8.579393029212951660e-01
-9.950264692306518555e-01
-5.999322533607482910e-01
-9.419524073600769043e-01
-4.875832796096801758e-01
2.925706505775451660e-01
-1.154119849205017090e+00
-1.983806490898132324e+00
-2.462922334671020508e+00
-1.042454600334167480e+00
-2.466216683387756348e-01
-1.023523926734924316e+00
-6.468496322631835938e-01
1.027275919914245605e+00
-6.187685728073120117e-01
-1.237197995185852051e+00
-1.930526852607727051e+00
-4.512071609497070312e-01
-1.240434527397155762e+00
-5.166764855384826660e-01
1.724808573722839355e+00
-2.179828882217407227e-01
-5.827935338020324707e-01
1.567820668220520020e+00
2.112833499908447266e+00
1.932257786393165588e-02
3.061679124832153320e+00
8.650329113006591797e-01
-1.637406051158905029e-01
-1.635777950286865234e-01
-1.486415028572082520e+00
-1.031497001647949219e+00
-8.010298609733581543e-01
-8.554296493530273438e-01
-4.568480253219604492e-01
-1.078322052955627441e+00
-2.484931945800781250e-01
-3.805323243141174316e-01
8.217477798461914062e-02
2.320789098739624023e-01
-1.406181752681732178e-01
4.284182563424110413e-02
-6.892562508583068848e-01
-2.818607091903686523e-01
-5.181609988212585449e-01
-1.913665771484375000e+00
4.403311014175415039e-01
-8.202993273735046387e-01
-5.720037221908569336e-01
-8.054610490798950195e-01
-6.323275566101074219e-01
-4.291882514953613281e-01
-1.319007873535156250e-01
-3.988349065184593201e-02
-1.135859489440917969e-01
1.476463079452514648e-01
-1.793916344642639160e+00
-2.076904296875000000e+00
-5.942696332931518555e-01
-2.803292274475097656e-01
2.644017934799194336e-01
2.593940734863281250e+00
1.305924654006958008e+00
-2.025683879852294922e+00
-1.935113906860351562e+00
-2.783761918544769287e-01
-6.860211491584777832e-01
4.796053767204284668e-01
-9.831112623214721680e-01
-6.318295001983642578e-01
1.534414291381835938e-01
-2.776240929961204529e-02
-7.503943443298339844e-01
-2.086032390594482422e+00
-8.062952756881713867e-02
4.341105818748474121e-01
-6.233589649200439453e-01
1.343441009521484375e+00
2.048940658569335938e+00
2.171546220779418945e+00
7.471527457237243652e-01
6.862121820449829102e-01
2.005934715270996094e-01
1.254219189286231995e-02
-1.167386770248413086e-01
1.725249648094177246e+00
4.921896457672119141e-01
6.639302968978881836e-01
-3.149026036262512207e-01
2.951449528336524963e-02
-2.371920645236968994e-01
-1.997496008872985840e+00
-9.510501623153686523e-01
-7.662981748580932617e-02
-8.825662732124328613e-02
7.393659949302673340e-01
5.599184632301330566e-01
-6.855350732803344727e-01
-1.862284183502197266e+00
-4.613150954246520996e-01
3.690028563141822815e-02
-1.968472599983215332e+00
-8.034735918045043945e-01
-1.638567075133323669e-02
-5.026035308837890625e-01
-1.269380450248718262e-01
1.119269132614135742e-01
-8.887422084808349609e-01
-5.509416460990905762e-01
-5.708260536193847656e-01
-1.527984738349914551e+00
-1.462655186653137207e+00
-1.650309324264526367e+00
-8.370777964591979980e-01
-7.294137477874755859e-01
7.438818216323852539e-01
-4.505997523665428162e-02
-6.817079186439514160e-01
-1.595036387443542480e+00
-1.400628685951232910e+00
-7.220853567123413086e-01
5.481050014495849609e-01
1.108278751373291016e+00
-9.747407436370849609e-01
-2.621299624443054199e-01
-8.146184682846069336e-02
-2.766516208648681641e-01
4.988672137260437012e-01
8.113990426063537598e-01
8.394410014152526855e-01
1.249137759208679199e+00
1.031121611595153809e+00
-2.621250972151756287e-02
1.970853805541992188e-01
-5.099909305572509766e-01
-4.371616244316101074e-01
3.211919218301773071e-03
-3.275071382522583008e-01
-7.099506258964538574e-01
1.297281265258789062e+00
5.564978718757629395e-01
-9.910856485366821289e-01
-5.004211068153381348e-01
-7.472574710845947266e-01
-1.264474153518676758e+00
-1.429471969604492188e+00
-2.179620981216430664e+00
2.709971666336059570e-01
6.614896655082702637e-01
8.036096096038818359e-01
-9.575990438461303711e-01
-4.243021011352539062e-01
-4.926305413246154785e-01
-2.200589418411254883e+00
-1.777348399162292480e+00
-3.176996707916259766e-01
-7.701671719551086426e-01
7.469962835311889648e-01
1.008663415908813477e+00
1.874149143695831299e-01
-1.529749631881713867e+00
-5.146609544754028320e-01
8.222106099128723145e-01
-4.003984928131103516e-01
-1.057892441749572754e+00
-2.406019687652587891e+00
4.698967337608337402e-01
-1.015543103218078613e+00
1.136573553085327148e+00
1.204202175140380859e+00
-1.075771152973175049e-01
3.491071760654449463e-01
-1.521677896380424500e-02
-4.090273678302764893e-01
-1.069690108299255371e+00
-4.242646098136901855e-01
6.776410937309265137e-01
-6.676736474037170410e-01
-2.387169122695922852e+00
-2.375042915344238281e+00
-1.421855330467224121e+00
-1.052932262420654297e+00
3.819444775581359863e-01
-2.346332073211669922e-01
8.297480940818786621e-01
5.066993832588195801e-01
-5.319594964385032654e-02
1.073685765266418457e+00
8.010702133178710938e-01
-1.039170861244201660e+00
-1.108694434165954590e+00
-3.564107716083526611e-01
-6.469571590423583984e-01
-1.048170566558837891e+00
-8.234139084815979004e-01
-1.173354983329772949e-01
-7.353741526603698730e-01
7.818248271942138672e-01
-4.790067300200462341e-02
-2.476669073104858398e+00
-2.762689113616943359e+00
-2.364612102508544922e+00
-1.713981747627258301e+00
6.167874336242675781e-01
2.271657705307006836e+00
2.903005123138427734e+00
-1.045481801033020020e+00
-5.198056697845458984e-01
-9.656649827957153320e-01
-1.264236688613891602e+00
-4.326589107513427734e-01
-1.607471108436584473e+00
3.134429827332496643e-02
-4.957643747329711914e-01
-6.859873533248901367e-01
4.922655224800109863e-01
-4.745867848396301270e-01
-3.849072456359863281e-01
-1.786363363265991211e+00
-1.219554185867309570e+00
-2.647306919097900391e-01
-3.756654262542724609e-01
1.260257482528686523e+00
-2.425549030303955078e-01
1.988619565963745117e-01
-7.492834329605102539e-01
-1.668011903762817383e+00
2.238631248474121094e+00
9.804979562759399414e-01
2.042993068695068359e+00
-6.359052658081054688e-01
-2.651993274688720703e+00
-5.205024480819702148e-01
1.577792286872863770e+00
1.931429266929626465e+00
-5.133906602859497070e-01
-5.648804903030395508e-01
-9.917334318161010742e-01
-8.191221952438354492e-01
-1.609216809272766113e+00
-1.186248660087585449e+00
-7.038161754608154297e-01
-1.238349318504333496e+00
-1.331425189971923828e+00
2.623485922813415527e-01
1.357281327247619629e+00
1.425695300102233887e+00
1.435734152793884277e+00
2.746462106704711914e+00
2.129741907119750977e+00
1.684770584106445312e+00
-1.173851728439331055e+00
-2.274320602416992188e+00
-2.293159723281860352e+00
-1.384388208389282227e-01
-8.535578250885009766e-01
-1.097737908363342285e+00
2.170260697603225708e-01
8.239749819040298462e-03
8.559503555297851562e-01
-8.395189046859741211e-01
-3.672656714916229248e-01
5.871322154998779297e-01
-4.153656959533691406e-01
1.888560175895690918e+00
1.368450522422790527e+00
2.386478900909423828e+00
2.136305809020996094e+00
-8.676397800445556641e-01
-8.282456398010253906e-01
1.498904109001159668e+00
5.092605352401733398e-01
-9.245449304580688477e-02
-1.588937163352966309e+00
-1.310977339744567871e-01
-8.797961473464965820e-02
2.917138934135437012e-01
4.619128108024597168e-01
7.091487646102905273e-01
-9.895149469375610352e-01
-8.516272306442260742e-01
1.110665202140808105e+00
-4.422783553600311279e-01
-2.370574697852134705e-02
-2.614092230796813965e-01
7.730337381362915039e-01
9.317021369934082031e-01
6.684652566909790039e-01
1.627392172813415527e-01
-1.685609817504882812e-01
-4.767504930496215820e-01
-1.072990059852600098e+00
1.683199524879455566e+00
-1.142194867134094238e+00
-2.258906841278076172e+00
-2.413141727447509766e-01
-1.415713906288146973e+00
3.479192852973937988e-01
1.714463829994201660e-01
-4.825850129127502441e-01
-1.500915288925170898e-01
1.166880130767822266e+00
1.154376864433288574e+00
1.896046996116638184e+00
-4.393192529678344727e-01
-3.989107608795166016e-01
8.709748983383178711e-01
3.545572757720947266e-01
-1.525255203247070312e+00
-1.967378020286560059e+00
-3.581523299217224121e-01
-2.504388093948364258e-01
-1.785668373107910156e+00
-5.675699710845947266e-01
-8.979243636131286621e-01
-6.797840595245361328e-01
-4.281793236732482910e-01
4.033186137676239014e-01
1.154785513877868652e+00
3.749572038650512695e-01
-9.499500989913940430e-01
-3.203496932983398438e-01
-8.267749547958374023e-01
-9.749084711074829102e-01
-8.594622015953063965e-01
-1.554369211196899414e+00
8.847278356552124023e-02
8.721162080764770508e-01
-4.042194783687591553e-01
-1.161654591560363770e+00
-3.433662950992584229e-01
-4.140457808971405029e-01
-7.843432426452636719e-01
-1.608318448066711426e+00
-6.038047671318054199e-01
-1.890480145812034607e-02
-6.118600964546203613e-01
3.178581297397613525e-01
6.332038640975952148e-01
-1.164780855178833008e+00
-2.450151741504669189e-01
6.792034506797790527e-01
-1.801115870475769043e-01
8.366966247558593750e-02
1.183498144149780273e+00
-1.983794093132019043e+00
1.407993212342262268e-02
-1.912489891052246094e+00
1.437677979469299316e+00
-4.960131272673606873e-02
-4.710363969206809998e-02
2.227580785751342773e+00
-3.367968201637268066e-01
-3.995333909988403320e-01
-1.576714515686035156e-01
-6.869946718215942383e-01
-2.921226024627685547e-01
-3.143279552459716797e-01
-2.653628587722778320e-01
-6.970908641815185547e-01
-1.554501652717590332e+00
-2.314878940582275391e+00
-1.847932815551757812e+00
-1.338245868682861328e+00
-1.777915120124816895e+00
-3.411499261856079102e+00
-4.147709369659423828e+00
-3.330048561096191406e+00
-4.143005847930908203e+00
-3.082119703292846680e+00
-1.357189297676086426e+00
-1.221803307533264160e+00
-1.997087121009826660e+00
-1.823184132575988770e+00
-3.652335166931152344e+00
-4.074050903320312500e+00
-1.591413855552673340e+00
-3.331332683563232422e+00
-3.033732891082763672e+00
-3.045887708663940430e+00
-4.291802883148193359e+00
-1.397392034530639648e+00
-8.432424068450927734e-01
-1.058776974678039551e+00
-1.206855893135070801e+00
-1.345239043235778809e+00
-2.055956363677978516e+00
-3.043984413146972656e+00
-3.333839416503906250e+00
-3.840802669525146484e+00
-3.826298713684082031e+00
2.915442466735839844e+00
9.902906417846679688e-01
-6.490170955657958984e-02
2.352905273437500000e+00
8.780630826950073242e-01
1.768585085868835449e+00
2.620290517807006836e-01
-3.766357526183128357e-02
4.936520159244537354e-01
1.068003773689270020e+00
2.011247396469116211e+00
3.332571506500244141e+00
1.535904049873352051e+00
1.357254624366760254e+00
1.240448832511901855e+00
2.432003319263458252e-01
-4.964621067047119141e-01
-1.234100222587585449e+00
-8.997802734375000000e-01
1.144185185432434082e+00
-8.306702375411987305e-01
-1.413625597953796387e+00
-1.042469382286071777e+00
-2.470329105854034424e-01
-1.638288795948028564e-01
9.464659094810485840e-01
6.417475938796997070e-01
8.963190913200378418e-01
1.016030073165893555e+00
-5.295420885086059570e-01
8.841278553009033203e-01
-1.459024548530578613e+00
1.193591475486755371e+00
2.604118347167968750e+00
8.052203059196472168e-01
5.804172754287719727e-01
6.446475386619567871e-01
1.147350668907165527e+00
2.301406383514404297e+00
7.098813056945800781e-01
-1.907945871353149414e-01
-1.261839509010314941e+00
-1.287215590476989746e+00
-1.110033035278320312e+00
-2.372168898582458496e-01
-4.748749136924743652e-01
-1.130875110626220703e+00
