-7.172802835702896118e-02
-3.097577989101409912e-01
-2.391676008701324463e-01
3.263663351535797119e-01
4.508056491613388062e-02
-6.111719608306884766e-01
-4.219490289688110352e-01
-8.901644945144653320e-01
-8.545541167259216309e-01
-6.791375279426574707e-01
-3.857007920742034912e-01
-8.895925432443618774e-02
-7.678297907114028931e-02
-5.085302144289016724e-02
6.073843687772750854e-02
1.506775617599487305e-01
2.231937348842620850e-01
3.015612065792083740e-01
3.362636268138885498e-01
2.640797495841979980e-01
1.930286288261413574e-01
1.205650493502616882e-01
4.523213952779769897e-02
-1.217297464609146118e-02
-4.839686304330825806e-02
-6.527716666460037231e-02
-6.666479259729385376e-02
-5.755145102739334106e-02
-3.640986233949661255e-02
-9.094513952732086182e-03
1.063776761293411255e-02
2.151928097009658813e-02
3.547704964876174927e-02
5.534277111291885376e-02
5.960800498723983765e-02
3.123642504215240479e-01
5.431916564702987671e-02
2.452200353145599365e-01
2.583835124969482422e-01
2.709898352622985840e-01
3.177696466445922852e-01
3.501828908920288086e-01
2.294782102108001709e-01
2.049519866704940796e-02
2.090145051479339600e-01
2.158375680446624756e-01
2.574664354324340820e-01
2.190073579549789429e-02
1.250325888395309448e-02
1.949810981750488281e-01
3.552030026912689209e-01
2.108078449964523315e-02
6.218574941158294678e-03
5.791448056697845459e-03
6.431095302104949951e-03
-2.356896549463272095e-02
1.787472665309906006e-01
2.516114413738250732e-01
1.922088265419006348e-01
1.986968517303466797e-01
1.897955536842346191e-01
1.801632046699523926e-01
2.203917503356933594e-01
1.554426252841949463e-01
8.071117848157882690e-02
1.956193149089813232e-01
2.116665244102478027e-01
1.825807392597198486e-01
1.554343998432159424e-01
2.934297621250152588e-01
4.854622185230255127e-01
2.208339273929595947e-01
2.346479296684265137e-01
4.220833480358123779e-01
4.275380671024322510e-01
4.584328234195709229e-01
6.074377298355102539e-01
3.205624520778656006e-01
4.712317883968353271e-01
-2.460211813449859619e-01
-6.636183857917785645e-01
-5.734017491340637207e-01
1.238137111067771912e-01
1.754001080989837646e-01
3.723838180303573608e-02
-9.142348915338516235e-02
-4.655590355396270752e-01
-7.712787389755249023e-01
-8.255249261856079102e-01
-1.273078441619873047e+00
-1.299568533897399902e+00
-1.264601230621337891e+00
-1.321212768554687500e+00
-1.430484056472778320e+00
-1.280888080596923828e+00
-1.256687402725219727e+00
4.667927324771881104e-01
7.275097370147705078e-01
6.306674480438232422e-01
6.075713038444519043e-01
5.955512523651123047e-01
8.417522907257080078e-01
4.986819326877593994e-01
7.700494527816772461e-01
3.231852352619171143e-01
8.549383282661437988e-01
6.595866084098815918e-01
9.961072206497192383e-01
1.065159082412719727e+00
9.167019724845886230e-01
9.208931326866149902e-01
7.882796525955200195e-01
9.596732258796691895e-01
8.536019921302795410e-01
6.737858653068542480e-01
7.062069773674011230e-01
6.482822299003601074e-01
6.237733960151672363e-01
8.982565999031066895e-01
7.171849012374877930e-01
3.366930484771728516e-01
5.926984548568725586e-01
6.365196704864501953e-01
5.152304768562316895e-01
4.954123198986053467e-01
4.947205483913421631e-01
4.985947906970977783e-01
5.288295745849609375e-01
5.329452753067016602e-01
5.178052783012390137e-01
4.241987168788909912e-01
3.698897957801818848e-01
3.313416540622711182e-01
4.219011664390563965e-01
4.136487543582916260e-01
4.188989996910095215e-01
4.194945693016052246e-01
4.215584695339202881e-01
4.161127209663391113e-01
4.188451468944549561e-01
4.997628927230834961e-01
4.914005100727081299e-01
4.752816557884216309e-01
5.102871060371398926e-01
5.025659203529357910e-01
5.082919597625732422e-01
5.079442262649536133e-01
5.066077113151550293e-01
5.032667517662048340e-01
5.005615353584289551e-01
5.807285308837890625e-01
6.691091656684875488e-01
7.325562834739685059e-01
7.688865065574645996e-01
8.241044878959655762e-01
8.162007927894592285e-01
8.080431818962097168e-01
7.216996550559997559e-01
6.464719176292419434e-01
7.638587951660156250e-01
8.021177053451538086e-01
8.355961441993713379e-01
6.234813332557678223e-01
4.496658444404602051e-01
3.299817144870758057e-01
1.264656901359558105e+00
1.107515692710876465e+00
1.057167172431945801e+00
1.797689497470855713e-01
7.181941717863082886e-02
1.276935636997222900e-01
9.575196504592895508e-01
8.977260589599609375e-01
3.970710933208465576e-01
9.216680526733398438e-01
8.059462308883666992e-01
1.068238973617553711e+00
1.538279294967651367e+00
1.016417622566223145e+00
9.014487862586975098e-01
1.002988934516906738e+00
1.195997223258018494e-01
9.116953611373901367e-01
8.240054845809936523e-01
9.436789155006408691e-01
1.234399914741516113e+00
1.241535425186157227e+00
1.465154051780700684e+00
1.395492792129516602e+00
1.836170434951782227e+00
1.596730947494506836e+00
1.334343552589416504e+00
1.143198966979980469e+00
1.125005245208740234e+00
1.187131524085998535e+00
6.257488727569580078e-01
-1.270748674869537354e-03
2.081971406936645508e+00
1.433915019035339355e+00
4.159303754568099976e-02
-6.550126075744628906e-01
-1.384011507034301758e+00
-1.190843224525451660e+00
1.099236726760864258e+00
6.522078514099121094e-01
6.014380455017089844e-01
4.503213167190551758e-01
3.691861331462860107e-01
3.632805943489074707e-01
3.517580926418304443e-01
-8.758850395679473877e-03
-2.180389463901519775e-01
-1.697154641151428223e-01
-3.537643700838088989e-02
2.714683860540390015e-02
3.628509491682052612e-02
2.000503242015838623e-03
-1.627517491579055786e-02
4.306479543447494507e-02
-3.984547406435012817e-02
2.622535526752471924e-01
-3.585166484117507935e-02
9.583248496055603027e-01
-1.703480631113052368e-02
1.366702198982238770e+00
-7.924304604530334473e-01
2.341689914464950562e-02
4.298389256000518799e-01
8.477481603622436523e-01
1.603024005889892578e+00
5.451913475990295410e-01
2.031722366809844971e-01
2.121145427227020264e-01
-6.892576068639755249e-02
-2.664720714092254639e-01
-3.385606706142425537e-01
-1.369304656982421875e-01
5.322545021772384644e-02
3.436480462551116943e-01
6.258624196052551270e-01
1.667491793632507324e-01
3.149519115686416626e-02
3.359235823154449463e-03
3.776630014181137085e-02
1.157065853476524353e-01
5.352457612752914429e-02
2.662122994661331177e-02
3.311617076396942139e-01
1.624885201454162598e-01
2.767207473516464233e-02
6.990090757608413696e-02
9.036482125520706177e-02
2.378394901752471924e-01
1.785736083984375000e-01
4.376112520694732666e-01
4.150017499923706055e-01
3.072895705699920654e-01
3.046446144580841064e-01
2.780756056308746338e-01
3.551854193210601807e-01
2.816729843616485596e-01
2.147006690502166748e-01
2.683983147144317627e-01
2.937138974666595459e-01
2.395285069942474365e-01
1.089379116892814636e-01
4.478527307510375977e-01
5.894520878791809082e-01
-6.454572081565856934e-01
5.610163807868957520e-01
6.491471529006958008e-01
5.234750509262084961e-01
9.043583869934082031e-01
1.192074418067932129e+00
6.528301835060119629e-01
1.554400205612182617e+00
1.548695921897888184e+00
1.217259645462036133e+00
1.337907791137695312e+00
1.261012792587280273e+00
8.231001496315002441e-01
6.538848280906677246e-01
6.724102497100830078e-01
5.283107161521911621e-01
5.048605799674987793e-01
6.781368255615234375e-01
6.654334664344787598e-01
6.737499833106994629e-01
6.848278641700744629e-01
6.747662425041198730e-01
5.906651020050048828e-01
4.565228819847106934e-01
4.564572274684906006e-01
5.973834395408630371e-01
5.320035815238952637e-01
5.860772728919982910e-01
6.983539462089538574e-01
4.719100892543792725e-01
5.501904487609863281e-01
6.655156016349792480e-01
5.069786310195922852e-01
4.902537763118743896e-01
4.557322859764099121e-01
4.936713874340057373e-01
4.241755604743957520e-01
4.134199023246765137e-01
5.004793405532836914e-01
7.420273423194885254e-01
5.789673924446105957e-01
6.163177490234375000e-01
6.471063494682312012e-01
6.337485909461975098e-01
5.947121977806091309e-01
6.076911687850952148e-01
6.139002442359924316e-01
6.224560737609863281e-01
6.279634833335876465e-01
6.496158838272094727e-01
5.902484655380249023e-01
6.249068975448608398e-01
6.334925889968872070e-01
6.251078248023986816e-01
6.216683387756347656e-01
6.200376152992248535e-01
6.195610761642456055e-01
6.157559156417846680e-01
6.001784205436706543e-01
5.929076671600341797e-01
6.623410582542419434e-01
5.695668458938598633e-01
5.775787234306335449e-01
5.262107849121093750e-01
5.256610512733459473e-01
5.256655812263488770e-01
5.416901111602783203e-01
5.547016263008117676e-01
5.601532459259033203e-01
5.319417119026184082e-01
5.581081509590148926e-01
5.686588883399963379e-01
5.514103174209594727e-01
4.897699654102325439e-01
1.455515325069427490e-01
1.478925347328186035e-01
5.187191367149353027e-01
3.956378996372222900e-01
5.456675887107849121e-01
5.515277385711669922e-01
-1.968483626842498779e-01
5.774626135826110840e-01
5.758394598960876465e-01
-7.616487890481948853e-02
-4.292634874582290649e-02
3.389908373355865479e-01
1.144478440284729004e+00
9.280176162719726562e-01
3.719843327999114990e-01
3.226956427097320557e-01
3.228150308132171631e-01
6.029247045516967773e-01
8.319495916366577148e-01
4.334261119365692139e-01
2.912339270114898682e-01
2.748987078666687012e-01
2.827044725418090820e-01
2.829273939132690430e-01
2.893142700195312500e-01
2.740667462348937988e-01
1.552033722400665283e-01
8.187729865312576294e-02
1.523504108190536499e-01
2.046655118465423584e-01
2.181788980960845947e-01
2.322859168052673340e-01
2.560356259346008301e-01
3.031829893589019775e-01
3.117317259311676025e-01
3.200888335704803467e-01
3.397267162799835205e-01
5.464033484458923340e-01
4.033962488174438477e-01
4.043620824813842773e-01
4.593609273433685303e-01
5.076197385787963867e-01
4.274482131004333496e-01
4.164762198925018311e-01
4.506349563598632812e-01
4.809285700321197510e-01
6.140614151954650879e-01
6.573579907417297363e-01
6.130251288414001465e-01
6.261003613471984863e-01
6.310297846794128418e-01
5.790932774543762207e-01
5.383217334747314453e-01
5.050957798957824707e-01
4.865054190158843994e-01
4.718591570854187012e-01
4.649478197097778320e-01
4.518881142139434814e-01
4.369583129882812500e-01
4.763036072254180908e-01
5.053828358650207520e-01
5.213094949722290039e-01
5.399392843246459961e-01
5.117874741554260254e-01
8.650279045104980469e-01
6.292072534561157227e-01
5.219036936759948730e-01
6.041434407234191895e-01
6.116027235984802246e-01
5.988872647285461426e-01
5.878024697303771973e-01
5.814650058746337891e-01
5.788514614105224609e-01
5.789130330085754395e-01
5.806943774223327637e-01
5.834261775016784668e-01
5.867103934288024902e-01
5.899270176887512207e-01
5.936241149902343750e-01
5.968194007873535156e-01
5.999447703361511230e-01
6.140953898429870605e-01
6.159128546714782715e-01
6.261088252067565918e-01
6.365968585014343262e-01
6.080654263496398926e-01
4.613753557205200195e-01
2.136208713054656982e-01
3.744475543498992920e-01
-2.614500820636749268e-01
-4.476195871829986572e-01
5.573595762252807617e-01
-2.423012256622314453e-01
-1.019436493515968323e-01
1.842291057109832764e-01
1.808688342571258545e-01
1.185183152556419373e-01
3.012751042842864990e-01
1.006997376680374146e-02
-8.878306299448013306e-02
2.635749876499176025e-01
-6.629381328821182251e-02
-1.059623137116432190e-01
1.703902333974838257e-02
-5.370460152626037598e-01
4.355939328670501709e-01
1.021258831024169922e+00
7.241339087486267090e-01
3.722862899303436279e-01
3.911905586719512939e-01
7.497355937957763672e-01
2.812231481075286865e-01
3.772892653942108154e-01
8.049474656581878662e-02
4.460816681385040283e-01
5.074156522750854492e-01
3.730843961238861084e-01
4.806791245937347412e-01
3.880688250064849854e-01
1.738623380661010742e-01
1.796908378601074219e-01
1.224153041839599609e-01
9.775685518980026245e-02
1.309427917003631592e-01
5.246180891990661621e-01
-2.722782641649246216e-02
1.746991872787475586e-01
1.650927960872650146e-01
-1.933405101299285889e-01
9.145041555166244507e-02
-8.922077715396881104e-03
-6.405232101678848267e-02
-1.069108024239540100e-01
3.269020617008209229e-01
3.236999511718750000e-01
4.973480403423309326e-01
7.986214160919189453e-01
8.338032364845275879e-01
7.480317950248718262e-01
3.372975885868072510e-01
4.562060534954071045e-01
7.400448918342590332e-01
6.508992910385131836e-01
5.315023064613342285e-01
1.630426347255706787e-01
1.116792038083076477e-01
9.411168843507766724e-02
1.152131929993629456e-01
1.773969829082489014e-01
1.699674427509307861e-01
1.436534225940704346e-01
2.165183424949645996e-01
3.616992533206939697e-01
9.819999933242797852e-01
5.250396132469177246e-01
6.851960420608520508e-01
5.793986916542053223e-01
3.149814903736114502e-01
6.953023374080657959e-03
-2.819121778011322021e-01
1.146384328603744507e-02
4.356006681919097900e-01
-1.831214427947998047e-01
-8.651179820299148560e-02
3.614882826805114746e-01
-4.830140769481658936e-01
-2.501037716865539551e-01
-8.956340700387954712e-02
-2.188597023487091064e-01
1.793556660413742065e-02
9.435065835714340210e-02
2.742147147655487061e-01
2.845984995365142822e-01
-4.016000777482986450e-02
2.841337770223617554e-02
9.617676585912704468e-02
1.414907276630401611e-01
4.605279117822647095e-02
-1.025778129696846008e-01
-1.869853734970092773e-01
-1.283195912837982178e-01
-4.723144322633743286e-02
1.740860342979431152e-01
8.700595051050186157e-02
-2.335396707057952881e-01
-1.967721283435821533e-01
-1.519784033298492432e-01
-1.644807308912277222e-02
2.295764535665512085e-02
2.161978930234909058e-02
5.654518008232116699e-01
6.320037692785263062e-02
-5.554032325744628906e-01
-5.492039322853088379e-01
-9.244892001152038574e-01
-7.186247706413269043e-01
-3.937917053699493408e-01
-5.962154269218444824e-01
-4.369135797023773193e-01
-2.139481604099273682e-01
-3.126731216907501221e-01
-3.298504650592803955e-01
-5.839952230453491211e-01
-7.734633088111877441e-01
-8.379774689674377441e-01
-1.095907688140869141e+00
-1.251188278198242188e+00
-1.593021154403686523e+00
-2.123489856719970703e+00
-1.610892534255981445e+00
-1.534203171730041504e+00
-7.350595593452453613e-01
-4.297887384891510010e-01
-8.049975037574768066e-01
-1.738971829414367676e+00
-3.946504890918731689e-01
-1.551297783851623535e+00
-1.902572393417358398e+00
-1.871198654174804688e+00
-1.916231632232666016e+00
-1.421471595764160156e+00
-4.342537224292755127e-01
-1.196666121482849121e+00
-1.530181884765625000e+00
-1.361303687095642090e+00
-7.738234400749206543e-01
-6.148186922073364258e-01
5.709113925695419312e-02
-3.020470142364501953e-01
-2.926587760448455811e-01
1.049391254782676697e-01
-6.070642918348312378e-02
-9.666139632463455200e-02
-1.739259064197540283e-01
-4.362792074680328369e-01
-1.449598431587219238e+00
-1.319947242736816406e+00
-1.497549772262573242e+00
-1.118661284446716309e+00
-1.078179597854614258e+00
-5.341557860374450684e-01
-1.414260029792785645e+00
-1.617850184440612793e+00
-1.555526256561279297e+00
-1.584629058837890625e+00
-1.801461279392242432e-01
1.280725240707397461e+00
-7.039378285408020020e-01
-2.747564077377319336e+00
-9.021411538124084473e-01
-4.045726060867309570e-01
-4.737261831760406494e-01
-6.210574507713317871e-01
-7.162744402885437012e-01
-7.054271101951599121e-01
-3.438895046710968018e-01
-2.626984119415283203e-01
-2.753331363201141357e-01
-4.766139090061187744e-01
-3.600153625011444092e-01
-1.608502566814422607e-01
-4.298223555088043213e-01
-2.964456975460052490e-01
-4.420116841793060303e-01
-4.790401756763458252e-01
-4.875674545764923096e-01
-4.961175620555877686e-01
-5.044153332710266113e-01
-4.998487532138824463e-01
-5.595366358757019043e-01
-5.252086520195007324e-01
-5.111442208290100098e-01
-5.470544099807739258e-01
-5.379132628440856934e-01
-5.986699461936950684e-01
-6.130453348159790039e-01
-6.289725303649902344e-01
-6.695050001144409180e-01
-6.682773828506469727e-01
-4.590109288692474365e-01
-6.649598479270935059e-01
-7.330381274223327637e-01
-8.260641694068908691e-01
-5.015753507614135742e-01
-7.217563986778259277e-01
-7.656778693199157715e-01
-7.726058363914489746e-01
-7.468854784965515137e-01
-6.956320405006408691e-01
-6.373961567878723145e-01
-6.261510252952575684e-01
-6.590665578842163086e-01
-5.070412755012512207e-01
-4.841643273830413818e-01
-5.732640624046325684e-01
-7.200900316238403320e-01
-1.959169805049896240e-01
-6.515145897865295410e-01
-7.001668810844421387e-01
-7.512827515602111816e-01
-7.740960717201232910e-01
-7.894628643989562988e-01
-8.196861743927001953e-01
-1.011480212211608887e+00
-5.823355317115783691e-01
-7.963966727256774902e-01
-1.030723810195922852e+00
-9.746461510658264160e-01
-9.869195818901062012e-01
-9.182613492012023926e-01
-8.446166515350341797e-01
-5.300054550170898438e-01
-4.660288393497467041e-01
-4.553233087062835693e-01
-4.053808152675628662e-01
-4.265429079532623291e-01
-5.077019333839416504e-01
-5.069366097450256348e-01
-4.092569947242736816e-01
-5.617330670356750488e-01
-5.199000835418701172e-01
-4.882784187793731689e-01
-5.583253502845764160e-01
-5.911886692047119141e-01
-4.637822210788726807e-01
-4.224226772785186768e-01
4.462518393993377686e-01
-3.037123084068298340e-01
1.258974969387054443e-01
-5.779283642768859863e-01
-4.693571031093597412e-01
-2.541585266590118408e-01
-3.546527773141860962e-02
3.627797216176986694e-02
5.362674593925476074e-01
6.994218826293945312e-01
6.140555143356323242e-01
5.149956345558166504e-01
4.136889874935150146e-01
5.647157430648803711e-01
1.734076440334320068e-01
-2.739434540271759033e-01
-1.265896558761596680e+00
-1.511786103248596191e+00
-1.181833386421203613e+00
-2.156093835830688477e+00
-1.685570359230041504e+00
-1.301680564880371094e+00
-7.203850150108337402e-01
-6.692572236061096191e-01
-6.495063900947570801e-01
-1.072692513465881348e+00
-7.116538286209106445e-01
-1.221542596817016602e+00
3.359472155570983887e-01
4.374738335609436035e-01
1.257775425910949707e-01
3.960439860820770264e-01
2.011223077774047852e+00
1.712736010551452637e+00
1.572456061840057373e-01
7.138945907354354858e-02
1.653352081775665283e-01
1.113574504852294922e+00
-8.569281697273254395e-01
1.281920552253723145e+00
5.153875350952148438e-01
3.076992928981781006e-03
5.512184500694274902e-01
-3.707498013973236084e-01
-6.851297616958618164e-01
-3.510830402374267578e-01
8.384727835655212402e-01
1.438352108001708984e+00
1.451639413833618164e+00
1.898684978485107422e+00
4.179839789867401123e-01
7.995499372482299805e-01
7.645875811576843262e-01
8.769949078559875488e-01
8.419992327690124512e-01
8.135363459587097168e-01
8.260919451713562012e-01
7.476069927215576172e-01
7.165385484695434570e-01
-4.081492722034454346e-01
-7.597087025642395020e-01
-1.021008372306823730e+00
-1.142779588699340820e+00
-1.207629203796386719e+00
-1.384336590766906738e+00
-1.271319627761840820e+00
-1.137180328369140625e+00
-1.034765720367431641e+00
-6.599106788635253906e-01
1.812743842601776123e-01
-1.804127693176269531e-01
-4.724774658679962158e-01
-6.461591124534606934e-01
-4.181195199489593506e-01
-8.302066922187805176e-01
-4.730314314365386963e-01
-6.166491508483886719e-01
-5.504433512687683105e-01
-4.385187923908233643e-01
-3.566072285175323486e-01
-1.554760038852691650e-01
-1.293115317821502686e-01
-1.137978211045265198e-01
-1.936848461627960205e-01
-2.605712115764617920e-01
1.589908301830291748e-01
-1.931380927562713623e-01
-2.770110368728637695e-01
-3.056494593620300293e-01
-2.182203233242034912e-01
-3.602096736431121826e-01
-4.049551188945770264e-01
-3.787176907062530518e-01
-4.711294472217559814e-01
-3.223946392536163330e-01
-3.019174337387084961e-01
-3.006816506385803223e-01
-2.419450879096984863e-01
-2.629334628582000732e-01
-1.314038932323455811e-01
-4.036199748516082764e-01
-3.528157472610473633e-01
-1.281388401985168457e-01
-5.946464538574218750e-01
-7.402518391609191895e-01
-8.045712113380432129e-01
-7.205079197883605957e-01
-7.637549638748168945e-01
-8.061271905899047852e-01
-7.044308781623840332e-01
-6.714814305305480957e-01
-7.770316004753112793e-01
-7.141899466514587402e-01
-7.163451313972473145e-01
-7.127295136451721191e-01
-7.040598988533020020e-01
-7.068420052528381348e-01
-6.793039441108703613e-01
-7.470996379852294922e-01
-7.155998349189758301e-01
-6.720163226127624512e-01
-3.994769752025604248e-01
-1.886907219886779785e-01
-1.903990209102630615e-01
-2.087743878364562988e-01
-3.245547115802764893e-01
-5.728200078010559082e-01
-1.069326922297477722e-01
-2.403607666492462158e-01
-3.060996532440185547e-01
-4.309779107570648193e-01
-4.347579777240753174e-01
-4.689135253429412842e-01
-8.835714459419250488e-01
-1.109574198722839355e+00
-1.049742579460144043e+00
-7.710450291633605957e-01
-9.386971592903137207e-01
-1.175677657127380371e+00
-1.300511717796325684e+00
-9.049009680747985840e-01
1.460888385772705078e-01
3.545062541961669922e-01
5.442370176315307617e-01
6.819171309471130371e-01
7.111901044845581055e-01
9.572398662567138672e-01
1.045143842697143555e+00
7.828382849693298340e-01
6.657384634017944336e-01
1.056177258491516113e+00
7.615604400634765625e-01
7.524029016494750977e-01
6.756011247634887695e-01
4.694534838199615479e-01
5.643294453620910645e-01
5.645220279693603516e-01
5.636959671974182129e-01
5.128273367881774902e-01
1.004009485244750977e+00
5.399639010429382324e-01
4.911391735076904297e-01
3.233283162117004395e-01
5.518116950988769531e-01
4.859068691730499268e-01
1.182811379432678223e+00
1.288467645645141602e+00
1.279405832290649414e+00
6.747155189514160156e-01
3.692078292369842529e-01
-2.411243021488189697e-01
-4.165360033512115479e-01
-4.346370995044708252e-01
-4.442016035318374634e-02
-6.250686645507812500e-01
9.733878076076507568e-03
1.264927625656127930e+00
8.272944688796997070e-01
6.977041363716125488e-01
7.327371239662170410e-01
5.131360888481140137e-01
2.374382913112640381e-01
4.813663065433502197e-01
3.737289607524871826e-01
2.963046431541442871e-01
8.900563716888427734e-01
5.647817850112915039e-01
5.442754626274108887e-01
5.306640863418579102e-01
5.751993656158447266e-01
5.980222821235656738e-01
5.638163089752197266e-01
5.278030037879943848e-01
5.181601047515869141e-01
4.370077252388000488e-01
3.940730988979339600e-01
4.595184028148651123e-01
4.931331276893615723e-01
4.508736431598663330e-01
3.820175528526306152e-01
9.548978209495544434e-01
9.035851359367370605e-01
1.007115483283996582e+00
9.960666298866271973e-01
9.491718411445617676e-01
6.804654002189636230e-01
5.592074245214462280e-02
1.283642649650573730e-01
8.773475289344787598e-01
5.281280279159545898e-01
5.528597235679626465e-01
-2.896644473075866699e-01
-9.957528859376907349e-02
3.051810711622238159e-02
2.724816799163818359e-01
3.422392606735229492e-01
2.981082797050476074e-01
7.861016392707824707e-01
6.045141816139221191e-01
5.209610462188720703e-01
3.186941742897033691e-01
3.258824050426483154e-01
3.343032896518707275e-01
5.633041262626647949e-01
3.539766967296600342e-01
3.418668806552886963e-01
5.002247691154479980e-01
3.563785851001739502e-01
3.965806066989898682e-01
3.857966512441635132e-02
7.921231985092163086e-01
2.453990578651428223e-01
1.985289156436920166e-01
4.219384491443634033e-01
-2.379708737134933472e-02
-2.507788687944412231e-02
-2.269212156534194946e-02
-2.488682419061660767e-02
-7.607862353324890137e-03
-1.521321386098861694e-02
-1.155164092779159546e-02
9.017094224691390991e-02
2.556474804878234863e-01
3.531466722488403320e-01
3.025339543819427490e-01
5.758585333824157715e-01
4.554914534091949463e-01
6.557648181915283203e-01
5.742869973182678223e-01
5.575613975524902344e-01
5.924442410469055176e-01
6.867777705192565918e-01
5.003770589828491211e-01
7.295609116554260254e-01
4.826125800609588623e-01
5.066586732864379883e-01
7.963164448738098145e-01
6.874141097068786621e-01
4.091713130474090576e-01
6.541216969490051270e-01
4.447594881057739258e-01
3.708373904228210449e-01
4.742402732372283936e-01
4.650267362594604492e-01
4.806425273418426514e-01
5.178767442703247070e-01
7.323104739189147949e-01
5.047390460968017578e-01
5.457448363304138184e-01
5.144160389900207520e-01
5.261230468750000000e-01
6.118925213813781738e-01
6.921591162681579590e-01
5.630797147750854492e-01
5.339882969856262207e-01
7.508219480514526367e-01
8.441255688667297363e-01
6.344342827796936035e-01
7.099207639694213867e-01
9.127748012542724609e-01
8.552308082580566406e-01
9.600276350975036621e-01
8.710576295852661133e-01
3.337680101394653320e-01
4.014770090579986572e-01
4.128544330596923828e-01
5.562444925308227539e-01
1.300944387912750244e-01
7.550026774406433105e-01
6.379060149192810059e-01
6.353530883789062500e-01
5.377027988433837891e-01
5.170207023620605469e-01
1.086297750473022461e+00
1.174791097640991211e+00
1.104295492172241211e+00
8.238406777381896973e-01
8.797209858894348145e-01
8.542965650558471680e-01
9.964072704315185547e-01
1.046550631523132324e+00
1.291394710540771484e+00
1.224857926368713379e+00
1.285612106323242188e+00
1.147878170013427734e+00
1.053446888923645020e+00
8.042384982109069824e-01
9.348862767219543457e-01
9.838666915893554688e-01
8.847069740295410156e-01
8.616354465484619141e-01
1.059905886650085449e+00
8.534469008445739746e-01
8.635353446006774902e-01
5.591806173324584961e-01
5.374616980552673340e-01
5.058073997497558594e-01
4.349320232868194580e-01
5.159356594085693359e-01
6.318339109420776367e-01
8.891078233718872070e-01
5.824519395828247070e-01
7.692041397094726562e-01
8.761382699012756348e-01
1.132269859313964844e+00
1.113860607147216797e+00
5.851953625679016113e-01
3.602761328220367432e-01
1.701759934425354004e+00
6.501976251602172852e-01
1.758633255958557129e-01
3.949241340160369873e-01
8.416551947593688965e-01
1.890288233757019043e+00
1.488672018051147461e+00
1.360159754753112793e+00
4.406196773052215576e-01
1.151227951049804688e+00
-1.961300075054168701e-01
1.125587582588195801e+00
-1.489645242691040039e-01
7.883136868476867676e-01
-2.292094469070434570e+00
2.771341800689697266e-01
1.078991219401359558e-01
3.581991493701934814e-01
1.479300260543823242e-01
1.525599658489227295e-01
2.537777721881866455e-01
4.239937365055084229e-01
7.594185471534729004e-01
8.130607008934020996e-01
6.884334683418273926e-01
6.486381888389587402e-01
-5.937349796295166016e-01
5.271728038787841797e-01
3.909520208835601807e-01
2.097426056861877441e-01
1.003053784370422363e+00
-5.117009282112121582e-01
-2.722211182117462158e-01
-7.078929543495178223e-01
-6.373997330665588379e-01
-1.114141464233398438e+00
-1.334162592887878418e+00
-1.373639106750488281e+00
-1.386435389518737793e+00
-1.569682598114013672e+00
-5.737412571907043457e-01
-2.053282558917999268e-01
4.043246805667877197e-01
2.366876304149627686e-01
9.637185186147689819e-02
2.932212650775909424e-01
5.771942138671875000e-01
9.097068905830383301e-01
1.430030167102813721e-01
-1.357281506061553955e-01
7.390518784523010254e-01
5.063943266868591309e-01
7.095381617546081543e-01
6.851179003715515137e-01
8.072119206190109253e-02
-3.125024586915969849e-02
2.863642871379852295e-01
-1.429453492164611816e-02
3.055139780044555664e-01
3.910963833332061768e-01
2.962703406810760498e-01
4.239301979541778564e-01
4.546323716640472412e-01
5.328852534294128418e-01
1.325222551822662354e-01
2.167606055736541748e-01
1.692228913307189941e-01
1.330229938030242920e-01
-4.473962634801864624e-02
-6.402536481618881226e-02
-8.311443030834197998e-03
2.027593553066253662e-03
-4.177417606115341187e-02
-5.224140733480453491e-02
-6.195514649152755737e-02
-6.150952726602554321e-02
5.847837775945663452e-02
-4.507131874561309814e-03
-1.152137741446495056e-01
-9.093510359525680542e-02
-6.940167397260665894e-02
-5.406133085489273071e-02
-1.466878652572631836e-01
-2.255171239376068115e-01
-2.285521924495697021e-01
-2.273431122303009033e-01
-2.262454330921173096e-01
-2.568038105964660645e-01
-2.967507541179656982e-01
-3.324964642524719238e-01
-3.452541530132293701e-01
-3.404916524887084961e-01
-2.771851122379302979e-01
-2.528618872165679932e-01
-3.769638836383819580e-01
-4.003307521343231201e-01
-3.898556232452392578e-01
-3.551256060600280762e-01
-3.207056820392608643e-01
-3.124410808086395264e-01
-2.728691101074218750e-01
-3.627999424934387207e-01
-2.673082053661346436e-01
-3.040508329868316650e-01
-3.510580062866210938e-01
-3.591803610324859619e-01
-2.242264151573181152e-01
1.487667858600616455e-01
5.501169562339782715e-01
5.341243743896484375e-01
2.963051795959472656e-01
2.349908947944641113e-01
2.597105801105499268e-01
1.246579512953758240e-01
-9.805551916360855103e-02
-8.807543665170669556e-02
5.568011850118637085e-02
1.991786807775497437e-02
1.065636500716209412e-01
3.873248994350433350e-01
2.241452932357788086e-01
2.515689730644226074e-01
2.569966018199920654e-01
1.178528591990470886e-01
7.277085632085800171e-02
6.855449825525283813e-02
7.968916743993759155e-02
9.198083728551864624e-02
8.141303807497024536e-02
1.299298107624053955e-01
1.191112026572227478e-01
5.834052711725234985e-02
1.322585344314575195e-01
1.674558520317077637e-01
9.407202154397964478e-02
2.064885199069976807e-01
2.144968807697296143e-01
2.589545249938964844e-01
1.764349341392517090e-01
2.581222057342529297e-01
1.247552409768104553e-01
6.815994530916213989e-02
2.441417276859283447e-01
1.248391345143318176e-01
1.012038215994834900e-01
9.445256739854812622e-02
9.758924692869186401e-02
4.042080789804458618e-02
7.872346788644790649e-02
7.734429091215133667e-02
7.594422250986099243e-02
7.943116873502731323e-02
8.582635968923568726e-02
9.411811083555221558e-02
9.388022869825363159e-02
9.790053218603134155e-02
1.066605225205421448e-01
1.154880896210670471e-01
1.220648661255836487e-01
1.261997520923614502e-01
1.282657682895660400e-01
1.286241114139556885e-01
1.283340752124786377e-01
1.294389665126800537e-01
1.149264201521873474e-01
1.226894780993461609e-01
1.495138108730316162e-01
1.816366612911224365e-01
3.890345990657806396e-01
-3.351280838251113892e-02
-3.880573809146881104e-01
2.750136554241180420e-01
3.455878794193267822e-01
3.984204828739166260e-01
4.071010649204254150e-01
3.937260806560516357e-01
3.768115341663360596e-01
3.594790399074554443e-01
3.365056812763214111e-01
2.938128411769866943e-01
2.184063494205474854e-01
2.134548723697662354e-01
2.234930098056793213e-01
2.062297761440277100e-01
5.867082476615905762e-01
5.105223655700683594e-01
4.444906413555145264e-01
3.320291936397552490e-01
2.895141541957855225e-01
2.685585916042327881e-01
2.588995397090911865e-01
-2.297532856464385986e-01
-9.906772524118423462e-02
-8.445284515619277954e-02
-1.574092805385589600e-01
-1.114247560501098633e+00
-8.105786442756652832e-01
4.268046468496322632e-02
-1.492995738983154297e+00
2.333921909332275391e+00
2.028597831726074219e+00
2.071538686752319336e+00
1.562641382217407227e+00
1.576181173324584961e+00
-3.586434423923492432e-01
-8.051917552947998047e-01
-1.592375040054321289e+00
-1.817405581474304199e+00
-1.389589309692382812e+00
-1.865036964416503906e+00
-2.222523689270019531e+00
-2.091420412063598633e+00
-1.788908600807189941e+00
-1.378842830657958984e+00
-9.145128130912780762e-01
-2.170362770557403564e-01
1.161675691604614258e+00
1.181600928306579590e+00
2.182942152023315430e+00
2.063458919525146484e+00
2.639688968658447266e+00
1.731525182723999023e+00
1.785407185554504395e+00
1.016883969306945801e+00
4.026065766811370850e-01
1.595052182674407959e-01
-5.116132646799087524e-02
-4.441607892513275146e-01
-3.946752101182937622e-02
-1.264883756637573242e+00
-1.016113281250000000e+00
-1.042280673980712891e+00
-1.036702275276184082e+00
-2.386306822299957275e-01
-1.737131953239440918e+00
-1.555108129978179932e-01
3.508615493774414062e-01
-5.738995224237442017e-02
-6.188485771417617798e-02
1.463404595851898193e-01
9.154956787824630737e-02
6.456299871206283569e-02
-8.023721575736999512e-01
-5.549716353416442871e-01
-8.499485850334167480e-01
-6.953796744346618652e-01
7.114056348800659180e-01
1.845236778259277344e+00
1.116012334823608398e+00
-1.259214639663696289e+00
-9.937599301338195801e-01
-1.236351013183593750e+00
-9.124609231948852539e-01
-2.000057399272918701e-01
-2.276642322540283203e-01
-3.147987276315689087e-02
-1.804431974887847900e-01
1.564435958862304688e-01
-4.052065908908843994e-01
-2.111862301826477051e-01
-7.794315367937088013e-02
-4.726723134517669678e-01
-6.163059920072555542e-02
-2.097002416849136353e-02
-5.805540829896926880e-02
-5.007679015398025513e-02
-4.513830691576004028e-02
-5.920267850160598755e-02
-9.439388662576675415e-02
-1.429610252380371094e-01
-1.916415393352508545e-01
-2.323476672172546387e-01
-2.643038928508758545e-01
-2.894260585308074951e-01
-3.104362487792968750e-01
-3.306326866149902344e-01
-3.542610108852386475e-01
-1.500934958457946777e-01
6.477197259664535522e-02
3.742319643497467041e-01
3.302728831768035889e-01
5.222383737564086914e-01
-2.982714474201202393e-01
-2.819831669330596924e-01
9.897013753652572632e-02
-4.673412144184112549e-01
-1.051189899444580078e+00
5.325984209775924683e-02
-8.618386834859848022e-02
-2.952733933925628662e-01
-2.086600363254547119e-01
-2.930594384670257568e-01
3.000612854957580566e-01
2.416915595531463623e-01
1.116485819220542908e-01
3.254413604736328125e-04
3.490095436573028564e-01
-2.154190838336944580e-01
-1.851654648780822754e-01
-2.586750090122222900e-01
-3.223992139101028442e-02
3.530936688184738159e-02
-2.883926928043365479e-01
-3.610984385013580322e-01
-3.519186079502105713e-01
-3.713093101978302002e-01
-3.222577869892120361e-01
-3.061139285564422607e-01
-3.130791783332824707e-01
-3.142403662204742432e-01
-3.040694892406463623e-01
-2.883399724960327148e-01
-2.415762841701507568e-01
2.978667318820953369e-01
2.205438315868377686e-01
2.954965531826019287e-01
4.457562863826751709e-01
4.397169053554534912e-01
3.712936341762542725e-01
3.630629479885101318e-01
3.535240590572357178e-01
3.070003688335418701e-01
2.239259183406829834e-01
1.501562297344207764e-01
1.029911860823631287e-01
7.204910367727279663e-02
4.116972535848617554e-02
4.570208489894866943e-03
-7.275708317756652832e-01
-6.068592667579650879e-01
-4.657666981220245361e-01
-5.097310543060302734e-01
-1.402137875556945801e-01
1.082227751612663269e-01
4.120235443115234375e-01
3.093337714672088623e-01
3.187257945537567139e-01
6.543277949094772339e-02
-1.778285801410675049e-01
6.077156215906143188e-02
9.725273400545120239e-02
2.001308649778366089e-02
-8.691633343696594238e-01
-5.969186425209045410e-01
-1.462356150150299072e-01
-5.776401162147521973e-01
-1.901816248893737793e+00
5.012871623039245605e-01
4.950279891490936279e-01
1.159906908869743347e-01
2.503221333026885986e-01
3.789168894290924072e-01
3.569779694080352783e-01
3.656778037548065186e-01
1.430562883615493774e-02
3.199645280838012695e-01
3.703136742115020752e-01
3.591825664043426514e-01
2.927956730127334595e-02
1.053726896643638611e-01
3.737358152866363525e-01
5.100947022438049316e-01
5.095819830894470215e-01
5.823462456464767456e-02
3.201646357774734497e-02
5.882584303617477417e-02
1.007731780409812927e-01
1.028585061430931091e-01
8.216284960508346558e-02
1.238927170634269714e-01
-2.083804309368133545e-01
-1.125089824199676514e-03
1.401594281196594238e-01
2.252958416938781738e-01
2.499604821205139160e-01
2.380702197551727295e-01
2.055307328701019287e-01
1.576375067234039307e-01
9.775900095701217651e-02
3.713924437761306763e-02
-7.786087691783905029e-03
-3.330529481172561646e-02
7.954604178667068481e-02
8.190056681632995605e-02
5.950397849082946777e-01
5.320941209793090820e-01
3.998813033103942871e-01
3.274028897285461426e-01
1.928148269653320312e-01
-1.853322237730026245e-02
-2.498004585504531860e-02
-2.646385878324508667e-02
-2.509177476167678833e-02
-8.875451982021331787e-03
3.043480217456817627e-03
3.952785581350326538e-02
1.636413484811782837e-02
-3.234963715076446533e-01
-2.487960159778594971e-01
2.208637297153472900e-01
3.743614852428436279e-01
8.216596245765686035e-01
1.028769493103027344e+00
9.692905545234680176e-01
7.920581698417663574e-01
5.983273386955261230e-01
1.300632655620574951e-01
1.605728566646575928e-01
1.682443320751190186e-01
2.804075181484222412e-01
-7.133660465478897095e-02
-4.282695949077606201e-01
-6.466700434684753418e-01
-6.768828034400939941e-01
-6.312487721443176270e-01
2.997468411922454834e-01
3.875702917575836182e-01
1.258501410484313965e-01
3.730060458183288574e-01
2.280687689781188965e-01
2.922874093055725098e-01
2.217174172401428223e-01
5.575096011161804199e-01
6.095145940780639648e-01
8.330314755439758301e-01
3.091424703598022461e-01
3.166410028934478760e-01
7.710635066032409668e-01
9.901734441518783569e-02
-5.428652167320251465e-01
-1.158540695905685425e-02
4.277172982692718506e-01
4.261934459209442139e-01
4.564264118671417236e-01
4.997051060199737549e-01
5.246181488037109375e-01
3.384146988391876221e-01
6.208984255790710449e-01
4.829047024250030518e-01
4.308321177959442139e-01
4.141658842563629150e-01
3.793987333774566650e-01
3.454074561595916748e-01
2.172228395938873291e-01
2.264378368854522705e-01
2.658402323722839355e-01
3.043241500854492188e-01
2.809437513351440430e-01
4.109720885753631592e-01
3.326186537742614746e-01
4.243186414241790771e-01
4.292972683906555176e-01
3.991928398609161377e-01
3.652794957160949707e-01
2.385386228561401367e-01
3.262173831462860107e-01
4.772917926311492920e-01
3.230656385421752930e-01
1.914204061031341553e-01
2.944447696208953857e-01
2.236556708812713623e-01
2.644425928592681885e-01
2.435663640499114990e-01
9.948369115591049194e-02
-1.654510200023651123e-01
-1.788727343082427979e-01
-2.378381788730621338e-01
-3.480355441570281982e-01
-3.408319056034088135e-01
-1.398987323045730591e-02
1.668259501457214355e-04
-1.282240152359008789e-01
-1.784564554691314697e-01
-4.732082039117813110e-02
-1.194195523858070374e-01
-4.393952190876007080e-01
-5.209652781486511230e-01
-5.812711715698242188e-01
-6.072840094566345215e-01
-6.271986365318298340e-01
-6.437525749206542969e-01
-3.935524523258209229e-01
-5.289403349161148071e-02
-2.768998444080352783e-01
-1.170681342482566833e-01
1.037968918681144714e-01
-1.208940073847770691e-01
8.792345970869064331e-02
-7.222332060337066650e-03
1.574425995349884033e-01
1.166558489203453064e-01
1.588824987411499023e-01
1.321484744548797607e-01
2.359687536954879761e-02
1.442653834819793701e-01
1.453838646411895752e-01
1.936983466148376465e-01
-3.267195820808410645e-01
-1.697475314140319824e-01
-1.375959217548370361e-01
-3.089241087436676025e-01
-3.004724085330963135e-01
-2.763478159904479980e-01
-1.533745825290679932e-01
-1.617746651172637939e-01
-1.748110949993133545e-01
-2.742194831371307373e-01
-5.892770886421203613e-01
-4.968340694904327393e-01
-2.793872952461242676e-01
-2.810836732387542725e-01
-2.119220793247222900e-03
2.079551517963409424e-01
2.380189597606658936e-01
3.427274525165557861e-01
-1.019824296236038208e-02
-1.753275096416473389e-01
-4.438675940036773682e-01
-4.346199929714202881e-01
-1.064554929733276367e+00
-1.349576711654663086e+00
-1.100594997406005859e+00
-1.107532620429992676e+00
-1.359722375869750977e+00
-4.155031591653823853e-02
5.510984063148498535e-01
1.135523095726966858e-01
2.022461593151092529e-01
4.124729633331298828e-01
6.804381608963012695e-01
6.632925271987915039e-01
6.406157612800598145e-01
6.197549700736999512e-01
2.517190575599670410e-01
7.838307023048400879e-01
5.808792710304260254e-01
1.712082028388977051e-01
2.829208672046661377e-01
3.367536962032318115e-01
3.237759172916412354e-01
4.143777489662170410e-01
1.703687012195587158e-01
2.114593982696533203e-01
-9.490919858217239380e-02
-7.553061842918395996e-01
-2.867160737514495850e-01
-6.029454618692398071e-02
-4.931247532367706299e-01
6.336741149425506592e-03
-4.674801975488662720e-02
-5.756587386131286621e-01
-6.036120057106018066e-01
-5.397891998291015625e-01
-2.390718758106231689e-01
2.029558718204498291e-01
5.114609003067016602e-01
-3.666114807128906250e-01
-4.918017685413360596e-01
2.550272345542907715e-01
8.757596611976623535e-01
2.902462482452392578e-01
2.868477106094360352e-01
2.823318839073181152e-01
3.031764328479766846e-01
9.300802946090698242e-01
9.676985442638397217e-02
5.391078591346740723e-01
3.169876337051391602e-01
1.974568367004394531e-01
2.316460013389587402e-01
1.119668856263160706e-01
2.750008553266525269e-02
1.848764717578887939e-02
1.580351591110229492e-01
-1.228206604719161987e-02
1.399167627096176147e-01
4.193253815174102783e-03
3.623601049184799194e-02
2.793327271938323975e-01
3.304862678050994873e-01
-4.295565932989120483e-02
2.065056264400482178e-01
3.417970240116119385e-01
4.720673263072967529e-01
1.358887851238250732e-01
-6.523267179727554321e-02
1.302133500576019287e-01
2.737997770309448242e-01
-6.207517534494400024e-02
-9.591595083475112915e-02
-2.898059487342834473e-01
-8.489597588777542114e-02
-4.604346454143524170e-01
-4.831682741641998291e-01
-4.778212606906890869e-01
-4.766612350940704346e-01
-4.640981256961822510e-01
-1.174473091959953308e-01
-4.852864891290664673e-02
5.933122634887695312e-01
1.105857565999031067e-01
1.716929376125335693e-01
2.170223891735076904e-01
2.410481274127960205e-01
-1.899680793285369873e-01
-1.707552969455718994e-01
-7.204986363649368286e-02
6.564192771911621094e-01
3.180306255817413330e-01
2.392448186874389648e-01
1.206584796309471130e-01
5.909692496061325073e-02
6.389044225215911865e-03
-1.475361734628677368e-02
2.125002145767211914e-01
2.377031147480010986e-01
2.459439039230346680e-01
3.074243366718292236e-01
2.477674186229705811e-01
2.852452099323272705e-01
2.420428097248077393e-01
1.066902354359626770e-01
1.026673540472984314e-01
3.431331515312194824e-01
1.314742267131805420e-01
-7.603392750024795532e-02
-1.117561012506484985e-02
-2.222904860973358154e-01
-2.428468763828277588e-01
-4.437809288501739502e-01
-1.023354172706604004e+00
-1.288655042648315430e+00
-1.381422400474548340e+00
-1.309941053390502930e+00
-9.479857087135314941e-01
-6.336207389831542969e-01
-7.510367631912231445e-01
-6.399586200714111328e-01
-3.255978971719741821e-02
-9.059312939643859863e-01
-1.143533587455749512e+00
-9.357236027717590332e-01
-1.148821473121643066e+00
1.620977818965911865e-01
5.951934307813644409e-02
-1.142067685723304749e-01
-1.338892281055450439e-01
2.441608607769012451e-01
2.495433986186981201e-01
5.444031357765197754e-01
-3.232669532299041748e-01
-9.303491711616516113e-01
-4.322296679019927979e-01
-2.934073209762573242e-01
-6.688099503517150879e-01
-8.927722573280334473e-01
-3.432261347770690918e-01
-3.825109601020812988e-01
-3.714670836925506592e-01
8.806057274341583252e-03
-3.164256215095520020e-01
1.405038535594940186e-01
-7.756517082452774048e-02
-1.376744806766510010e-01
6.033726334571838379e-01
1.425676047801971436e-01
2.966573238372802734e-01
1.291725635528564453e-01
8.744626492261886597e-02
1.396784186363220215e-01
1.787014305591583252e-01
5.308236479759216309e-01
-1.701593101024627686e-01
3.195136785507202148e-03
1.903706490993499756e-01
5.138764977455139160e-01
-2.129957824945449829e-02
1.247434243559837341e-01
1.699637174606323242e-01
2.247355878353118896e-03
-1.518585383892059326e-01
-6.519416719675064087e-02
-2.243144065141677856e-02
1.117639765143394470e-01
-1.755590736865997314e-01
-1.215725913643836975e-01
-8.651343733072280884e-02
-9.167512506246566772e-02
-2.186110913753509521e-01
-1.742567718029022217e-01
-1.746365427970886230e-01
-1.698116064071655273e-01
-9.182990342378616333e-02
-1.994616687297821045e-01
-2.168416082859039307e-01
-2.131240367889404297e-01
-1.685155034065246582e-01
-1.552355587482452393e-01
-1.395430266857147217e-01
-3.905557096004486084e-03
-2.333333790302276611e-01
-2.523687183856964111e-01
-2.712423205375671387e-01
-2.457687556743621826e-01
-2.134300768375396729e-01
-1.931394040584564209e-01
-6.630767136812210083e-02
-1.744635701179504395e-01
-2.186737060546875000e-01
-2.417086362838745117e-01
-2.291056513786315918e-01
-1.290357708930969238e-01
-2.751695364713668823e-02
-5.997721105813980103e-02
-1.446136236190795898e-01
-2.723295986652374268e-01
3.921207487583160400e-01
3.973688781261444092e-01
1.008983924984931946e-01
-1.492745876312255859e-01
-4.616514593362808228e-02
-1.647090017795562744e-01
7.841541618108749390e-02
-6.269135326147079468e-02
-2.107610404491424561e-01
-2.311077117919921875e-01
-2.020994722843170166e-01
-1.674171090126037598e-01
-1.416414678096771240e-01
-8.643133193254470825e-02
-7.664807885885238647e-02
-9.629965573549270630e-02
1.852720081806182861e-01
-8.523265272378921509e-02
-4.804743081331253052e-02
-3.539256006479263306e-02
8.051734417676925659e-02
-1.084588542580604553e-01
-1.395863890647888184e-01
1.780135333538055420e-01
-3.564376384019851685e-02
-1.358051300048828125e-01
-7.110061496496200562e-02
-2.342738211154937744e-03
-6.653169542551040649e-02
5.819496512413024902e-01
6.387398838996887207e-01
7.274696230888366699e-01
1.016724705696105957e+00
1.156459212303161621e+00
1.109941959381103516e+00
-9.451516270637512207e-01
-1.093917369842529297e+00
-9.644152522087097168e-01
-1.080159783363342285e+00
-7.778075337409973145e-01
-1.515275239944458008e+00
-1.451784133911132812e+00
-8.389237523078918457e-01
-1.208071351051330566e+00
-1.153081059455871582e+00
-8.975418210029602051e-01
-7.767341732978820801e-01
-8.469329476356506348e-01
-6.622791886329650879e-01
-9.821106791496276855e-01
-1.304895877838134766e+00
-1.524230718612670898e+00
-2.333018779754638672e-01
-8.995527625083923340e-01
-4.038177728652954102e-01
-3.385952115058898926e-01
7.732918262481689453e-01
-2.063355594873428345e-02
9.187931418418884277e-01
8.060837984085083008e-01
-9.759656339883804321e-02
-4.481514990329742432e-01
-6.713895201683044434e-01
4.650973975658416748e-01
-2.818545401096343994e-01
-7.524560689926147461e-01
-5.482293963432312012e-01
-1.330697536468505859e+00
-2.117276668548583984e+00
-1.428146600723266602e+00
-1.432512164115905762e+00
-1.572919845581054688e+00
-1.291628003120422363e+00
-9.905781149864196777e-01
-5.796664357185363770e-01
-1.964706182479858398e+00
-1.390330553054809570e+00
-1.055995821952819824e+00
-1.031993627548217773e+00
-3.801764249801635742e-01
1.764117836952209473e+00
3.373459100723266602e+00
2.623221158981323242e+00
3.573244094848632812e+00
1.978589773178100586e+00
-1.791357100009918213e-01
-8.444581627845764160e-01
-3.992311060428619385e-01
7.106073945760726929e-02
6.802585721015930176e-01
4.154726117849349976e-02
7.000525593757629395e-01
1.494054555892944336e+00
-5.308756828308105469e-01
6.568922996520996094e-01
7.854637503623962402e-01
6.050876975059509277e-01
-1.553920269012451172e+00
5.643597245216369629e-01
4.744734615087509155e-02
3.120344132184982300e-02
1.853146255016326904e-01
2.153894305229187012e-01
1.351507306098937988e-01
-1.644911468029022217e-01
2.886544913053512573e-02
-4.541089385747909546e-02
4.390570819377899170e-01
-3.272030949592590332e-01
-4.309772700071334839e-02
-1.968951821327209473e-01
-3.188305497169494629e-01
1.991810649633407593e-02
-2.778886258602142334e-01
-3.769856393337249756e-01
-9.348947405815124512e-01
-4.563067257404327393e-01
-6.314995884895324707e-01
-7.189768552780151367e-01
-7.301972508430480957e-01
-7.275716662406921387e-01
-7.174571156501770020e-01
-7.156165242195129395e-01
-7.151647806167602539e-01
-7.165588140487670898e-01
-7.142516970634460449e-01
-7.075114250183105469e-01
-7.025296092033386230e-01
-6.959745287895202637e-01
-6.368016004562377930e-01
-8.244635462760925293e-01
-5.177077651023864746e-01
-4.386277496814727783e-01
-4.360696375370025635e-01
-3.635834753513336182e-01
1.148738190531730652e-01
1.186105385422706604e-01
-5.883305668830871582e-01
-8.980909734964370728e-02
2.020537555217742920e-01
5.269408822059631348e-01
7.156063914299011230e-01
3.068368136882781982e-01
4.958698451519012451e-01
2.837606370449066162e-01
2.548368275165557861e-01
4.552658647298812866e-02
1.167691573500633240e-01
-1.564336568117141724e-02
9.580382704734802246e-01
4.296219348907470703e-01
2.988353371620178223e-04
1.810904741287231445e-01
5.046053528785705566e-01
9.556560516357421875e-01
4.024378955364227295e-01
4.854091405868530273e-01
6.082088947296142578e-01
6.458849310874938965e-01
4.871916472911834717e-01
4.984798729419708252e-01
3.238085210323333740e-01
3.719091415405273438e-01
5.095546245574951172e-01
4.975676834583282471e-01
2.989615797996520996e-01
-2.619025856256484985e-02
3.246835470199584961e-01
-3.032709360122680664e-01
-6.349392235279083252e-03
-2.767063677310943604e-03
3.996642529964447021e-01
-3.337529301643371582e-01
5.060055106878280640e-02
-2.762199938297271729e-01
-3.544039726257324219e-01
-3.395268023014068604e-01
-5.049642175436019897e-02
2.322210371494293213e-01
3.381022065877914429e-02
3.114092648029327393e-01
2.610906660556793213e-01
-1.121039614081382751e-01
6.382303684949874878e-02
1.517742574214935303e-01
2.211009860038757324e-01
-2.716140747070312500e-01
-4.706209152936935425e-02
-9.902156144380569458e-02
1.132170781493186951e-01
2.124985158443450928e-01
2.612066566944122314e-01
3.608590662479400635e-01
5.322284698486328125e-01
6.810147166252136230e-01
2.364015877246856689e-01
-1.275961697101593018e-01
-5.000141263008117676e-01
4.400252103805541992e-01
6.036995649337768555e-01
7.588943094015121460e-02
9.220739454030990601e-02
-1.026807203888893127e-01
8.584811538457870483e-02
2.705062925815582275e-01
-1.277056336402893066e-01
-7.583609819412231445e-01
-6.486288309097290039e-01
-6.704837679862976074e-01
6.037005037069320679e-02
1.852584779262542725e-01
-4.533786475658416748e-01
-5.919604897499084473e-01
-6.980153918266296387e-01
-4.353583157062530518e-01
-6.189628839492797852e-01
-5.880777239799499512e-01
-4.892426431179046631e-01
-5.060886144638061523e-01
-5.837813615798950195e-01
-4.419887363910675049e-01
-5.814120173454284668e-01
-4.731104671955108643e-01
-5.870077013969421387e-01
-5.990034937858581543e-01
-3.424870073795318604e-01
-4.970567524433135986e-01
-5.979831218719482422e-01
-4.164582192897796631e-01
-6.080558896064758301e-01
-6.053950190544128418e-01
-6.531640887260437012e-01
-5.680363774299621582e-01
-6.078715920448303223e-01
-6.163235902786254883e-01
-4.967415630817413330e-01
-6.001911163330078125e-01
-5.033511519432067871e-01
-5.030601620674133301e-01
-9.711399674415588379e-01
-5.622248053550720215e-01
-4.691764414310455322e-01
-5.922932028770446777e-01
-8.621723055839538574e-01
-7.116946578025817871e-01
-9.133916497230529785e-01
-4.345792829990386963e-01
-1.190433725714683533e-01
-4.289489090442657471e-01
-2.956936359405517578e-01
-3.404496610164642334e-01
-2.295793294906616211e-01
-4.520328342914581299e-01
-4.696666896343231201e-01
-4.559046924114227295e-01
-4.222541153430938721e-01
-3.743673264980316162e-01
-4.356622397899627686e-01
-4.386635124683380127e-01
-4.238590598106384277e-01
-4.151668846607208252e-01
-7.089383155107498169e-02
-3.615156114101409912e-01
-2.450460791587829590e-01
-1.768166720867156982e-01
-3.284929096698760986e-01
-2.260339856147766113e-01
4.079047590494155884e-02
-1.750782430171966553e-01
-1.335849463939666748e-01
-7.876259833574295044e-02
-3.737112581729888916e-01
-1.022322848439216614e-01
-6.696122139692306519e-02
-1.196115389466285706e-01
-1.375789344310760498e-01
-2.052918970584869385e-01
-2.551172673702239990e-01
-1.945583522319793701e-01
-1.610996723175048828e-01
-1.131324842572212219e-01
-2.693422883749008179e-02
2.039425075054168701e-03
-3.739941865205764771e-02
-1.621427386999130249e-02
-4.158236086368560791e-03
1.290670782327651978e-02
-7.994361221790313721e-03
-3.552720695734024048e-02
-9.354021400213241577e-02
2.558801174163818359e-01
5.932252854108810425e-02
-1.809415817260742188e-01
-2.839250862598419189e-01
-3.532696664333343506e-01
-5.863699913024902344e-01
-6.181877255439758301e-01
-5.406631827354431152e-01
-4.996084272861480713e-01
-4.719553887844085693e-01
-3.650291264057159424e-01
-2.815337479114532471e-01
-1.149651050567626953e+00
-1.114804506301879883e+00
-1.098862409591674805e+00
-1.047584414482116699e+00
-8.144201636314392090e-01
-2.309755682945251465e-01
-6.031581759452819824e-01
-1.023577690124511719e+00
-7.301441431045532227e-01
-2.354003489017486572e-01
-3.774939477443695068e-01
-1.083751693367958069e-01
1.441343724727630615e-01
8.103654384613037109e-01
1.924713551998138428e-01
8.071767687797546387e-01
7.050881981849670410e-01
1.873012781143188477e+00
2.815891504287719727e+00
-4.567806422710418701e-01
-2.213094383478164673e-02
4.068554043769836426e-01
6.322683691978454590e-01
3.494949638843536377e-01
3.827393352985382080e-01
7.100617289543151855e-01
4.035108387470245361e-01
5.287554264068603516e-01
4.775689542293548584e-01
4.653999507427215576e-01
4.545480310916900635e-01
3.464349508285522461e-01
1.304071843624114990e-01
-3.040670454502105713e-01
3.077377974987030029e-01
-8.683328032493591309e-01
-1.197211623191833496e+00
-1.318351626396179199e+00
-9.920287728309631348e-01
-7.710588574409484863e-01
-9.121591448783874512e-01
-7.597610950469970703e-01
-9.916475415229797363e-01
-8.098896145820617676e-01
-4.440429508686065674e-01
-2.658151686191558838e-01
-4.394211471080780029e-01
-2.063500583171844482e-01
7.743373513221740723e-01
4.839417636394500732e-01
3.444632291793823242e-01
5.822983011603355408e-02
7.584247589111328125e-01
1.404657661914825439e-01
-2.799601554870605469e-01
1.353311836719512939e-01
4.488242864608764648e-01
1.417229175567626953e-01
7.080934047698974609e-01
5.477028489112854004e-01
8.676434159278869629e-01
1.119017481803894043e+00
1.063650250434875488e+00
8.895514607429504395e-01
7.827520966529846191e-01
8.434374928474426270e-01
9.002351164817810059e-01
8.875640034675598145e-01
8.342601060867309570e-01
3.458463549613952637e-01
4.898760020732879639e-01
4.177116751670837402e-01
4.014946222305297852e-01
2.964789271354675293e-01
2.316581010818481445e-01
2.271067202091217041e-01
3.237399756908416748e-01
3.265993893146514893e-01
2.634868323802947998e-01
3.586023449897766113e-01
4.436876475811004639e-01
5.425193905830383301e-01
5.139891505241394043e-01
5.336182117462158203e-01
3.910431265830993652e-01
4.323286712169647217e-01
4.041832983493804932e-01
4.600202739238739014e-01
3.671306073665618896e-01
4.010335206985473633e-01
4.324004650115966797e-01
4.841359853744506836e-01
4.331402182579040527e-01
4.087781608104705811e-01
3.473290503025054932e-01
3.953556716442108154e-01
4.278825521469116211e-01
5.590082406997680664e-01
4.482183158397674561e-01
4.614467322826385498e-01
4.023508429527282715e-01
3.858260810375213623e-01
4.444016814231872559e-01
3.498364686965942383e-01
3.334790468215942383e-01
-9.135319590568542480e-01
-9.275059103965759277e-01
-8.854969143867492676e-01
1.834570467472076416e-01
-9.233617037534713745e-02
1.825246214866638184e-01
1.484876573085784912e-01
2.017242014408111572e-01
1.574669480323791504e-01
-5.618329644203186035e-01
-4.745080173015594482e-01
4.470094740390777588e-01
2.269495427608489990e-01
-6.592410057783126831e-02
3.241060376167297363e-01
3.513917326927185059e-04
-6.634537130594253540e-02
5.394580215215682983e-02
-4.545841366052627563e-02
-4.093930721282958984e-01
3.308018296957015991e-02
-1.663713753223419189e-01
4.934725910425186157e-02
-3.531227260828018188e-02
2.990442514419555664e-01
2.171697318553924561e-01
1.048664674162864685e-01
1.701500117778778076e-01
2.022439241409301758e-01
1.386000216007232666e-01
4.339455813169479370e-02
3.725921362638473511e-02
8.766468614339828491e-02
7.630028575658798218e-02
2.133517563343048096e-01
6.355573534965515137e-01
5.077301859855651855e-01
1.259198039770126343e-02
1.636994779109954834e-01
1.809127628803253174e-01
1.247768849134445190e-02
-4.468473494052886963e-01
-2.267270982265472412e-01
-1.906324625015258789e-01
-1.476784944534301758e-01
4.410909861326217651e-02
8.307456225156784058e-02
1.196531876921653748e-01
2.325694262981414795e-01
2.193363010883331299e-01
1.667837202548980713e-01
7.990412414073944092e-03
3.722127526998519897e-02
8.918665349483489990e-03
-7.074244320392608643e-03
1.873695254325866699e-01
1.388125419616699219e-01
2.041299641132354736e-01
1.503484249114990234e-01
4.827342927455902100e-03
-3.947616368532180786e-02
-3.461190313100814819e-02
-7.907704263925552368e-02
-3.956068307161331177e-02
3.213026374578475952e-02
1.784955859184265137e-01
2.029080986976623535e-01
-6.556250154972076416e-03
-5.994180589914321899e-02
-3.938833624124526978e-02
3.741686791181564331e-02
-1.010058075189590454e-02
-1.820398122072219849e-02
-3.227028995752334595e-02
1.191316172480583191e-01
5.952857434749603271e-03
1.513638347387313843e-02
4.275761544704437256e-03
1.046901196241378784e-02
-7.168859988451004028e-02
-9.408465772867202759e-02
-9.446168690919876099e-02
-6.936217099428176880e-02
4.404481500387191772e-02
-3.457153588533401489e-02
6.798055022954940796e-02
-2.866024523973464966e-02
-6.668724119663238525e-03
1.469563692808151245e-02
1.400672644376754761e-02
-7.917103916406631470e-02
-2.734211832284927368e-02
3.017693012952804565e-02
2.008536159992218018e-01
1.330623626708984375e-01
8.000954985618591309e-04
9.469976276159286499e-02
-1.004559546709060669e-02
-1.990888267755508423e-02
-1.711422950029373169e-02
-1.589737087488174438e-02
-1.085592061281204224e-02
-2.998197823762893677e-02
-2.286589890718460083e-02
2.314373105764389038e-02
-4.715961962938308716e-02
3.405832946300506592e-01
3.826939761638641357e-01
3.752823173999786377e-01
5.457804203033447266e-01
-2.137592732906341553e-01
1.679796278476715088e-01
1.094236001372337341e-01
-8.476034551858901978e-02
1.906069219112396240e-01
3.762143552303314209e-01
3.445183932781219482e-01
2.918530404567718506e-01
3.493293821811676025e-01
5.786759853363037109e-01
6.479458808898925781e-01
1.342242479324340820e+00
9.270821213722229004e-01
1.488887310028076172e+00
4.062805473804473877e-01
-1.688640713691711426e-01
-4.808908998966217041e-01
-7.985230088233947754e-01
-1.061932086944580078e+00
-3.622861206531524658e-01
-5.186825394630432129e-01
3.373670279979705811e-01
1.315128564834594727e+00
1.132965803146362305e+00
7.735516428947448730e-01
7.160020470619201660e-01
6.701963543891906738e-01
2.846163809299468994e-01
9.777299761772155762e-01
9.411876797676086426e-01
-2.727132737636566162e-01
-2.411198914051055908e-01
3.244088590145111084e-01
-1.346335649490356445e+00
-1.507342100143432617e+00
-8.436947464942932129e-01
-8.567946553230285645e-01
-1.812128067016601562e+00
-1.599068522453308105e+00
-9.166005253791809082e-01
2.028134763240814209e-01
2.111007273197174072e-01
-1.555231809616088867e-01
-3.942313790321350098e-02
-1.611521542072296143e-01
2.225218117237091064e-01
8.085177540779113770e-01
7.860177755355834961e-01
8.288495242595672607e-03
-2.903753519058227539e-01
-6.564565300941467285e-01
-2.795004248619079590e-01
-1.232454851269721985e-01
3.483565896749496460e-02
-8.669169992208480835e-02
-2.284283041954040527e-01
1.198469325900077820e-01
1.201008185744285583e-01
6.388183236122131348e-01
1.747907102108001709e-01
3.035312891006469727e-01
2.719941437244415283e-01
3.518341481685638428e-01
2.591556310653686523e-01
4.556224048137664795e-01
-2.776490151882171631e-01
-6.345161795616149902e-01
2.071171998977661133e-01
6.085233092308044434e-01
2.739262878894805908e-01
-4.142899215221405029e-01
-6.478629261255264282e-02
9.228410571813583374e-02
6.132905930280685425e-02
-1.392493396997451782e-02
1.664399504661560059e-01
-6.988145112991333008e-01
3.716500103473663330e-01
2.353043258190155029e-01
2.545704543590545654e-01
2.127800881862640381e-01
1.809297204017639160e-01
1.101562306284904480e-01
-9.473671764135360718e-02
-1.022777929902076721e-01
9.725379198789596558e-02
1.346535980701446533e-01
8.714856952428817749e-02
-8.701879531145095825e-02
-1.570769548416137695e-01
-1.214850768446922302e-01
-1.220479384064674377e-01
-2.357038110494613647e-02
1.714120805263519287e-01
2.713052928447723389e-01
2.734387218952178955e-01
1.756078600883483887e-01
1.991021931171417236e-01
1.355894505977630615e-01
6.424609571695327759e-02
4.658602178096771240e-03
6.893458217382431030e-02
-1.151554509997367859e-01
-3.420612961053848267e-02
-1.056317463517189026e-01
2.536622583866119385e-01
4.457637965679168701e-01
2.986406385898590088e-01
2.707607150077819824e-01
2.640731930732727051e-01
2.439756691455841064e-01
-4.205527305603027344e-01
-1.008062139153480530e-01
5.761202424764633179e-02
1.063875779509544373e-01
2.378103435039520264e-01
3.233245015144348145e-01
-1.859817653894424438e-02
2.522548288106918335e-02
-3.001222908496856689e-01
-4.177178442478179932e-01
-4.390824139118194580e-01
-2.824772894382476807e-01
7.675468325614929199e-01
8.946135640144348145e-01
3.513207137584686279e-01
8.353379368782043457e-01
3.216966986656188965e-01
5.497294664382934570e-01
6.833518147468566895e-01
3.182330727577209473e-01
3.281942903995513916e-01
3.744916617870330811e-01
3.967887461185455322e-01
4.905614852905273438e-01
3.223816454410552979e-01
2.969210445880889893e-01
2.957742512226104736e-01
2.669852674007415771e-01
2.937884032726287842e-01
2.675018906593322754e-01
3.028004169464111328e-01
3.236951529979705811e-01
3.251561820507049561e-01
3.174204826354980469e-01
3.065871000289916992e-01
2.961142957210540771e-01
2.871309220790863037e-01
2.957808375358581543e-01
2.892614305019378662e-01
3.169924914836883545e-01
2.974036633968353271e-01
3.149305582046508789e-01
1.929814815521240234e-01
1.227921769022941589e-01
8.798529952764511108e-02
7.342275232076644897e-02
8.915787190198898315e-02
1.216647997498512268e-01
1.595829725265502930e-01
2.467516362667083740e-01
4.119862914085388184e-01
5.429552793502807617e-01
5.553163886070251465e-01
4.811892211437225342e-01
4.204534888267517090e-01
2.988018393516540527e-01
3.566017746925354004e-01
7.539414763450622559e-01
6.836879253387451172e-01
5.645666122436523438e-01
5.404433608055114746e-01
3.653811812400817871e-01
4.629619717597961426e-01
5.248221158981323242e-01
5.221891403198242188e-01
5.233128666877746582e-01
-1.537486612796783447e-01
3.554932773113250732e-01
-4.534087479114532471e-01
-6.172056794166564941e-01
-5.579954981803894043e-01
-5.244690775871276855e-01
-6.533073782920837402e-01
-3.440050035715103149e-02
-3.609339147806167603e-02
-1.413001716136932373e-01
-2.164499461650848389e-01
-2.051968872547149658e-01
-4.565511643886566162e-01
-2.007300853729248047e-01
4.352189004421234131e-01
7.044619917869567871e-01
4.644471108913421631e-01
-6.356592774391174316e-01
-7.726095318794250488e-01
-1.241288661956787109e+00
-3.459872603416442871e-01
-3.861081898212432861e-01
-4.489581286907196045e-01
-4.191269725561141968e-02
1.240782365202903748e-01
2.695000171661376953e-01
5.139659047126770020e-01
3.655546605587005615e-01
2.757323980331420898e-01
2.266861498355865479e-01
1.106790825724601746e-01
8.755823224782943726e-02
-6.598129868507385254e-01
4.009699523448944092e-01
-1.027021035552024841e-01
-1.037228778004646301e-01
-6.412959843873977661e-02
-2.918174862861633301e-01
-2.376018464565277100e-01
-1.358678638935089111e-01
8.208920806646347046e-02
1.594437956809997559e-01
3.032650351524353027e-01
-2.407468259334564209e-01
1.549517810344696045e-01
1.206179484724998474e-01
-2.755463868379592896e-02
-2.722121775150299072e-01
-2.584531605243682861e-01
-1.499526500701904297e-01
1.441271603107452393e-01
2.326010763645172119e-01
3.959452360868453979e-02
4.581151604652404785e-01
4.567782878875732422e-01
2.800711095333099365e-01
4.144445955753326416e-01
1.349843442440032959e-01
4.203631579875946045e-01
-2.246015965938568115e-01
5.870957970619201660e-01
4.929151237010955811e-01
5.969814658164978027e-01
4.381093084812164307e-01
1.614414751529693604e-01
2.356542646884918213e-01
9.389769285917282104e-02
1.025190278887748718e-01
4.219368994235992432e-01
4.249948859214782715e-01
3.318658173084259033e-01
2.545769512653350830e-01
2.055308222770690918e-01
2.060642838478088379e-01
1.809113919734954834e-01
4.158921539783477783e-01
3.652306497097015381e-01
2.008323073387145996e-01
2.685891985893249512e-01
3.041756749153137207e-01
6.124584078788757324e-01
5.964011549949645996e-01
2.025875151157379150e-01
1.181321665644645691e-01
