2.418539822101593018e-01
-2.792651414871215820e+00
-2.969015598297119141e+00
-3.104276180267333984e+00
2.578108608722686768e-01
-1.056845903396606445e+00
-2.219459533691406250e+00
-2.573217868804931641e+00
-2.456103563308715820e+00
4.929131507873535156e+00
3.205514669418334961e+00
-1.639959335327148438e+00
-6.591563224792480469e+00
-2.413829088211059570e+00
3.050757646560668945e+00
4.257258415222167969e+00
4.087827503681182861e-01
-1.911464214324951172e+00
-2.203204870223999023e+00
-3.797832429409027100e-01
-2.893364906311035156e+00
2.969632863998413086e+00
9.089803695678710938e-01
1.357732653617858887e+00
9.396398067474365234e-01
1.748395204544067383e+00
1.017056703567504883e+00
2.624501228332519531e+00
1.073626518249511719e+00
1.633594334125518799e-01
3.098401546478271484e+00
3.846822500228881836e+00
3.165573596954345703e+00
2.173818826675415039e+00
-1.912512481212615967e-01
2.208352327346801758e+00
-4.148270785808563232e-01
3.535745382308959961e+00
1.701259374618530273e+00
4.119647026062011719e+00
-1.131490230560302734e+00
1.164382696151733398e+00
1.715614646673202515e-02
1.221311315894126892e-01
-7.631244659423828125e-01
-9.662909507751464844e-01
-9.510357379913330078e-01
-1.258211612701416016e+00
-1.459623575210571289e+00
-1.758581995964050293e+00
-1.842790722846984863e+00
-1.843375802040100098e+00
-1.887702226638793945e+00
-2.180199861526489258e+00
-2.378937482833862305e+00
-2.055323123931884766e+00
-2.028219461441040039e+00
-2.139554738998413086e+00
-2.148258447647094727e+00
-1.666467905044555664e+00
-1.299211025238037109e+00
-2.001553773880004883e+00
-1.436867952346801758e+00
-1.682410359382629395e+00
-3.090620934963226318e-01
2.638099491596221924e-01
2.550761461257934570e+00
4.804106235504150391e+00
-4.040429294109344482e-01
2.899278163909912109e+00
1.791291713714599609e+00
7.728115320205688477e-01
9.743643999099731445e-01
-4.385732114315032959e-01
-6.099781990051269531e-01
3.418036699295043945e+00
-1.542947888374328613e+00
1.639817237854003906e+00
1.604467153549194336e+00
4.177467346191406250e+00
2.268208265304565430e+00
1.984111547470092773e+00
2.523831367492675781e+00
2.986470937728881836e+00
-4.600345134735107422e+00
-4.340251445770263672e+00
-1.436253070831298828e+00
-6.989791393280029297e-01
7.030198574066162109e-01
-2.023516893386840820e+00
-8.003509044647216797e-01
-1.399195551872253418e+00
1.383908748626708984e+00
-4.313454329967498779e-01
1.318331062793731689e-01
-1.220308661460876465e+00
-7.714998722076416016e-01
-2.138930559158325195e+00
2.039191722869873047e+00
1.976773858070373535e+00
2.225216627120971680e+00
-6.947041749954223633e-01
3.336827516555786133e+00
7.513566017150878906e-01
-5.510929822921752930e-01
-1.099715605378150940e-01
-1.431004643440246582e+00
3.643024265766143799e-01
-4.720644056797027588e-01
1.104785680770874023e+00
-1.291961669921875000e+00
1.492705196142196655e-02
2.182584524154663086e+00
1.194818139076232910e+00
7.631411403417587280e-02
1.446340560913085938e+00
5.691894143819808960e-02
2.197462022304534912e-01
3.344149291515350342e-01
2.764934599399566650e-01
3.711296617984771729e-01
1.342461109161376953e+00
-7.190081477165222168e-01
7.603021264076232910e-01
8.429054021835327148e-01
9.453411102294921875e-01
9.166533946990966797e-01
1.130995154380798340e+00
1.167122602462768555e+00
1.263662576675415039e+00
1.316927790641784668e+00
1.365093946456909180e+00
1.527435541152954102e+00
2.036298513412475586e+00
2.248546838760375977e+00
9.221428036689758301e-01
1.002113938331604004e+00
2.276906967163085938e+00
1.767506122589111328e+00
2.754851281642913818e-01
1.922983050346374512e+00
1.687098860740661621e+00
-1.511371612548828125e+00
-1.945280671119689941e+00
-1.562589645385742188e+00
-1.114620566368103027e+00
8.612291812896728516e-01
-2.082293033599853516e+00
-2.408123731613159180e+00
-1.630086004734039307e-01
1.006576657295227051e+00
-1.415377140045166016e+00
-4.069614410400390625e+00
1.042011499404907227e+00
-1.197725772857666016e+00
2.250577449798583984e+00
1.692054510116577148e+00
1.013721704483032227e+00
8.961161375045776367e-01
1.407570600509643555e+00
7.108864188194274902e-01
-1.176984786987304688e+00
-3.527104139328002930e+00
-8.162690401077270508e-01
-3.111184835433959961e-01
2.701990127563476562e+00
-4.488233566284179688e+00
-9.620271921157836914e-01
2.555114507675170898e+00
-8.092580437660217285e-01
-2.396896362304687500e+00
-1.926150083541870117e+00
-2.181446552276611328e+00
2.683641910552978516e+00
-2.221641689538955688e-02
3.092823266983032227e+00
-2.308266401290893555e+00
-1.790735423564910889e-01
4.699062347412109375e+00
-2.803014814853668213e-01
-3.033774375915527344e+00
1.232231855392456055e+00
4.507985413074493408e-01
-3.107146501541137695e+00
-6.850050687789916992e-01
-5.804723501205444336e-01
1.062593683600425720e-01
1.441720426082611084e-01
2.909418642520904541e-01
3.796108484268188477e+00
3.558912038803100586e+00
2.142463445663452148e+00
1.882387161254882812e+00
3.380816221237182617e+00
-4.354024410247802734e+00
1.819705128669738770e+00
3.866333246231079102e+00
8.300749659538269043e-01
1.217230558395385742e+00
-1.265449047088623047e+00
-1.083589076995849609e+00
-4.231556355953216553e-01
2.227421700954437256e-01
-1.795273780822753906e+00
-3.340372741222381592e-01
3.161551952362060547e+00
8.845911026000976562e-01
2.180396616458892822e-01
3.077774047851562500e+00
-2.512355566024780273e+00
1.128889083862304688e+00
1.967722415924072266e+00
4.124486744403839111e-01
4.297707676887512207e-01
-1.230214834213256836e+00
6.188408136367797852e-01
2.155799150466918945e+00
-3.291726589202880859e+00
-1.310235500335693359e+00
9.802101850509643555e-01
-1.941558599472045898e+00
-5.131480693817138672e-01
-4.945418536663055420e-01
-2.867539227008819580e-01
4.618240356445312500e+00
1.047806739807128906e+00
-1.219009831547737122e-01
1.785816669464111328e+00
1.433562040328979492e+00
1.451957941055297852e+00
8.307109475135803223e-01
2.139776229858398438e+00
3.212942928075790405e-02
-1.689778864383697510e-01
1.706950068473815918e-01
1.130293607711791992e+00
1.948885679244995117e+00
1.948804140090942383e+00
7.496381998062133789e-01
-1.484916090965270996e+00
1.241160392761230469e+00
7.085586786270141602e-01
-1.398120045661926270e+00
-1.413403511047363281e+00
3.647976398468017578e+00
-1.843855381011962891e+00
-1.422511458396911621e+00
-2.727479219436645508e+00
-1.826558828353881836e+00
-3.091879606246948242e+00
-2.517086744308471680e+00
-4.204226493835449219e+00
-1.142118215560913086e+00
-6.701612472534179688e-01
4.189645767211914062e+00
-7.078905105590820312e-01
1.934301137924194336e+00
9.584434032440185547e-01
-6.924833059310913086e-01
4.620524883270263672e+00
3.653237342834472656e+00
-1.440262496471405029e-01
4.084841728210449219e+00
1.219948410987854004e+00
3.636982291936874390e-02
-3.749807775020599365e-01
1.020866870880126953e+00
2.779911994934082031e+00
8.681843280792236328e-01
8.215625286102294922e-01
6.473824977874755859e-01
9.252290725708007812e-01
-7.320015430450439453e-01
-1.067160367965698242e+00
3.553790807723999023e+00
1.635099947452545166e-01
2.188868820667266846e-01
-2.904155492782592773e+00
1.050282835960388184e+00
-1.450737237930297852e+00
1.849395990371704102e+00
2.120730638504028320e+00
1.976800799369812012e+00
-1.959507703781127930e+00
2.392345190048217773e+00
2.456357181072235107e-01
-1.574232578277587891e+00
-1.916385889053344727e-01
-2.426214456558227539e+00
-2.813831090927124023e+00
-1.006540060043334961e+00
-8.361077308654785156e-01
-3.329594433307647705e-01
-5.611960887908935547e-01
-1.102014541625976562e+00
7.481998205184936523e-01
-7.646582126617431641e-01
4.353096187114715576e-01
2.400412321090698242e+00
3.403936028480529785e-01
-1.806358456611633301e+00
-2.680635452270507812e+00
-1.069069266319274902e+00
2.283962488174438477e+00
2.466773509979248047e+00
-4.565105915069580078e+00
3.880529642105102539e+00
6.573649644851684570e-01
6.772879362106323242e-01
6.074692010879516602e-01
6.273000836372375488e-01
2.427919149398803711e+00
1.689535677433013916e-01
9.893656373023986816e-01
1.922966361045837402e+00
3.085730552673339844e+00
2.435323953628540039e+00
2.667861223220825195e+00
2.509150505065917969e+00
-2.087319612503051758e+00
1.850308775901794434e+00
1.656043291091918945e+00
-3.805392682552337646e-01
-2.002022027969360352e+00
1.505280256271362305e+00
-2.600598096847534180e+00
-1.379538774490356445e+00
-3.654362857341766357e-01
5.977938175201416016e-01
-2.518200159072875977e+00
-1.738578319549560547e+00
-1.118942141532897949e+00
-3.764898300170898438e+00
-2.015839815139770508e+00
1.011259630322456360e-01
-1.723484992980957031e+00
1.691887497901916504e+00
1.443249344825744629e+00
-2.458474874496459961e+00
-7.575215101242065430e-01
-1.421777606010437012e+00
2.376018762588500977e+00
4.076164245605468750e+00
1.648312568664550781e+00
-2.866167068481445312e+00
-1.790537118911743164e+00
3.490985929965972900e-01
-7.761975526809692383e-01
-2.250406980514526367e+00
5.878753066062927246e-01
-1.152943849563598633e+00
-4.461944580078125000e+00
-1.675528287887573242e+00
5.214916467666625977e-01
2.433014392852783203e+00
-1.029258489608764648e+00
1.261739015579223633e+00
-2.151701211929321289e+00
5.472416877746582031e-01
1.913099765777587891e+00
1.243379235267639160e+00
-9.874821901321411133e-01
-1.436757445335388184e+00
-1.852869093418121338e-01
2.146394252777099609e+00
-4.703299105167388916e-01
-3.949521064758300781e+00
-6.308520436286926270e-01
1.714673280715942383e+00
1.108768582344055176e+00
-2.545567274093627930e+00
-7.470474839210510254e-01
2.010140180587768555e+00
2.680613845586776733e-02
-5.162749290466308594e-01
6.405080556869506836e-01
-1.366582870483398438e+00
8.458257317543029785e-01
-1.716371893882751465e+00
-4.841713607311248779e-01
-1.448629796504974365e-01
-1.219001293182373047e+00
-5.153716206550598145e-01
-3.696069866418838501e-02
5.318604111671447754e-01
-8.148388862609863281e-01
-2.221030473709106445e+00
-1.874026417732238770e+00
-8.974937200546264648e-01
3.582210779190063477e+00
4.478224217891693115e-01
-1.508411407470703125e+00
4.859861433506011963e-01
-7.639548927545547485e-02
5.917375087738037109e-01
5.404679179191589355e-01
5.110096931457519531e-01
1.137178659439086914e+00
-1.525796175003051758e+00
-1.427591323852539062e+00
1.290852785110473633e+00
1.650950193405151367e+00
-3.555607497692108154e-01
1.529771089553833008e+00
7.688293457031250000e-01
1.634020924568176270e+00
-2.249827146530151367e+00
-2.459126710891723633e+00
-2.720767021179199219e+00
-1.722209095954895020e+00
-4.053422451019287109e+00
-9.888889789581298828e-01
-3.585125684738159180e+00
-2.133467197418212891e+00
-6.334553956985473633e-01
2.416470348834991455e-01
-2.197254598140716553e-01
1.376144647598266602e+00
1.058209180831909180e+00
7.619934082031250000e-01
-6.984256505966186523e-01
-2.062914609909057617e+00
-1.511020779609680176e+00
-7.705289721488952637e-01
7.365610003471374512e-01
-6.640093326568603516e-01
4.382680356502532959e-01
-1.831425905227661133e+00
1.783882677555084229e-01
2.082304239273071289e+00
-4.148343503475189209e-01
-2.345344781875610352e+00
-1.690339326858520508e+00
2.693674564361572266e-01
1.669891476631164551e-01
8.507687449455261230e-01
-1.300471782684326172e+00
1.088458776473999023e+00
2.342740774154663086e+00
5.194765925407409668e-01
-2.156219244003295898e+00
4.984470903873443604e-01
4.499502480030059814e-01
3.323433697223663330e-01
7.255554199218750000e-01
1.477524280548095703e+00
-7.453706264495849609e-01
-6.948994994163513184e-01
9.037374258041381836e-01
9.418320655822753906e-01
-1.699583292007446289e+00
-6.388495564460754395e-01
1.763618946075439453e+00
2.983922064304351807e-01
1.067843437194824219e+00
-9.788206815719604492e-01
-4.463233649730682373e-01
-1.932978868484497070e+00
-5.587153434753417969e-01
2.819552719593048096e-01
6.599114537239074707e-01
7.717890739440917969e-01
-2.017224311828613281e+00
-2.063237130641937256e-01
-5.003029704093933105e-01
-1.240863204002380371e+00
-1.609222292900085449e+00
-7.988431453704833984e-01
5.755949020385742188e-01
5.212528109550476074e-01
-8.893816471099853516e-01
1.893089890480041504e+00
1.183755621314048767e-01
-5.376604795455932617e-01
-6.547240018844604492e-01
-3.336400687694549561e-01
2.774655818939208984e+00
-4.224586188793182373e-01
-3.342980384826660156e+00
6.124711036682128906e-01
1.959260463714599609e+00
1.383539915084838867e+00
1.056477546691894531e+00
4.135222733020782471e-01
-5.674122571945190430e-01
-5.401442050933837891e-01
-1.569745182991027832e+00
-1.549080848693847656e+00
-2.425221204757690430e+00
-2.033981561660766602e+00
-1.783788084983825684e+00
-4.102815151214599609e+00
-7.921104431152343750e-01
-2.609312057495117188e+00
1.493733167648315430e+00
4.595797061920166016e+00
4.261247634887695312e+00
9.908814430236816406e-01
2.698292970657348633e+00
-3.267767131328582764e-01
-1.149856805801391602e+00
-2.323335409164428711e+00
-1.561348199844360352e+00
-3.735338151454925537e-01
-1.799174189567565918e+00
1.708789229393005371e+00
-5.793171525001525879e-01
-2.379646599292755127e-01
-7.840185761451721191e-01
2.296858072280883789e+00
6.780457496643066406e-01
1.145981311798095703e+00
-1.416070461273193359e+00
6.822232007980346680e-01
2.557702541351318359e+00
2.449202775955200195e+00
2.308623790740966797e+00
-4.862210452556610107e-01
1.709557175636291504e+00
3.030040502548217773e+00
1.213904142379760742e+00
6.570787429809570312e-01
7.365581989288330078e-01
-3.116391599178314209e-01
-3.738731145858764648e+00
-1.068371891975402832e+00
1.430177986621856689e-01
-5.619589090347290039e-01
-6.678525209426879883e-01
-4.205681383609771729e-03
-2.426566839218139648e+00
6.066472530364990234e-01
-2.749509096145629883e+00
9.786629676818847656e-01
-4.736768901348114014e-01
6.385555267333984375e-01
-4.640158116817474365e-01
-6.162736415863037109e-01
-2.534399747848510742e+00
-9.344688653945922852e-01
-2.573672533035278320e+00
-3.786187648773193359e+00
-2.053588390350341797e+00
-1.854351520538330078e+00
-1.546690106391906738e+00
-2.035696983337402344e+00
-1.388136863708496094e+00
-1.896974682807922363e+00
-1.001604318618774414e+00
-7.907307147979736328e-01
-2.473955392837524414e+00
5.747057795524597168e-01
1.739192962646484375e+00
1.042338848114013672e+00
2.071700334548950195e+00
1.988583087921142578e+00
-8.804333209991455078e-01
1.643047571182250977e+00
1.031145930290222168e+00
8.873314261436462402e-01
-2.994093596935272217e-01
6.285903453826904297e-01
6.895653009414672852e-01
3.083124011754989624e-02
-8.805962800979614258e-01
9.654700756072998047e-01
9.419371932744979858e-02
-2.183395624160766602e+00
-2.206267833709716797e+00
1.113060235977172852e+00
1.711022853851318359e+00
6.886037588119506836e-01
3.050249814987182617e+00
1.461953163146972656e+00
-8.465960621833801270e-01
5.543600320816040039e-01
-1.833239912986755371e+00
2.297892808914184570e+00
8.982731103897094727e-01
1.213112235069274902e+00
1.143615245819091797e+00
-4.560380876064300537e-01
5.500485897064208984e-01
1.322096109390258789e+00
1.659265041351318359e+00
1.049865722656250000e+00
2.505886316299438477e+00
-2.100490331649780273e+00
2.854239225387573242e+00
1.405158281326293945e+00
-1.491989135742187500e+00
5.604465603828430176e-01
4.410139620304107666e-01
-6.413605809211730957e-01
-1.357631385326385498e-01
1.086992844939231873e-01
-8.332386016845703125e-01
-1.406386137008666992e+00
-1.213848352432250977e+00
-1.426540493965148926e+00
-8.180220127105712891e-01
-1.959065079689025879e+00
-1.005815982818603516e+00
2.079560518264770508e+00
1.498487949371337891e+00
7.033326476812362671e-02
-1.090607643127441406e+00
-1.264741182327270508e+00
-1.426148116588592529e-01
1.870381593704223633e+00
3.413502931594848633e+00
2.408191919326782227e+00
1.503520727157592773e+00
-5.241166353225708008e-01
1.297959327697753906e+00
2.996225118637084961e+00
7.738707065582275391e-01
2.370367348194122314e-01
5.517570972442626953e-01
1.474345564842224121e+00
-2.894706964492797852e+00
8.428541421890258789e-01
-1.668928027153015137e+00
-4.727302491664886475e-01
-1.427850484848022461e+00
-1.555732011795043945e+00
-2.024801671504974365e-01
-7.064529061317443848e-01
1.300714910030364990e-01
-4.522099018096923828e+00
-3.769206285476684570e+00
1.684868693351745605e+00
7.001156806945800781e-01
6.526563167572021484e-01
-4.594705253839492798e-02
-1.489374786615371704e-02
-8.898236751556396484e-01
-8.568940311670303345e-02
6.801642775535583496e-01
3.969035446643829346e-01
1.480533927679061890e-02
-3.891875445842742920e-01
1.657091140747070312e+00
4.863231480121612549e-01
1.585982799530029297e+00
-7.255086898803710938e-01
-1.910043716430664062e+00
2.011595726013183594e+00
-6.075815111398696899e-02
2.669908285140991211e+00
1.447395801544189453e+00
-8.858852982521057129e-01
9.237311780452728271e-03
3.604307472705841064e-01
1.231810331344604492e+00
-5.225912332534790039e-01
-1.687799453735351562e+00
5.030755996704101562e-01
-7.040929198265075684e-01
1.217702150344848633e+00
-4.086273610591888428e-01
-8.597465157508850098e-01
9.414170384407043457e-01
-8.312696218490600586e-01
-3.012324273586273193e-01
-1.866278767585754395e+00
-1.344457030296325684e+00
4.966351091861724854e-01
-5.013870596885681152e-01
2.757174730300903320e+00
-2.657447010278701782e-02
-1.044830322265625000e+00
2.300193607807159424e-01
-5.468680262565612793e-01
-2.870228290557861328e+00
1.913293302059173584e-01
1.939437747001647949e+00
1.798360943794250488e+00
1.397988080978393555e+00
1.690488934516906738e+00
1.501257777214050293e+00
1.841128706932067871e+00
-2.857297658920288086e+00
-1.659843683242797852e+00
-8.687740564346313477e-01
-1.160052061080932617e+00
-2.870086669921875000e+00
-8.661782741546630859e-01
6.515068411827087402e-01
3.842884600162506104e-01
-1.930867195129394531e+00
-1.850384831428527832e+00
-1.564134359359741211e+00
-1.694316029548645020e+00
-1.233949065208435059e+00
5.206696391105651855e-01
9.360629320144653320e-01
-1.454480171203613281e+00
1.798166513442993164e+00
1.032709360122680664e+00
1.394469261169433594e+00
-8.154294639825820923e-02
2.894349992275238037e-01
-2.004178464412689209e-01
9.097932577133178711e-01
5.769305229187011719e-01
5.504638552665710449e-01
1.183140516281127930e+00
4.036625385284423828e+00
3.109278202056884766e+00
2.691273450851440430e+00
2.535028696060180664e+00
2.073511362075805664e+00
1.947963118553161621e+00
1.467863798141479492e+00
1.500968933105468750e+00
2.011786937713623047e+00
2.666656732559204102e+00
1.725421905517578125e+00
1.864650607109069824e+00
-4.218233525753021240e-01
-1.022791638970375061e-01
6.277084350585937500e-01
-8.552692085504531860e-02
-1.736786067485809326e-01
7.806838750839233398e-01
-3.780312240123748779e-01
-3.301090896129608154e-01
1.373722314834594727e+00
9.486930370330810547e-01
2.956662416458129883e+00
-2.120613753795623779e-01
-1.617957055568695068e-01
1.282006502151489258e+00
-4.111441135406494141e+00
-1.291796326637268066e+00
4.630588531494140625e+00
3.676336050033569336e+00
1.669242620468139648e+00
3.273609399795532227e+00
2.196478128433227539e+00
-2.607605695724487305e+00
1.195380926132202148e+00
2.680653810501098633e+00
3.001473188400268555e+00
1.661973297595977783e-01
2.183181285858154297e+00
3.476423978805541992e+00
1.206375241279602051e+00
1.239818930625915527e+00
8.220095634460449219e-01
4.351621150970458984e+00
-1.935547888278961182e-01
-7.844305038452148438e-01
2.872222661972045898e+00
1.035009384155273438e+00
2.986560821533203125e+00
3.222233533859252930e+00
3.098382234573364258e+00
2.921825945377349854e-01
3.389219045639038086e+00
2.758948802947998047e+00
4.139235973358154297e+00
2.490750074386596680e+00
3.232968091964721680e+00
2.630801916122436523e+00
4.698575019836425781e+00
3.764636754989624023e+00
2.971544265747070312e+00
2.598008632659912109e+00
2.146185636520385742e+00
2.922568619251251221e-01
1.757103204727172852e+00
8.187421560287475586e-01
1.811996698379516602e+00
1.833557009696960449e+00
3.375046551227569580e-01
1.140544414520263672e+00
3.605719804763793945e+00
5.025561898946762085e-02
-4.154717624187469482e-01
-2.157637357711791992e+00
-2.045550584793090820e+00
1.230844259262084961e+00
-4.371747672557830811e-01
-1.244668245315551758e+00
-2.631512403488159180e+00
-3.069029331207275391e+00
-1.400258660316467285e+00
-2.873978316783905029e-01
-4.352492988109588623e-01
-2.521617710590362549e-01
-1.144764900207519531e+00
-2.000260591506958008e+00
1.098100185394287109e+00
-3.006358861923217773e+00
4.037294685840606689e-01
-3.071160018444061279e-01
1.783102750778198242e+00
-3.035940885543823242e+00
3.025288343429565430e+00
9.763252735137939453e-01
-1.347512245178222656e+00
-1.847124338150024414e+00
-3.941049814224243164e+00
-2.415381193161010742e+00
-5.326313972473144531e+00
-1.387511491775512695e+00
-8.189194202423095703e-01
-1.372210144996643066e+00
-2.116449117660522461e+00
-2.441976308822631836e+00
-6.960068941116333008e-01
-7.154260873794555664e-01
-3.296579122543334961e+00
2.572648823261260986e-01
-8.336309194564819336e-01
2.592736721038818359e+00
1.691347599029541016e+00
2.000656425952911377e-01
3.133463144302368164e+00
-8.158720284700393677e-02
2.034633159637451172e+00
-4.128623306751251221e-01
1.956113338470458984e+00
1.731969118118286133e+00
2.261636257171630859e+00
2.387839078903198242e+00
3.191313505172729492e+00
2.613129615783691406e+00
-6.760224103927612305e-01
1.650860905647277832e+00
1.004407629370689392e-01
2.104684114456176758e+00
3.415877342224121094e+00
1.947806358337402344e+00
3.916018307209014893e-01
-1.374405324459075928e-01
-1.593101739883422852e+00
7.344690561294555664e-01
-2.065405547618865967e-01
-1.840233325958251953e+00
-2.170471847057342529e-01
5.061708688735961914e-01
-1.573420763015747070e+00
2.307647228240966797e+00
-5.738740444183349609e+00
7.928743958473205566e-01
-8.544943928718566895e-01
-4.537706077098846436e-01
6.321859359741210938e-01
-2.606878995895385742e+00
-3.943875789642333984e+00
3.396004915237426758e+00
3.330237567424774170e-01
-6.806914806365966797e-01
-6.544065475463867188e-01
2.338018178939819336e+00
3.330874443054199219e+00
-7.542345523834228516e-01
2.518471240997314453e+00
2.062503099441528320e+00
-2.992389917373657227e+00
-1.133282661437988281e+00
1.005791902542114258e+00
-1.073412418365478516e+00
-5.220185518264770508e-01
1.253496170043945312e+00
9.395708888769149780e-02
-1.828489899635314941e-01
2.222517490386962891e+00
1.628141522407531738e+00
1.563502669334411621e+00
-1.017167448997497559e+00
2.206377685070037842e-01
-2.789539992809295654e-01
1.924102663993835449e+00
2.014970064163208008e+00
-1.733282208442687988e+00
1.132158517837524414e+00
1.882027983665466309e+00
3.910984754562377930e+00
-7.106218338012695312e-01
3.228923678398132324e-01
6.531206369400024414e-01
3.509759426116943359e+00
-1.816134691238403320e+00
-1.108934655785560608e-01
3.374519586563110352e+00
1.988655805587768555e+00
2.082662343978881836e+00
1.935681581497192383e+00
2.654241561889648438e+00
2.297192811965942383e+00
7.188999652862548828e-01
-7.077720165252685547e-01
7.410754561424255371e-01
1.383261084556579590e+00
1.927197217941284180e+00
-1.050718307495117188e+00
-1.968230962753295898e+00
2.014116764068603516e+00
-1.775957345962524414e+00
1.264488697052001953e+00
-5.213670730590820312e-01
1.337194561958312988e+00
2.189085483551025391e+00
-7.113991975784301758e-01
-5.000481605529785156e-01
1.222662091255187988e+00
-8.496776968240737915e-02
-2.232137918472290039e+00
4.166450351476669312e-02
-6.221783161163330078e-01
-1.936892032623291016e+00
5.383554697036743164e-01
1.009725555777549744e-01
-8.569954633712768555e-01
-1.394278705120086670e-01
1.683532714843750000e+00
-2.085525274276733398e+00
-5.655403137207031250e-01
-1.181218624114990234e+00
2.770806074142456055e+00
-2.282713890075683594e+00
-1.198281526565551758e+00
2.716618776321411133e+00
-7.515814304351806641e-01
-5.185196548700332642e-02
-7.447898387908935547e-01
2.301514387130737305e+00
8.434760570526123047e-01
-2.976775884628295898e+00
-2.143945217132568359e+00
5.569826960563659668e-01
-1.858765244483947754e+00
3.694395720958709717e-01
-8.231744766235351562e-01
1.407697498798370361e-01
-5.143430829048156738e-01
1.072324275970458984e+00
5.020858645439147949e-01
1.881249904632568359e+00
4.919061958789825439e-01
2.551073729991912842e-01
-5.844366550445556641e-01
-1.697396516799926758e+00
-2.064065694808959961e+00
-8.993015289306640625e-01
4.438554346561431885e-01
1.395262777805328369e-01
-8.012321591377258301e-01
8.214379549026489258e-01
-1.989894628524780273e+00
-6.165779829025268555e-01
1.698909103870391846e-01
-7.249853610992431641e-01
1.719627737998962402e+00
2.122949123382568359e+00
1.783225297927856445e+00
-2.166705369949340820e+00
-2.243434190750122070e+00
1.890690028667449951e-01
-1.082063198089599609e+00
-1.863085329532623291e-01
-8.841711878776550293e-01
8.807032108306884766e-01
1.012359738349914551e+00
-4.000889956951141357e-01
1.234256625175476074e+00
2.899848222732543945e+00
2.763280153274536133e+00
2.814866304397583008e+00
1.858395934104919434e+00
4.485339164733886719e+00
1.443488895893096924e-01
6.284275054931640625e-01
3.754588067531585693e-01
-3.185565710067749023e+00
-9.816699028015136719e-01
-1.751012086868286133e+00
-1.609241485595703125e+00
-1.180671691894531250e+00
-1.793444991111755371e+00
1.210272535681724548e-01
1.965895652770996094e+00
8.339450359344482422e-01
3.323053121566772461e+00
3.075096368789672852e+00
3.229931831359863281e+00
6.161839962005615234e-01
2.856118440628051758e+00
2.320055723190307617e+00
2.277185201644897461e+00
1.481409311294555664e+00
1.470060348510742188e+00
1.528052806854248047e+00
1.444517850875854492e+00
5.126261711120605469e-01
2.078815996646881104e-01
1.603225708007812500e+00
1.864199161529541016e+00
1.659076929092407227e+00
-3.646975278854370117e+00
-2.634167432785034180e+00
-3.779911518096923828e+00
1.129768610000610352e+00
1.090504974126815796e-02
1.039610385894775391e+00
-3.029119670391082764e-01
2.394448995590209961e+00
-8.376376628875732422e-01
-2.134463071823120117e+00
2.255733728408813477e+00
-2.891131639480590820e+00
-3.113972425460815430e+00
-8.575894832611083984e-01
3.735080003738403320e+00
2.412159740924835205e-01
-1.255991458892822266e+00
-3.810801029205322266e+00
-7.447323799133300781e-01
6.091506481170654297e-01
2.964883327484130859e+00
-2.701018005609512329e-02
-2.046411752700805664e+00
4.801589548587799072e-01
-2.385132551193237305e+00
-1.157024502754211426e+00
8.382540941238403320e-01
2.736922502517700195e+00
-7.989443838596343994e-03
1.716351509094238281e+00
-2.308238506317138672e+00
-6.271777302026748657e-02
2.619899034500122070e+00
3.494984865188598633e+00
3.589631617069244385e-01
2.587396621704101562e+00
-3.034024477005004883e+00
-6.026121973991394043e-01
-1.511930823326110840e+00
3.474705934524536133e+00
-2.519511282444000244e-01
-6.892495751380920410e-01
2.249447107315063477e+00
-1.073149681091308594e+00
-3.469259023666381836e+00
1.800642311573028564e-01
-3.654174089431762695e+00
5.064073801040649414e-01
1.140574812889099121e+00
1.330133676528930664e+00
9.187493324279785156e-01
1.057620406150817871e+00
-4.514769464731216431e-02
1.818678081035614014e-01
-4.951239526271820068e-01
4.112675487995147705e-01
2.154907941818237305e+00
1.625124812126159668e+00
4.753634035587310791e-01
2.626106977462768555e+00
-3.138555765151977539e+00
-1.816256999969482422e+00
4.969257414340972900e-01
3.113706827163696289e+00
1.291497945785522461e+00
7.587411403656005859e-01
1.308197379112243652e-01
1.246712684631347656e+00
-1.474566459655761719e+00
-6.839252710342407227e-01
-2.772619962692260742e+00
-2.779325246810913086e+00
-1.596456468105316162e-01
-2.106384515762329102e+00
-1.051836133003234863e+00
-5.441496521234512329e-02
-1.844637870788574219e+00
1.980982661247253418e+00
-2.168984651565551758e+00
-1.848924160003662109e+00
4.890086948871612549e-01
-1.215974211692810059e+00
1.117270216345787048e-01
1.780992984771728516e+00
-1.136387944221496582e+00
4.484215080738067627e-01
5.673029273748397827e-02
1.130926966667175293e+00
-1.136258125305175781e+00
-1.953563451766967773e+00
-2.499862194061279297e+00
-1.397632241249084473e+00
-3.827626943588256836e+00
-1.954664349555969238e+00
1.675058603286743164e+00
3.279500484466552734e+00
6.492783874273300171e-02
5.847517251968383789e-01
-1.426246881484985352e+00
1.588973999023437500e+00
-1.016242146492004395e+00
-8.866807222366333008e-01
-4.283761680126190186e-01
1.456149816513061523e+00
-2.693840742111206055e+00
8.228697627782821655e-02
-2.128837347030639648e+00
-2.668849945068359375e+00
-1.215402007102966309e+00
-1.292717814445495605e+00
-3.049729347229003906e+00
2.514562904834747314e-01
9.596924781799316406e-01
6.008675098419189453e-01
-1.199983000755310059e+00
-6.163649559020996094e-01
-1.198472738265991211e+00
-1.837081611156463623e-01
-9.282829761505126953e-01
1.082736477255821228e-01
-1.776822328567504883e+00
-5.073570013046264648e-01
7.863057255744934082e-01
6.015156507492065430e-01
-7.053596973419189453e-01
-1.102257728576660156e+00
-2.142937898635864258e+00
-2.474634885787963867e+00
-2.931005477905273438e+00
-2.178955316543579102e+00
1.657576084136962891e+00
6.088089942932128906e-01
2.670489251613616943e-03
1.666347980499267578e-01
2.183176577091217041e-01
3.200414031744003296e-02
2.301311731338500977e+00
8.197760581970214844e-01
-2.010762929916381836e+00
2.567374467849731445e+00
-2.634936094284057617e+00
1.618469715118408203e+00
3.070234537124633789e+00
1.562407732009887695e+00
2.256448745727539062e+00
1.337876796722412109e+00
2.256712913513183594e+00
-1.839570403099060059e+00
-3.958439528942108154e-01
2.315008401870727539e+00
-1.885318398475646973e+00
-4.535909593105316162e-01
-5.662966966629028320e-01
2.987209081649780273e+00
1.768467187881469727e+00
9.215686321258544922e-01
3.390350103378295898e+00
2.725928127765655518e-01
1.525808334350585938e+00
2.313342332839965820e+00
1.259688854217529297e+00
-1.733110100030899048e-02
6.103804111480712891e-01
7.412686347961425781e-01
1.706196784973144531e+00
-1.154459834098815918e+00
6.363632678985595703e-01
3.641449511051177979e-01
2.846492767333984375e+00
2.808814048767089844e+00
3.264391660690307617e+00
1.993869423866271973e+00
3.871827363967895508e+00
5.886840343475341797e+00
2.801874399185180664e+00
3.008856534957885742e+00
2.711998462677001953e+00
2.297973394393920898e+00
5.344665527343750000e+00
2.935991048812866211e+00
3.329837083816528320e+00
5.252321720123291016e+00
1.739953279495239258e+00
1.625713706016540527e+00
3.287381887435913086e+00
1.449303984642028809e+00
1.249411329627037048e-01
-1.959755420684814453e+00
-3.516823291778564453e+00
-7.789542675018310547e-01
-1.112621068954467773e+00
-9.752082824707031250e-01
2.890988111495971680e+00
6.125821590423583984e+00
-1.718645334243774414e+00
2.202944040298461914e+00
6.817547082901000977e-01
4.133356094360351562e+00
-9.379377961158752441e-01
2.467617511749267578e+00
1.789174079895019531e+00
-2.840136289596557617e+00
-1.302843332290649414e+00
-3.950874507427215576e-01
2.005145072937011719e+00
1.002951860427856445e+00
2.834205925464630127e-01
-1.937565952539443970e-02
-1.516479849815368652e+00
-1.494689941406250000e+00
-2.944562673568725586e+00
-8.516509532928466797e-01
-6.059062480926513672e-01
-2.171568155288696289e+00
-1.615005850791931152e+00
4.277007877826690674e-01
-4.301498830318450928e-01
-3.058188676834106445e+00
2.735104858875274658e-01
-1.538719832897186279e-01
-1.410066485404968262e+00
-2.782340943813323975e-01
-1.702239751815795898e+00
-1.806029081344604492e+00
5.640447139739990234e-01
5.027921199798583984e-01
-2.298283815383911133e+00
2.634155035018920898e+00
-2.745965242385864258e+00
-1.392992258071899414e+00
2.046464920043945312e+00
2.544244825839996338e-01
1.087056636810302734e+00
1.146776080131530762e+00
6.906883716583251953e-01
3.351003229618072510e-01
1.256932318210601807e-01
-9.882596731185913086e-01
8.394666910171508789e-01
-2.190960884094238281e+00
2.141028642654418945e+00
-2.707289457321166992e+00
-2.528275489807128906e+00
-2.480897605419158936e-01
2.240008831024169922e+00
1.490290641784667969e+00
-1.011068820953369141e+00
-2.900613248348236084e-01
-1.843879103660583496e+00
-3.988803148269653320e+00
-2.166932582855224609e+00
-1.225849032402038574e+00
-2.956221342086791992e+00
-2.131074666976928711e+00
-2.938121080398559570e+00
-3.028510808944702148e+00
-4.692368209362030029e-01
1.324105262756347656e+00
-7.511173486709594727e-01
-9.544440507888793945e-01
4.335209131240844727e-01
-2.321138620376586914e+00
-2.202109098434448242e+00
-1.069298386573791504e+00
-2.057982444763183594e+00
-1.503509044647216797e+00
-1.696310877799987793e+00
-8.452680706977844238e-01
-3.840410411357879639e-01
1.517291069030761719e+00
1.352468252182006836e+00
1.129023075103759766e+00
1.025894641876220703e+00
9.299077391624450684e-01
1.198956489562988281e+00
1.338126301765441895e+00
1.170992612838745117e+00
1.757789611816406250e+00
2.784269571304321289e+00
-1.589750945568084717e-01
-5.173519849777221680e-01
4.122636616230010986e-01
3.966035604476928711e+00
4.116018414497375488e-01
9.977020621299743652e-01
7.056620121002197266e-01
8.004128336906433105e-01
1.330187171697616577e-02
-1.676180064678192139e-01
-6.756120920181274414e-01
5.006866455078125000e-01
1.623990237712860107e-01
1.005410194396972656e+00
-1.809225231409072876e-02
-5.338571071624755859e-01
-3.602024018764495850e-01
-1.489068269729614258e+00
-6.731692552566528320e-01
-1.714436531066894531e+00
-1.771484315395355225e-01
-3.647581040859222412e-01
-1.442065954208374023e+00
-4.905635833740234375e+00
-5.819325447082519531e-01
4.225993454456329346e-01
-1.124110698699951172e+00
-1.371898353099822998e-01
-1.618674039840698242e+00
-1.465623855590820312e+00
1.507382273674011230e+00
5.725806355476379395e-01
2.579340934753417969e+00
-1.922702789306640625e+00
-5.333039909601211548e-02
-2.504234015941619873e-01
9.817077964544296265e-02
-1.413029432296752930e+00
-2.478601634502410889e-01
1.197707876563072205e-01
-3.775795400142669678e-01
4.625327885150909424e-01
7.108458280563354492e-01
-4.263002574443817139e-01
2.959000170230865479e-01
8.515093326568603516e-01
7.857366800308227539e-01
1.174246296286582947e-01
-2.322318077087402344e+00
9.283930063247680664e-01
-1.985321044921875000e-01
-4.194552600383758545e-01
-1.391552686691284180e+00
4.382171481847763062e-02
-2.670539617538452148e+00
7.762538790702819824e-01
-7.281212806701660156e-01
6.368553638458251953e-01
6.095816493034362793e-01
1.348752677440643311e-01
6.373851299285888672e-01
1.945941805839538574e+00
4.241391271352767944e-02
1.294210076332092285e+00
-1.305192470550537109e+00
-1.469180345535278320e+00
5.818886756896972656e-01
6.901291012763977051e-01
1.173424482345581055e+00
-1.836914718151092529e-01
1.055660471320152283e-01
1.294615745544433594e+00
1.214859962463378906e+00
1.976737976074218750e+00
-1.351183891296386719e+00
1.507238745689392090e+00
9.562333822250366211e-01
9.741082191467285156e-01
2.230787277221679688e+00
1.435005962848663330e-01
-5.356321930885314941e-01
-5.565002560615539551e-01
-3.333917558193206787e-01
1.659900546073913574e+00
-3.723509013652801514e-01
-1.186503410339355469e+00
-8.370099067687988281e-01
5.123326778411865234e+00
5.139529705047607422e-01
-6.129658967256546021e-02
-1.588265597820281982e-01
-1.794165134429931641e+00
-4.905574023723602295e-01
1.453655958175659180e+00
1.708613634109497070e+00
-9.121668934822082520e-01
-3.739832878112792969e+00
2.611073255538940430e+00
4.033631801605224609e+00
3.607285261154174805e+00
-3.455564022064208984e+00
-3.067783594131469727e+00
-2.244221687316894531e+00
3.360190242528915405e-02
-1.040029406547546387e+00
7.074691653251647949e-01
-1.348762810230255127e-01
-1.981623470783233643e-03
2.057002782821655273e+00
3.322329998016357422e+00
-2.044719159603118896e-01
-3.416650593280792236e-01
-4.081727027893066406e+00
2.933328449726104736e-01
3.137515783309936523e+00
7.332721352577209473e-01
2.906582653522491455e-01
9.071034193038940430e-01
-2.568467855453491211e+00
-2.150990009307861328e+00
1.024200201034545898e+00
-4.316938221454620361e-01
-3.225643396377563477e+00
1.870773673057556152e+00
-4.806844890117645264e-01
-7.091584205627441406e-01
2.762001752853393555e+00
3.669631779193878174e-01
1.560381770133972168e+00
-1.908296465873718262e+00
-6.512041091918945312e-01
-3.487107038497924805e+00
1.229221105575561523e+00
4.362480938434600830e-01
1.429645299911499023e+00
-3.071585595607757568e-01
-1.707409024238586426e+00
3.614331781864166260e-01
-1.166738510131835938e+00
2.217700332403182983e-02
2.767085075378417969e+00
-2.326485812664031982e-01
2.101045131683349609e+00
-1.558271527290344238e+00
-1.978418827056884766e+00
-4.410917460918426514e-01
-6.855185031890869141e-01
1.600387394428253174e-01
1.145504236221313477e+00
3.355255424976348877e-01
-4.982845485210418701e-01
-4.339737892150878906e+00
-2.465188741683959961e+00
1.280441761016845703e+00
1.515164613723754883e+00
1.183315038681030273e+00
2.025385856628417969e+00
2.308127880096435547e+00
2.063776731491088867e+00
-5.394268035888671875e-01
9.347560256719589233e-02
-3.049583137035369873e-01
2.651257812976837158e-01
8.826290369033813477e-01
4.994333088397979736e-01
-3.125515878200531006e-01
2.484884560108184814e-01
2.421892404556274414e+00
-4.693431556224822998e-01
2.164147138595581055e+00
2.679645299911499023e+00
1.468056797981262207e+00
1.042182803153991699e+00
6.971255540847778320e-01
6.399512290954589844e-01
4.935517609119415283e-01
-1.418047904968261719e+00
-9.833025932312011719e-01
1.485315322875976562e+00
1.635074019432067871e+00
-1.538061797618865967e-01
2.800571024417877197e-01
1.018741354346275330e-01
7.093009948730468750e-01
2.896635532379150391e+00
3.004733085632324219e+00
2.918510198593139648e+00
2.773427724838256836e+00
9.564563035964965820e-01
9.589666128158569336e-01
-8.131923675537109375e-01
1.790646195411682129e+00
1.993683815002441406e+00
1.606849670410156250e+00
2.088489294052124023e+00
1.639961242675781250e+00
1.104311943054199219e+00
4.070824623107910156e+00
4.940999031066894531e+00
5.032838821411132812e+00
5.646651268005371094e+00
-4.137097895145416260e-01
7.703977823257446289e-01
1.639705419540405273e+00
-8.219591528177261353e-02
1.499606847763061523e+00
3.362649679183959961e+00
-1.232117891311645508e+00
3.284245729446411133e+00
3.215383052825927734e+00
2.636106967926025391e+00
3.170209646224975586e+00
2.226464986801147461e+00
3.216149657964706421e-02
3.768935054540634155e-02
-9.373024851083755493e-02
-2.913396656513214111e-01
3.635061085224151611e-01
2.925491571426391602e+00
-6.163507699966430664e-01
3.076496124267578125e+00
-1.729617118835449219e-01
-8.745006471872329712e-02
-6.885493993759155273e-01
2.493073046207427979e-01
-1.274457275867462158e-01
-6.366935968399047852e-01
-7.158495485782623291e-03
-1.036067962646484375e+00
-3.732567131519317627e-01
-3.325003981590270996e-01
1.550561666488647461e+00
-6.199897527694702148e-01
3.836767911911010742e+00
3.213954210281372070e+00
2.580551624298095703e+00
3.849354028701782227e+00
5.521263122558593750e+00
2.137126684188842773e+00
-1.031512692570686340e-01
-1.229349136352539062e+00
9.875619411468505859e-01
-7.271764278411865234e-01
-5.386964082717895508e-01
-1.092471241950988770e+00
-6.393492221832275391e-01
-6.588919162750244141e-01
-9.496685266494750977e-01
1.302271842956542969e+00
2.920732259750366211e+00
-5.573914200067520142e-02
9.982017278671264648e-01
5.379079818725585938e+00
2.627690553665161133e+00
5.629167556762695312e-01
1.407726883888244629e+00
-1.541633307933807373e-01
1.445049405097961426e+00
6.130375862121582031e-01
8.397562503814697266e-01
-2.672451436519622803e-01
1.014895081520080566e+00
-1.615601062774658203e+00
-1.611335396766662598e+00
-6.240300536155700684e-01
-1.330999851226806641e+00
-1.722991943359375000e+00
-1.524135768413543701e-01
-8.483186960220336914e-01
-1.189120769500732422e+00
-2.788165509700775146e-01
-2.209577262401580811e-01
5.365323424339294434e-01
-7.870006561279296875e-01
8.922697305679321289e-01
-2.926364839076995850e-01
1.104323863983154297e+00
4.572381824254989624e-02
-4.222719967365264893e-01
-7.732535600662231445e-01
1.814062595367431641e+00
1.639111399650573730e+00
1.636811733245849609e+00
1.281585931777954102e+00
-8.541855812072753906e-01
2.056216716766357422e+00
2.763723134994506836e+00
4.054380357265472412e-01
3.981141149997711182e-01
-1.748518645763397217e-01
8.420064300298690796e-02
3.656900227069854736e-01
-3.427658230066299438e-02
9.179391860961914062e-01
-1.193745017051696777e+00
-3.570854365825653076e-01
3.338549137115478516e+00
2.950561046600341797e+00
-1.226005330681800842e-01
-2.442861557006835938e+00
-1.797697782516479492e+00
-9.583536982536315918e-01
-2.573314607143402100e-01
-1.431393980979919434e+00
1.013021230697631836e+00
2.993261098861694336e+00
3.835059106349945068e-01
2.758972167968750000e+00
-3.150547444820404053e-01
-2.401180028915405273e+00
-4.804033935070037842e-01
1.450659275054931641e+00
-4.530434310436248779e-01
-3.203343868255615234e+00
-2.237612962722778320e+00
-8.574936389923095703e-01
2.509803533554077148e+00
3.431600928306579590e-01
4.486215114593505859e+00
2.547350645065307617e+00
2.132480740547180176e-01
-8.389414548873901367e-01
-3.132257699966430664e+00
-1.388319253921508789e+00
1.095614194869995117e+00
1.878999352455139160e+00
4.916686117649078369e-01
2.420179367065429688e+00
6.799473613500595093e-02
-2.067489385604858398e+00
-1.312700986862182617e+00
-9.454607963562011719e-01
-7.667855620384216309e-01
-8.785666227340698242e-01
1.860206723213195801e-01
-9.075694680213928223e-01
-1.008728981018066406e+00
6.401720643043518066e-01
-8.879544138908386230e-01
3.103549778461456299e-01
-2.054379135370254517e-02
3.585203588008880615e-01
1.086672544479370117e+00
1.717249512672424316e+00
3.811550855636596680e+00
1.252693176269531250e+00
1.953325152397155762e+00
1.906572580337524414e+00
4.129124641418457031e+00
-7.661857008934020996e-01
-1.250980019569396973e+00
-9.575264453887939453e-01
7.364428043365478516e-01
7.453765720129013062e-02
3.657408058643341064e-01
-1.577327013015747070e+00
2.080034494400024414e+00
3.003141641616821289e+00
1.961125731468200684e+00
1.072252511978149414e+00
6.321191787719726562e-01
-6.615293622016906738e-01
-1.432374596595764160e+00
1.503867983818054199e+00
2.697850465774536133e+00
-8.969717621803283691e-01
-2.971287012100219727e+00
-2.139163970947265625e+00
-1.827690750360488892e-02
-1.225311517715454102e+00
-3.767567396163940430e+00
2.128240585327148438e+00
4.575260728597640991e-02
-1.704537510871887207e+00
-1.138874530792236328e+00
-1.608547866344451904e-01
-1.447515785694122314e-01
1.248321413993835449e+00
-2.399303019046783447e-03
5.767424106597900391e-01
2.751494348049163818e-01
3.627316474914550781e+00
5.697468280792236328e+00
2.500779867172241211e+00
1.150449872016906738e+00
-8.322072029113769531e-01
-5.685623884201049805e-01
-4.184057414531707764e-01
1.887186288833618164e+00
3.485252708196640015e-02
3.829390048980712891e+00
7.897140830755233765e-02
-2.862197637557983398e+00
-2.616723477840423584e-01
-2.449220657348632812e+00
-1.369245350360870361e-01
-1.734936714172363281e+00
8.623790144920349121e-01
1.780386805534362793e+00
-4.678818881511688232e-01
-1.346759438514709473e+00
2.074453592300415039e+00
2.397545576095581055e+00
9.483115673065185547e-01
2.422406524419784546e-02
1.598945021629333496e+00
-1.146698474884033203e+00
-6.060956716537475586e-01
-1.721165657043457031e+00
5.238671302795410156e-01
-1.144086241722106934e+00
-9.821549654006958008e-01
1.561817646026611328e+00
4.477205127477645874e-02
-4.499182403087615967e-01
-3.297624289989471436e-01
-1.564083248376846313e-02
7.884392142295837402e-01
-2.495914936065673828e+00
5.449868440628051758e-01
-6.256216168403625488e-01
-1.767929911613464355e+00
-5.461845993995666504e-01
-1.547689676284790039e+00
-9.558538794517517090e-01
-8.009940385818481445e-01
1.403424024581909180e+00
-1.360872030258178711e+00
-3.416294813156127930e+00
3.007720470428466797e+00
3.931736946105957031e-01
6.456946730613708496e-01
1.812179327011108398e+00
3.801780045032501221e-01
3.041485846042633057e-01
-5.442235618829727173e-02
1.691595077514648438e+00
-8.856683969497680664e-01
1.309926748275756836e+00
-1.216804504394531250e+00
-2.509211301803588867e+00
-1.908838033676147461e+00
-1.982796907424926758e+00
8.476879447698593140e-02
1.498691141605377197e-01
-2.604720830917358398e+00
-2.874132394790649414e+00
-3.815490961074829102e+00
-4.217724800109863281e+00
-4.952050685882568359e+00
-4.388628482818603516e+00
-4.047901630401611328e+00
-9.831786155700683594e-01
-2.431274652481079102e+00
-6.038521528244018555e-01
1.748774349689483643e-01
-8.202390670776367188e-01
-1.225478649139404297e+00
-2.771687269210815430e+00
5.417635917663574219e+00
-7.375364899635314941e-01
3.813091039657592773e+00
-2.668730914592742920e-01
1.205693721771240234e+00
-1.535499989986419678e-01
4.303338825702667236e-01
3.193113088607788086e+00
2.650840520858764648e+00
-2.064999818801879883e+00
2.032500505447387695e+00
-4.997082710266113281e+00
-2.201921224594116211e+00
-1.657505393028259277e+00
2.625079154968261719e+00
2.535345792770385742e+00
2.862394094467163086e+00
2.034868478775024414e+00
3.275221347808837891e+00
5.211734175682067871e-01
3.286879777908325195e+00
-5.291061401367187500e-01
-9.301867485046386719e-01
1.087959051132202148e+00
-4.021689414978027344e+00
-2.032641172409057617e+00
5.798383951187133789e-01
1.824432313442230225e-01
2.014448165893554688e+00
1.880119800567626953e+00
7.178134918212890625e-01
9.200993776321411133e-01
4.830910265445709229e-01
-2.222681760787963867e+00
2.155783891677856445e+00
-2.433483302593231201e-01
3.078804314136505127e-01
5.830671638250350952e-02
3.011990547180175781e+00
1.218544244766235352e+00
2.000846862792968750e+00
1.926444411277770996e+00
-2.710402905941009521e-01
-8.795647025108337402e-01
-8.385256528854370117e-01
-2.097668349742889404e-01
-2.437763452529907227e+00
-1.401493072509765625e+00
-1.198154926300048828e+00
-1.079084634780883789e+00
-6.503949314355850220e-02
9.462764263153076172e-01
8.545138686895370483e-02
4.104610979557037354e-01
9.339694976806640625e-01
1.181730255484580994e-01
1.858483791351318359e+00
-1.269877552986145020e+00
-1.040567874908447266e+00
-8.713040351867675781e-01
-5.317494869232177734e-01
-4.224291741847991943e-01
3.239856064319610596e-01
3.529224693775177002e-01
6.722458004951477051e-01
7.322204113006591797e-01
1.058612823486328125e+00
5.210002660751342773e-01
-2.478953301906585693e-01
-9.744167327880859375e-01
-1.371316313743591309e-01
5.970555543899536133e-01
-1.093031644821166992e+00
-1.028674125671386719e+00
-1.516308784484863281e+00
-9.211844205856323242e-01
-7.811821699142456055e-01
8.825801312923431396e-03
-6.458837985992431641e-01
-1.541338801383972168e+00
-1.196279883384704590e+00
-3.530700504779815674e-01
3.511402904987335205e-01
-7.834306955337524414e-01
6.858476400375366211e-01
2.446391820907592773e+00
2.317939519882202148e+00
8.135311603546142578e-01
-5.591557174921035767e-02
3.206221103668212891e+00
7.493372559547424316e-01
7.555322051048278809e-01
9.159454107284545898e-01
1.392801284790039062e+00
4.035556614398956299e-01
5.473603010177612305e-01
1.944143533706665039e+00
-2.169559001922607422e+00
-2.193580389022827148e+00
-5.425871610641479492e-01
-1.114027619361877441e+00
2.275147914886474609e+00
2.405545949935913086e+00
-1.668281316757202148e+00
-1.304355621337890625e+00
-1.644882678985595703e+00
-4.923374354839324951e-01
-2.351375520229339600e-01
9.566549062728881836e-01
-6.561317443847656250e-01
-1.176198244094848633e+00
-3.072656869888305664e+00
-1.572723627090454102e+00
-2.398309856653213501e-02
-1.562139034271240234e+00
1.044245958328247070e+00
-3.182952165603637695e+00
-3.611356973648071289e+00
-2.646855592727661133e+00
-3.270793914794921875e+00
1.557696104049682617e+00
9.471037387847900391e-01
2.706134617328643799e-01
1.994113326072692871e+00
1.055603474378585815e-02
-3.782677352428436279e-01
3.482647657394409180e+00
-8.444021344184875488e-01
-1.705073118209838867e+00
9.275414943695068359e-01
-2.858209311962127686e-01
1.162983417510986328e+00
-1.603287577629089355e+00
2.802794575691223145e-01
4.904060065746307373e-01
2.247072935104370117e+00
-1.298918843269348145e+00
2.688828110694885254e-01
-9.506750106811523438e-01
-2.075757265090942383e+00
-1.212762594223022461e+00
-5.335074663162231445e-01
1.699003577232360840e+00
-8.114442229270935059e-01
2.012014150619506836e+00
1.022724866867065430e+00
2.592740356922149658e-01
1.160855770111083984e+00
1.280924797058105469e+00
-9.999600648880004883e-01
-9.946939945220947266e-01
-6.013399362564086914e-01
-1.788299679756164551e+00
-1.683913707733154297e+00
-1.448293685913085938e+00
-1.838148355484008789e+00
-2.267242431640625000e+00
-2.186629295349121094e+00
-2.148344993591308594e+00
-2.248113155364990234e+00
-2.362818241119384766e+00
-8.418763875961303711e-01
-9.701929092407226562e-01
1.182347059249877930e+00
2.074332952499389648e+00
3.475633859634399414e+00
3.446607828140258789e+00
2.964355707168579102e+00
3.329993247985839844e+00
3.314653396606445312e+00
3.337897539138793945e+00
2.641228437423706055e+00
3.436413109302520752e-01
1.082860469818115234e+00
4.459501802921295166e-01
2.235737562179565430e+00
-1.606917083263397217e-01
-7.305286079645156860e-02
-1.824030995368957520e+00
-3.730626344680786133e+00
2.148545086383819580e-01
1.139673471450805664e+00
2.758500874042510986e-01
2.523061990737915039e+00
2.381732940673828125e+00
-4.586547374725341797e+00
-3.231354653835296631e-01
-2.517385244369506836e+00
-1.635692238807678223e+00
-5.404285907745361328e+00
-1.842310667037963867e+00
1.399548292160034180e+00
-5.513759851455688477e-01
1.793644547462463379e+00
-1.833479404449462891e+00
4.886539459228515625e+00
1.254830360412597656e+00
8.115142583847045898e-01
1.420389771461486816e+00
-3.772626817226409912e-01
-5.377714633941650391e-01
2.490405321121215820e+00
2.136906385421752930e+00
3.638583719730377197e-01
3.783623874187469482e-01
6.995080113410949707e-01
-6.308963298797607422e-01
1.120405420660972595e-01
3.107745885848999023e+00
1.915143728256225586e+00
2.551943063735961914e+00
3.494611740112304688e+00
5.264127254486083984e-01
4.328694820404052734e+00
-3.364438116550445557e-01
-2.869472980499267578e+00
4.225311279296875000e+00
3.174809455871582031e+00
1.686258018016815186e-01
1.250009179115295410e+00
1.202681541442871094e+00
-2.380166947841644287e-01
2.041357457637786865e-01
-3.428429365158081055e-01
-1.343583583831787109e+00
8.254395723342895508e-01
-7.617018371820449829e-02
1.804723143577575684e+00
3.711743652820587158e-01
2.178709745407104492e+00
-1.678423643112182617e+00
1.259561181068420410e+00
-1.329700231552124023e+00
-3.443363606929779053e-01
-2.935152769088745117e+00
-1.237512707710266113e+00
-3.419373184442520142e-02
2.198891162872314453e+00
2.758087873458862305e+00
-8.595178276300430298e-02
8.511170148849487305e-01
-4.574726104736328125e+00
-2.114257574081420898e+00
-5.981864929199218750e-01
1.076100230216979980e+00
-3.502179086208343506e-01
-9.693478345870971680e-01
-1.171997547149658203e+00
1.359541177749633789e+00
8.791423439979553223e-01
-1.340744972229003906e+00
-4.891392886638641357e-01
-2.338775396347045898e+00
-4.098593890666961670e-01
-8.518632650375366211e-01
6.188461780548095703e-01
4.787727892398834229e-01
4.611837565898895264e-01
-8.168317079544067383e-01
2.833058118820190430e+00
-6.304281949996948242e-01
-1.176568150520324707e+00
-1.370902955532073975e-01
-3.320197582244873047e+00
-9.563992172479629517e-02
-1.796229779720306396e-01
2.342436552047729492e+00
-1.146215438842773438e+00
-7.478265166282653809e-01
-2.123819589614868164e+00
-1.052645564079284668e+00
-2.912553548812866211e+00
-9.522842764854431152e-01
1.941136121749877930e+00
2.327832460403442383e+00
1.323116123676300049e-01
2.714782476425170898e+00
3.514220714569091797e+00
-1.336628079414367676e+00
4.260018169879913330e-01
2.081139802932739258e+00
3.060961246490478516e+00
2.128101110458374023e+00
1.469814896583557129e+00
2.580777704715728760e-01
-1.401822447776794434e+00
-2.340565621852874756e-01
-1.153285264968872070e+00
-1.031598523259162903e-01
4.668057262897491455e-01
-5.888431072235107422e-01
2.365005493164062500e+00
3.957817852497100830e-01
1.640283942222595215e+00
-1.550540328025817871e+00
-1.438348293304443359e+00
2.872379779815673828e+00
3.956854641437530518e-01
1.636521100997924805e+00
5.183471441268920898e-01
-4.429002106189727783e-01
-1.727679848670959473e+00
-2.191120386123657227e+00
1.438899159431457520e+00
1.335901141166687012e+00
-2.143478155136108398e+00
-6.551257371902465820e-01
2.352699637413024902e-01
3.947478830814361572e-01
-1.371732652187347412e-01
1.295085072517395020e+00
1.532764732837677002e-01
4.755594134330749512e-01
3.352699756622314453e+00
-2.090859651565551758e+00
5.732312202453613281e-01
7.312538623809814453e-01
-7.312042713165283203e-01
-5.006847977638244629e-01
1.507486999034881592e-01
2.231286764144897461e+00
-1.062150359153747559e+00
3.498210608959197998e-01
1.698503732681274414e+00
-1.109730482101440430e+00
-1.262414574623107910e+00
-1.452424407005310059e+00
-2.434252023696899414e+00
-4.831113517284393311e-01
5.350731015205383301e-01
-6.555482149124145508e-01
-8.256146311759948730e-01
-1.814223289489746094e+00
-2.096084833145141602e+00
-9.935412555932998657e-02
-3.391816318035125732e-01
1.867596209049224854e-01
4.783227741718292236e-01
1.515423357486724854e-01
-3.564326763153076172e+00
-1.907913565635681152e+00
5.374103784561157227e-01
1.020062685012817383e+00
1.618982851505279541e-01
9.022551774978637695e-01
1.047289371490478516e+00
-5.953757762908935547e-01
-4.867772161960601807e-01
-3.583702325820922852e+00
-2.394251346588134766e+00
-6.807543337345123291e-03
3.709110319614410400e-01
6.753897666931152344e-01
2.668234586715698242e+00
-1.436002850532531738e+00
2.336762845516204834e-03
-1.296617388725280762e+00
-2.741869390010833740e-01
5.535948872566223145e-01
-5.963001400232315063e-02
7.242451906204223633e-01
5.497707724571228027e-01
3.234119117259979248e-01
2.208327353000640869e-01
1.262581646442413330e-01
1.776572167873382568e-01
1.449216127395629883e+00
-1.029624581336975098e+00
-1.401156067848205566e+00
3.610155880451202393e-01
-3.997060954570770264e-01
2.819385379552841187e-02
2.722676515579223633e+00
-2.117477953433990479e-01
-5.516942739486694336e-01
-1.075537919998168945e+00
-5.903885364532470703e-01
-2.225914001464843750e+00
-1.586922109127044678e-01
-8.642051219940185547e-01
-1.356204450130462646e-01
1.650409698486328125e+00
1.260654211044311523e+00
7.279709577560424805e-01
-1.117500066757202148e+00
1.109663724899291992e+00
4.341678321361541748e-01
9.556691050529479980e-01
-2.215215444564819336e+00
-1.035422325134277344e+00
2.764187157154083252e-01
3.533025085926055908e-01
1.255177617073059082e+00
-9.655676037073135376e-02
-2.190725564956665039e+00
-2.172025442123413086e+00
-6.016324162483215332e-01
1.837335109710693359e+00
-6.889912486076354980e-01
2.273120731115341187e-02
1.131195068359375000e+00
-2.044442594051361084e-01
-2.013588666915893555e+00
-3.976955711841583252e-01
1.187202453613281250e+00
-5.790399909019470215e-01
1.244068384170532227e+00
5.429536104202270508e-01
5.058797001838684082e-01
-1.851625204086303711e+00
-3.449078798294067383e+00
4.359904289245605469e+00
3.384445190429687500e+00
5.357592105865478516e-01
-9.344147443771362305e-01
1.687429547309875488e+00
2.327663421630859375e+00
-3.295123815536499023e+00
-3.886106967926025391e+00
2.217228710651397705e-01
-2.940115213394165039e+00
1.714683890342712402e+00
6.556951254606246948e-02
-1.178404450416564941e+00
9.303238987922668457e-01
1.131686925888061523e+00
8.442582935094833374e-02
-2.333276748657226562e+00
-1.478295564651489258e+00
-5.234775692224502563e-02
1.323480904102325439e-01
1.122814655303955078e+00
5.179215669631958008e-01
1.835929453372955322e-01
-8.218879699707031250e-01
1.284513175487518311e-01
-5.215781927108764648e-01
-6.308629512786865234e-01
-2.870577812194824219e+00
-7.288707494735717773e-01
-4.665395319461822510e-01
1.440864682197570801e+00
-1.163352489471435547e+00
-1.309340953826904297e+00
-1.664842486381530762e+00
-1.202065944671630859e+00
-1.806328058242797852e+00
-1.119759559631347656e+00
-6.726254224777221680e-01
-3.357138395309448242e+00
-9.333777427673339844e-01
2.550523579120635986e-01
-1.504984974861145020e+00
-1.228631019592285156e+00
1.995014846324920654e-01
-4.206377565860748291e-01
-1.688074469566345215e+00
1.784425616264343262e+00
7.403779029846191406e-01
-1.801107168197631836e+00
-1.549492597579956055e+00
1.319846749305725098e+00
4.991932213306427002e-01
1.310827434062957764e-01
-1.014971852302551270e+00
1.346259832382202148e+00
7.315939664840698242e-01
-4.575015068054199219e+00
4.242058098316192627e-01
1.496682763099670410e+00
6.941470503807067871e-01
-1.823556900024414062e+00
2.242098093032836914e+00
2.608252048492431641e+00
2.219917535781860352e+00
2.337692975997924805e+00
2.738420248031616211e+00
-1.453396677970886230e+00
1.146899104118347168e+00
1.149297356605529785e+00
-2.293072938919067383e+00
-2.784802913665771484e+00
-2.488826215267181396e-01
-2.277357816696166992e+00
-5.677797794342041016e-01
2.702921628952026367e+00
1.201415538787841797e+00
2.099702119827270508e+00
1.810295581817626953e+00
6.957014799118041992e-01
-2.091794013977050781e+00
-2.298111677169799805e+00
1.769315302371978760e-01
2.551153182983398438e+00
2.725366592407226562e+00
2.524888038635253906e+00
3.186667680740356445e+00
-1.872957706451416016e+00
4.964831173419952393e-01
2.046294510364532471e-01
2.494926691055297852e+00
6.761739253997802734e-01
5.066194534301757812e-01
3.556875467300415039e+00
-1.403538882732391357e-01
-9.767161607742309570e-01
-8.602698445320129395e-01
-4.607322812080383301e-01
-2.013678550720214844e+00
7.067229598760604858e-02
-6.864447593688964844e-01
-1.461092710494995117e+00
1.641711354255676270e+00
-6.317666769027709961e-01
3.383352607488632202e-02
-1.864911317825317383e+00
-2.027227401733398438e+00
1.123770475387573242e+00
2.361140489578247070e+00
1.930374860763549805e+00
6.420187950134277344e-01
1.281175136566162109e+00
-2.381725013256072998e-01
-6.273216009140014648e-01
-3.780526876449584961e+00
-1.009440422058105469e+00
9.780129790306091309e-01
4.184991419315338135e-01
-1.116845965385437012e+00
3.709345757961273193e-01
3.579165041446685791e-01
-1.610913038253784180e+00
1.960026025772094727e+00
2.896045207977294922e+00
4.910794258117675781e+00
4.645326435565948486e-01
4.552500545978546143e-01
3.911528587341308594e+00
3.636100530624389648e+00
1.726068019866943359e+00
1.164032936096191406e+00
1.781306505203247070e+00
3.450626134872436523e+00
-1.150748968124389648e+00
4.114019393920898438e+00
2.770149469375610352e+00
1.478810548782348633e+00
1.373750448226928711e+00
8.823669552803039551e-01
-3.511472046375274658e-01
-2.065614938735961914e+00
-7.116766571998596191e-01
-2.448357343673706055e-01
-4.123016893863677979e-01
-4.763426482677459717e-01
1.693776547908782959e-01
-1.845807313919067383e+00
-5.491296052932739258e-01
-1.628448963165283203e+00
2.309969186782836914e+00
5.452202558517456055e-01
-1.113654151558876038e-01
1.661286473274230957e+00
-2.177370309829711914e+00
-1.797196149826049805e+00
-4.231605231761932373e-01
-2.324836730957031250e+00
-3.008316278457641602e+00
-3.501715362071990967e-01
1.327657580375671387e+00
-1.263376116752624512e+00
-5.370757102966308594e+00
-3.229108810424804688e+00
-3.806478738784790039e+00
-1.499427795410156250e+00
7.911679744720458984e-01
1.591681599617004395e+00
1.101835012435913086e+00
-4.869165718555450439e-01
-1.013786554336547852e+00
8.883820772171020508e-01
2.483419895172119141e+00
3.991208791732788086e+00
2.453549861907958984e+00
-1.694263458251953125e+00
1.272045016288757324e+00
-9.262340068817138672e-01
5.093922615051269531e-01
9.878838062286376953e-01
-2.868787050247192383e+00
-1.249518632888793945e+00
-7.233557105064392090e-01
5.565593719482421875e+00
1.950680017471313477e+00
-4.041931152343750000e+00
2.646021544933319092e-01
-5.758960247039794922e-01
1.043791055679321289e+00
9.656038284301757812e-01
6.476349830627441406e-01
3.818791210651397705e-01
1.307278871536254883e+00
-1.899825096130371094e+00
1.027136072516441345e-01
1.819090843200683594e+00
4.368134438991546631e-01
-1.238940238952636719e+00
9.128985404968261719e-01
-1.520217418670654297e+00
-1.226343393325805664e+00
-4.103763997554779053e-01
-1.179455280303955078e+00
-2.417919337749481201e-01
-7.431294918060302734e-01
-1.619366407394409180e+00
-3.193870306015014648e+00
5.135946869850158691e-01
4.812308251857757568e-01
4.450270235538482666e-01
-2.695604562759399414e+00
-1.338931083679199219e+00
-3.385717868804931641e+00
1.325166106224060059e+00
1.932229042053222656e+00
1.721601724624633789e+00
-1.088926315307617188e+00
-2.367316722869873047e+00
-1.795315980911254883e+00
1.753973007202148438e+00
1.187094449996948242e+00
-2.147437572479248047e+00
-1.573244333267211914e+00
-1.748878657817840576e-01
2.904994249343872070e+00
2.709915876388549805e+00
1.611672282218933105e+00
-4.803551673889160156e+00
6.228646039962768555e-01
-6.021697521209716797e-01
9.101598262786865234e-01
-1.598862409591674805e+00
3.943623304367065430e+00
-2.295822799205780029e-01
3.098575770854949951e-01
-4.679409563541412354e-01
3.708170950412750244e-01
1.080394014716148376e-01
4.010811805725097656e+00
4.933448880910873413e-02
-9.725511074066162109e-01
1.398830533027648926e+00
-1.581102311611175537e-01
2.397106409072875977e+00
-2.021114826202392578e+00
1.142195686697959900e-01
-2.709469079971313477e+00
2.637601613998413086e+00
-6.530035734176635742e-01
4.175740778446197510e-01
-2.067019701004028320e+00
8.735980391502380371e-01
1.241848945617675781e+00
-7.609786391258239746e-01
-1.859887003898620605e+00
1.162659168243408203e+00
-2.076641798019409180e+00
-5.955994129180908203e-01
1.907381296157836914e+00
4.223456680774688721e-01
1.091977596282958984e+00
1.005588293075561523e+00
-1.258600473403930664e+00
-9.400477409362792969e-01
-5.831863880157470703e-01
5.312206745147705078e-01
2.469214498996734619e-01
-8.918691873550415039e-01
3.153647184371948242e+00
3.209630489349365234e+00
9.662024974822998047e-01
1.628192186355590820e+00
3.453791379928588867e+00
2.851481676101684570e+00
1.157964348793029785e+00
2.461247205734252930e+00
2.002966165542602539e+00
2.134021759033203125e+00
3.774293661117553711e+00
7.015051841735839844e-01
1.426376581192016602e+00
1.305497646331787109e+00
1.358910560607910156e+00
2.582781553268432617e+00
2.941516160964965820e+00
2.210061311721801758e+00
1.602638006210327148e+00
2.572475194931030273e+00
-7.115050554275512695e-01
-2.626953274011611938e-02
-3.095524311065673828e+00
-2.766733407974243164e+00
2.855456113815307617e+00
-8.909168243408203125e-01
2.515640109777450562e-02
4.706601798534393311e-01
1.133439421653747559e+00
-2.610377311706542969e+00
-6.936264038085937500e+00
-5.391113758087158203e-01
-4.102376401424407959e-01
1.322108745574951172e+00
7.284852862358093262e-01
1.177080154418945312e+00
3.013618707656860352e+00
5.574896812438964844e+00
4.962786734104156494e-01
1.656533598899841309e+00
-1.749850809574127197e-01
3.635877668857574463e-01
-1.044702768325805664e+00
1.285368680953979492e+00
5.809470415115356445e-01
2.184921979904174805e+00
2.999675273895263672e+00
1.934867143630981445e+00
-7.193722128868103027e-01
-3.827571570873260498e-01
4.342893660068511963e-01
-2.695724725723266602e+00
-2.663050889968872070e+00
-3.479820489883422852e+00
-4.471559822559356689e-01
-2.190569162368774414e+00
-2.803002893924713135e-01
-2.236492872238159180e+00
-8.119897842407226562e-01
-2.782691240310668945e+00
-8.463521599769592285e-01
-1.144815444946289062e+00
-1.160459995269775391e+00
-1.271645665168762207e+00
-6.901141405105590820e-01
-1.773534417152404785e+00
-1.674111843109130859e+00
-5.769340991973876953e-01
-8.581245541572570801e-01
4.569428265094757080e-01
-1.217224478721618652e+00
-3.094103574752807617e+00
