2.179800570011138916e-01
-4.672788083553314209e-01
6.236864328384399414e-01
2.986663877964019775e-01
1.964934945106506348e+00
-1.453372001647949219e+00
-1.390982568264007568e-01
-1.512829661369323730e+00
-2.437182664871215820e+00
6.381003856658935547e-01
-1.684170126914978027e+00
-1.522552728652954102e+00
-5.647226810455322266e+00
-4.180366516113281250e+00
-2.818143665790557861e-01
1.841251015663146973e+00
1.831715941429138184e+00
-4.397406280040740967e-01
-8.493274450302124023e-01
2.068736553192138672e+00
-8.921476602554321289e-01
6.922066211700439453e-01
-1.229947566986083984e+00
1.565638899803161621e+00
8.057123422622680664e-01
2.497847795486450195e+00
9.359763860702514648e-01
2.350653171539306641e+00
1.220848441123962402e+00
-1.740845143795013428e-01
1.811702609062194824e+00
6.596280336380004883e-01
1.898277640342712402e+00
1.166473388671875000e+00
1.070486903190612793e+00
-8.962808847427368164e-01
1.703306317329406738e+00
-3.285934627056121826e-01
3.077393531799316406e+00
-3.521908223628997803e-01
1.968165040016174316e+00
2.334169626235961914e+00
3.027998208999633789e+00
6.675786972045898438e-01
1.418871045112609863e+00
-1.670881211757659912e-01
4.825785756111145020e-02
-2.187081873416900635e-01
-2.694797217845916748e-01
5.790408849716186523e-01
3.032692372798919678e-01
-4.942060410976409912e-01
-6.119018793106079102e-01
-4.036085903644561768e-01
1.062612831592559814e-01
4.697946608066558838e-01
6.019492149353027344e-01
9.807757139205932617e-01
1.803698658943176270e+00
2.333164215087890625e+00
2.479578256607055664e+00
2.440768480300903320e+00
2.279579639434814453e+00
1.877521157264709473e+00
1.453809380531311035e+00
1.020896553993225098e+00
2.706383764743804932e-01
1.476917386054992676e+00
-3.197309672832489014e-01
-1.855798006057739258e+00
-3.093738853931427002e-01
-4.104429781436920166e-01
1.043030023574829102e+00
-7.194408774375915527e-02
1.279826045036315918e+00
1.512325644493103027e+00
2.551877200603485107e-01
-7.723268270492553711e-01
7.219146490097045898e-01
-4.229394495487213135e-01
-3.937682807445526123e-01
1.324701666831970215e+00
3.850932836532592773e+00
1.661064743995666504e+00
1.180069327354431152e+00
1.872691035270690918e+00
1.057293772697448730e+00
-1.459132552146911621e+00
-1.074514985084533691e+00
-1.326865553855895996e+00
-5.008223056793212891e-01
-5.607440471649169922e-01
-1.024646043777465820e+00
1.230175197124481201e-01
-8.679017424583435059e-02
-5.747228860855102539e-03
2.684521377086639404e-01
-1.297463893890380859e+00
-6.119199991226196289e-01
1.068193316459655762e+00
7.297562360763549805e-01
-8.056247234344482422e-02
-1.676336169242858887e+00
2.901609241962432861e-01
-4.898588359355926514e-01
-3.048753440380096436e-01
1.162082314491271973e+00
8.426226377487182617e-01
1.066205024719238281e+00
1.045533776283264160e+00
-3.031939864158630371e-01
-2.779279649257659912e-01
4.758265614509582520e-02
4.783590137958526611e-01
4.703130424022674561e-01
6.342319250106811523e-01
6.369564533233642578e-01
7.046291828155517578e-01
7.269326448440551758e-01
7.598336935043334961e-01
7.916483879089355469e-01
8.295444250106811523e-01
8.746887445449829102e-01
9.231370687484741211e-01
9.745401144027709961e-01
1.026743769645690918e+00
1.076208710670471191e+00
1.120077490806579590e+00
1.154507040977478027e+00
1.176966667175292969e+00
1.184237718582153320e+00
1.173154592514038086e+00
1.147227883338928223e+00
1.102335453033447266e+00
1.179513335227966309e+00
1.181471347808837891e+00
3.791689574718475342e-01
6.242758035659790039e-01
1.998263895511627197e-01
5.605902671813964844e-01
1.999604105949401855e+00
-9.708310365676879883e-01
7.022047042846679688e-01
-3.104525208473205566e-01
2.977226078510284424e-01
1.926331162452697754e+00
1.002969264984130859e+00
-1.037811636924743652e+00
-4.469057023525238037e-01
-1.969672799110412598e+00
-1.643119454383850098e+00
-4.192146301269531250e+00
-5.231029987335205078e+00
-5.295872688293457031e-05
-2.718854188919067383e+00
1.571734309196472168e+00
3.173738479614257812e+00
1.880808949470520020e+00
2.504065752029418945e+00
1.633545279502868652e+00
2.754724740982055664e+00
2.522295713424682617e+00
2.964429616928100586e+00
3.219092607498168945e+00
1.071251749992370605e+00
3.956729471683502197e-01
9.628716111183166504e-02
-1.561378955841064453e+00
1.629274010658264160e+00
2.379491806030273438e+00
-3.486922979354858398e+00
-2.640717744827270508e+00
-3.261737346649169922e+00
-2.699091672897338867e+00
1.024215579032897949e+00
2.011727094650268555e+00
-2.245920658111572266e+00
5.522309541702270508e-01
-2.332163155078887939e-01
2.998129427433013916e-01
-3.946164548397064209e-01
7.559037208557128906e-01
-1.203725457191467285e+00
3.143464028835296631e-01
8.086589574813842773e-01
4.232648909091949463e-01
6.014407873153686523e-01
3.682166337966918945e-03
-1.511985898017883301e+00
-1.235010743141174316e+00
1.047814249992370605e+00
7.135471105575561523e-01
7.194323539733886719e-01
1.365008711814880371e+00
-1.098844289779663086e+00
-1.407768964767456055e+00
-1.424089074134826660e+00
-2.071478664875030518e-01
-5.627468228340148926e-02
-2.481022119522094727e+00
-8.611360788345336914e-01
2.243769168853759766e+00
-1.184903025627136230e+00
-1.782729268074035645e+00
-9.436519145965576172e-01
-3.822468221187591553e-01
1.690668344497680664e+00
1.893615365028381348e+00
9.555869102478027344e-01
1.038273453712463379e+00
1.718042194843292236e-01
8.546957969665527344e-01
-1.675698399543762207e+00
-3.816374301910400391e+00
-4.034405231475830078e+00
-6.086748600006103516e+00
-5.160320758819580078e+00
-5.313130855560302734e+00
-3.689203500747680664e+00
-3.320728302001953125e+00
-3.035079002380371094e+00
-1.071673750877380371e+00
-2.470565736293792725e-01
1.747203946113586426e+00
5.553268194198608398e-01
4.630473256111145020e-02
-5.520952939987182617e-01
-2.160495221614837646e-01
-1.777081191539764404e-01
3.125795423984527588e-01
-6.056385040283203125e-01
8.420087099075317383e-01
-4.591729938983917236e-01
8.262174129486083984e-01
8.784016370773315430e-01
-7.759021520614624023e-01
8.138672113418579102e-01
1.101773619651794434e+00
7.519794702529907227e-01
1.297725737094879150e-01
1.187038183212280273e+00
3.794696927070617676e-02
3.826636373996734619e-01
-1.047845005989074707e+00
-1.710118412971496582e+00
-3.065562963485717773e+00
-2.189691066741943359e+00
-5.524488687515258789e-01
-1.405353426933288574e+00
-2.874445199966430664e+00
-2.719445705413818359e+00
1.519774794578552246e+00
2.565685033798217773e+00
1.021913886070251465e+00
-2.441080808639526367e+00
-1.568516135215759277e+00
-4.018686294555664062e+00
-4.573683261871337891e+00
-9.573062658309936523e-01
-2.025272369384765625e+00
-2.202471971511840820e+00
-3.111098051071166992e+00
-2.355235099792480469e+00
-2.578974485397338867e+00
-8.584041595458984375e-01
1.861966967582702637e+00
-1.090043902397155762e+00
-5.600100755691528320e-01
-1.680802226066589355e+00
5.389391183853149414e-01
-7.549032568931579590e-02
-2.118370532989501953e+00
-3.072374105453491211e+00
-1.540372967720031738e+00
-4.580238759517669678e-01
5.658840179443359375e+00
1.164284944534301758e-01
2.574066877365112305e+00
2.414937913417816162e-01
7.028450965881347656e-01
-2.396003246307373047e+00
1.499533951282501221e-01
8.425475358963012695e-01
2.296047925949096680e+00
1.236835598945617676e+00
-1.540307998657226562e+00
9.178495407104492188e-01
-3.682537972927093506e-01
-6.139572858810424805e-01
-1.647269487380981445e+00
-2.115268945693969727e+00
-2.524711191654205322e-01
-5.132461786270141602e-01
1.262519598007202148e+00
5.814884901046752930e-01
8.827453851699829102e-01
-1.956162333488464355e+00
-1.845228552818298340e+00
-1.534799695014953613e+00
1.492280066013336182e-01
1.858946979045867920e-01
2.193473875522613525e-01
-3.641928136348724365e-01
2.860802412033081055e+00
-1.352462768554687500e+00
3.990027010440826416e-01
3.470196425914764404e-01
5.218577384948730469e-01
7.631298899650573730e-02
-4.670513570308685303e-01
6.479185819625854492e-01
-1.619912028312683105e+00
9.893580675125122070e-01
-2.799290418624877930e+00
2.023729801177978516e+00
3.409891366958618164e+00
9.961745738983154297e-01
1.868654787540435791e-01
1.183701872825622559e+00
2.780642747879028320e+00
-4.681154727935791016e+00
-3.480167865753173828e+00
-1.978500604629516602e+00
-2.237653017044067383e+00
8.974183797836303711e-01
-1.016559243202209473e+00
3.190591931343078613e-02
-2.477181255817413330e-01
-3.671386837959289551e-02
2.458240091800689697e-01
8.206126093864440918e-02
1.471603631973266602e+00
-2.235728204250335693e-01
-2.655520200729370117e+00
-3.975028693675994873e-01
-6.854923963546752930e-01
-3.548166155815124512e-02
-1.154555797576904297e+00
4.580806791782379150e-01
4.775196313858032227e-03
-4.596898257732391357e-01
-1.110701680183410645e+00
1.938050150871276855e+00
-3.129841983318328857e-01
4.635435044765472412e-01
-1.642368555068969727e+00
-1.174553334712982178e-01
7.102569937705993652e-02
7.753645181655883789e-01
-6.568413972854614258e-01
1.304874658584594727e+00
-1.287939786911010742e+00
-1.162870407104492188e+00
-1.349814295768737793e+00
-1.855930685997009277e-01
-1.314757585525512695e+00
2.622509002685546875e-02
-2.181903123855590820e-01
2.081457674503326416e-01
2.006726741790771484e+00
-1.425403952598571777e+00
2.064600467681884766e+00
3.138116896152496338e-01
-1.992563009262084961e+00
2.149681150913238525e-01
-4.428452849388122559e-01
1.657259583473205566e+00
1.823150992393493652e+00
2.394265234470367432e-01
1.056662201881408691e+00
1.565216898918151855e+00
1.142435908317565918e+00
6.948430538177490234e-01
4.679479300975799561e-01
4.403826296329498291e-01
1.778172373771667480e+00
8.358941078186035156e-01
-9.428986907005310059e-02
-1.575734734535217285e+00
-1.611861109733581543e+00
-5.701633691787719727e-01
1.017619371414184570e+00
-1.160023927688598633e+00
2.152931392192840576e-01
-2.761143445968627930e-01
-1.743343174457550049e-01
-3.837232291698455811e-01
-1.151443004608154297e+00
-1.471664607524871826e-01
2.158378601074218750e+00
-1.332049071788787842e-01
3.629854321479797363e-02
-9.869804382324218750e-01
1.265323460102081299e-01
3.972380459308624268e-01
5.275107622146606445e-01
1.298315167427062988e+00
7.167837619781494141e-01
1.924855351448059082e+00
1.177780270576477051e+00
1.054120540618896484e+00
1.168579339981079102e+00
1.066409707069396973e+00
1.528142333030700684e+00
2.374147891998291016e+00
6.048795580863952637e-02
-5.003626346588134766e-01
-7.301368713378906250e-01
4.097620546817779541e-01
1.536251187324523926e+00
2.229836940765380859e+00
1.022637963294982910e+00
2.521982908248901367e+00
2.932077169418334961e+00
1.710272192955017090e+00
1.310709357261657715e+00
-2.370835840702056885e-01
1.998633742332458496e-01
-4.213239192962646484e+00
-2.617732763290405273e+00
-4.459785938262939453e+00
-3.915185689926147461e+00
-2.724743604660034180e+00
-3.832077980041503906e+00
-5.222690105438232422e+00
-4.743032157421112061e-01
-8.678655624389648438e-01
-1.742375850677490234e+00
-1.338810205459594727e+00
1.211651086807250977e+00
3.203016817569732666e-01
-5.932246446609497070e-01
-3.187732398509979248e-01
4.006957709789276123e-01
-1.807049214839935303e-01
4.200643599033355713e-01
-3.161148726940155029e-01
1.330092251300811768e-01
-6.680026054382324219e-01
-4.761313498020172119e-01
-3.290976583957672119e-01
4.890426099300384521e-01
-9.777247905731201172e-04
9.357043504714965820e-01
1.876795172691345215e+00
2.405019998550415039e+00
-7.447965145111083984e-01
7.926890850067138672e-01
2.506665289402008057e-01
1.337202548980712891e+00
7.167505025863647461e-01
3.963375985622406006e-01
-7.217304706573486328e-01
2.663248062133789062e+00
1.695359826087951660e+00
1.087768912315368652e+00
2.483194828033447266e+00
1.744555830955505371e+00
-2.504238188266754150e-01
-6.856068372726440430e-01
2.881324291229248047e+00
2.094053745269775391e+00
2.260639190673828125e+00
2.789635419845581055e+00
2.310712814331054688e+00
-5.265970230102539062e-01
-1.573797762393951416e-01
-1.500493407249450684e+00
2.974012196063995361e-01
5.891886949539184570e-01
-7.455602884292602539e-01
-4.191440343856811523e-01
1.113009750843048096e-01
9.058564901351928711e-01
1.682986259460449219e+00
1.501980781555175781e+00
-6.594491004943847656e-02
-9.300446510314941406e-01
-6.100016832351684570e-01
-4.580551087856292725e-01
-1.113135457038879395e+00
-9.255584478378295898e-01
-6.065759658813476562e-01
-3.858098685741424561e-01
-4.651056230068206787e-01
1.354474186897277832e+00
1.313795208930969238e+00
1.400529980659484863e+00
1.647616863250732422e+00
-5.989500284194946289e-01
-5.483448505401611328e-01
9.721305370330810547e-01
-2.450510859489440918e-02
1.648237347602844238e+00
-9.147134423255920410e-02
-1.476436555385589600e-01
5.510829687118530273e-01
5.709573030471801758e-01
1.041051387786865234e+00
8.582372665405273438e-01
-2.766577959060668945e+00
-5.359475612640380859e-01
-1.613523840904235840e+00
-6.205393075942993164e-01
7.128062844276428223e-02
-1.315136551856994629e-01
1.494256496429443359e+00
5.830820798873901367e-01
-7.697483301162719727e-01
3.465541899204254150e-01
6.845670938491821289e-01
9.472943544387817383e-01
1.827135384082794189e-01
2.151881456375122070e+00
1.852993130683898926e+00
2.556581020355224609e+00
4.297807812690734863e-02
-6.340677738189697266e-01
2.550954818725585938e+00
2.764219284057617188e+00
1.584942817687988281e+00
2.193036556243896484e+00
2.029021978378295898e+00
9.290882349014282227e-01
1.444683372974395752e-01
3.263601541519165039e+00
-2.631520986557006836e+00
8.599493503570556641e-01
3.361980020999908447e-01
8.526586294174194336e-01
1.121830105781555176e+00
-1.846061646938323975e-01
-6.828987002372741699e-01
-4.364642798900604248e-01
1.475792527198791504e+00
2.218402624130249023e+00
1.933233141899108887e+00
3.635029077529907227e+00
1.010489583015441895e+00
4.926297366619110107e-01
6.733726263046264648e-01
-7.935018539428710938e-01
1.944106459617614746e+00
8.049398660659790039e-02
6.188647747039794922e-01
1.969605982303619385e-01
-6.625748872756958008e-01
-5.090396404266357422e-01
-1.183153092861175537e-01
-3.819153010845184326e-01
3.346667587757110596e-01
-5.244262218475341797e-01
-1.971979260444641113e+00
-1.681995511054992676e+00
1.566332101821899414e+00
-3.535098731517791748e-01
-6.427465677261352539e-01
1.097526431083679199e+00
-7.093857526779174805e-01
5.880696773529052734e-01
-7.700875401496887207e-02
-1.589119315147399902e+00
-1.689506530761718750e+00
1.427113890647888184e+00
8.852323293685913086e-01
1.307616114616394043e+00
1.904702305793762207e+00
-1.070723533630371094e+00
2.324835538864135742e+00
1.186865925788879395e+00
4.579688012599945068e-01
1.130626499652862549e-01
-2.407924830913543701e-01
-1.584454774856567383e+00
-3.365581929683685303e-01
6.268336772918701172e-01
-1.562396049499511719e+00
8.075474500656127930e-01
6.541946530342102051e-02
4.658141732215881348e-02
2.089087963104248047e+00
1.789726376533508301e+00
6.398603916168212891e-01
-4.578042328357696533e-01
-7.512452602386474609e-01
-2.208472013473510742e+00
7.796020507812500000e-01
5.184326171875000000e-01
1.338866233825683594e+00
-3.647222220897674561e-01
3.249425590038299561e-01
1.655661165714263916e-01
-2.031684219837188721e-01
2.658645212650299072e-01
7.672083377838134766e-01
5.373529195785522461e-01
3.043215572834014893e-01
2.614978849887847900e-01
3.821783363819122314e-01
5.576862096786499023e-01
5.226284265518188477e-01
3.289292156696319580e-01
-1.603172719478607178e-01
1.483402252197265625e+00
4.550582468509674072e-01
-3.381702303886413574e-02
7.194063663482666016e-01
1.085626602172851562e+00
1.668557167053222656e+00
2.455131053924560547e+00
2.975721597671508789e+00
2.533532857894897461e+00
1.528043389320373535e+00
4.455289244651794434e-02
-1.468871831893920898e+00
-9.218606352806091309e-02
5.518726110458374023e-01
7.480365037918090820e-01
-9.666728973388671875e-02
-1.041962981224060059e+00
-7.275373935699462891e-01
3.171833753585815430e+00
6.700264453887939453e+00
1.306702017784118652e+00
-3.514219284057617188e+00
-1.340723395347595215e+00
-9.516483545303344727e-01
-1.624750971794128418e+00
-4.587522983551025391e+00
-2.703346312046051025e-01
1.301589906215667725e-01
2.548549890518188477e+00
-6.349474191665649414e-01
9.128565788269042969e-01
-7.771631479263305664e-01
4.102221429347991943e-01
7.577003240585327148e-01
-6.924514770507812500e-01
-1.916420161724090576e-01
7.288930416107177734e-01
1.359652876853942871e+00
1.069085121154785156e+00
-3.919836878776550293e-02
2.697006762027740479e-01
1.210909783840179443e-01
2.365659475326538086e+00
-5.461345672607421875e+00
-4.032288551330566406e+00
9.927818775177001953e-01
2.888382673263549805e+00
-8.411509990692138672e-01
-5.922774076461791992e-01
-2.183834075927734375e+00
1.592010557651519775e-01
-6.461263895034790039e-01
4.312687814235687256e-01
6.508290767669677734e-01
-1.327481627464294434e+00
7.306364774703979492e-01
4.432596862316131592e-01
-1.785804927349090576e-01
-4.196808934211730957e-01
-5.268977880477905273e-01
5.203487873077392578e-01
-4.716292023658752441e-02
7.373023033142089844e-01
2.361254990100860596e-01
-2.928753495216369629e-01
-1.068729519844055176e+00
2.352544069290161133e+00
1.367841958999633789e+00
7.620257139205932617e-01
3.303155601024627686e-01
-9.877475500106811523e-01
1.420984864234924316e+00
5.557559728622436523e-01
5.201932787895202637e-02
-2.735892236232757568e-01
-8.173140287399291992e-01
-6.604578495025634766e-01
7.976360321044921875e-01
-6.862903833389282227e-01
-4.192794263362884521e-01
-5.807648897171020508e-01
-3.257047235965728760e-01
3.039925396442413330e-01
1.056054711341857910e+00
2.126387059688568115e-01
4.768981635570526123e-01
7.975307106971740723e-02
-4.447294175624847412e-01
-3.059992492198944092e-01
-1.962346285581588745e-01
-1.701545715332031250e-01
-2.818228900432586670e-01
4.252466261386871338e-01
2.736360132694244385e-01
-1.940740346908569336e-01
-5.310846567153930664e-01
6.305838823318481445e-01
-1.579903364181518555e-01
6.878976821899414062e-01
1.964154839515686035e-02
2.348220348358154297e-02
-1.020842492580413818e-01
-4.245233237743377686e-01
3.933180868625640869e-01
-4.239429533481597900e-01
1.692391753196716309e+00
2.631832838058471680e+00
2.455190896987915039e+00
1.481825947761535645e+00
7.511153221130371094e-01
-1.125654578208923340e-02
-1.920262277126312256e-01
-6.595018506050109863e-02
-3.326395452022552490e-01
-4.315946996212005615e-01
-1.366338431835174561e-01
2.363286256790161133e+00
2.031851053237915039e+00
2.483882904052734375e+00
2.519848823547363281e+00
2.289953470230102539e+00
1.667631030082702637e+00
1.910438895225524902e+00
1.712504029273986816e+00
9.306820631027221680e-01
-2.365521430969238281e+00
-1.245723009109497070e+00
-1.492296934127807617e+00
2.986744642257690430e+00
1.074421167373657227e+00
9.980108737945556641e-01
3.111321449279785156e+00
1.613041520118713379e+00
2.198098421096801758e+00
-2.182215690612792969e+00
2.067138910293579102e+00
-1.140960156917572021e-01
-6.858864426612854004e-02
4.433282375335693359e+00
-1.009596705436706543e+00
-2.248179435729980469e+00
-1.218062877655029297e+00
6.823878288269042969e-01
2.920388877391815186e-01
2.114308595657348633e+00
1.660981774330139160e-02
2.438713788986206055e+00
1.659285902976989746e+00
2.959835052490234375e+00
1.474289298057556152e+00
-7.455445528030395508e-01
-5.043929576873779297e+00
-2.570205211639404297e+00
-3.705249428749084473e-01
-2.090126276016235352e+00
-9.506314992904663086e-03
-7.262942194938659668e-02
-3.020579814910888672e+00
-1.366416335105895996e+00
-1.013623595237731934e+00
1.383826375007629395e+00
-1.804703950881958008e+00
-1.116615891456604004e+00
-1.483490109443664551e+00
-1.415621876716613770e+00
-1.460331320762634277e+00
3.307891190052032471e-01
-6.277502775192260742e-01
-4.630853652954101562e+00
-1.383476495742797852e+00
-1.926560282707214355e+00
1.701017737388610840e+00
-9.590286016464233398e-01
2.254866838455200195e+00
1.251989006996154785e+00
2.476941347122192383e+00
4.061290264129638672e+00
1.542889952659606934e+00
-2.863499820232391357e-01
2.201583623886108398e+00
-6.108087301254272461e-01
1.076334953308105469e+00
7.971111536026000977e-01
8.316420316696166992e-01
-3.578356206417083740e-01
1.849182248115539551e+00
2.170525550842285156e+00
5.877389907836914062e-01
-2.914325892925262451e-01
1.613667607307434082e+00
8.775576353073120117e-01
-5.798444151878356934e-02
5.331506729125976562e-01
5.380293726921081543e-02
-1.638241648674011230e+00
1.039982795715332031e+00
-8.375372886657714844e-01
1.063261866569519043e+00
-2.878275513648986816e-02
-6.340717077255249023e-01
-4.647823274135589600e-01
1.037126898765563965e+00
-3.718360364437103271e-01
-5.216783881187438965e-01
-1.466700673103332520e+00
-1.304173469543457031e+00
-8.652197122573852539e-01
-1.480766654014587402e+00
-5.155584216117858887e-02
-1.576229333877563477e+00
-2.345239400863647461e+00
1.353872418403625488e+00
1.324630260467529297e+00
1.081490755081176758e+00
9.218168258666992188e-01
1.024030089378356934e+00
9.186128377914428711e-01
8.817881345748901367e-01
3.014537096023559570e+00
-1.124548554420471191e+00
5.771857500076293945e-01
-1.505475044250488281e-01
-1.809265315532684326e-01
2.271434783935546875e+00
8.090339899063110352e-01
1.449440360069274902e+00
9.822638034820556641e-01
2.036787509918212891e+00
4.738670825958251953e+00
1.412006497383117676e+00
4.396713256835937500e+00
-2.329565763473510742e+00
-6.703717112541198730e-01
1.279990553855895996e+00
-1.503432154655456543e+00
1.642043232917785645e+00
-3.360001802444458008e+00
4.380364894866943359e+00
-2.381146192550659180e+00
-1.187445044517517090e+00
-1.773721337318420410e+00
2.129826843738555908e-01
1.844602465629577637e+00
-3.100782632827758789e+00
-3.355805575847625732e-01
1.747772991657257080e-01
8.212400674819946289e-01
1.272477626800537109e+00
4.704250991344451904e-01
-9.060832858085632324e-02
-1.772459864616394043e+00
-1.823738217353820801e+00
-7.990056276321411133e-01
3.906764090061187744e-01
-1.411722779273986816e+00
-7.312270402908325195e-01
1.873561501502990723e+00
3.895157277584075928e-01
6.582031250000000000e-01
1.534303784370422363e+00
-9.830430746078491211e-01
5.336359739303588867e-01
2.174819946289062500e+00
-3.012117743492126465e-02
-2.219857454299926758e+00
1.518782138824462891e+00
1.011270999908447266e+00
-7.627570629119873047e-01
6.154479980468750000e-01
3.122466504573822021e-01
6.141372919082641602e-01
-1.449962496757507324e+00
-7.991045713424682617e-01
-6.790537834167480469e-01
-1.137757182121276855e+00
-5.747320652008056641e-01
-1.980751633644104004e+00
-1.590590000152587891e+00
-3.705778717994689941e-02
8.044896125793457031e-01
2.876465559005737305e+00
-1.937877178192138672e+00
-6.923134326934814453e-01
1.520577073097229004e+00
1.186587691307067871e+00
-6.780663728713989258e-01
1.686085104942321777e+00
6.639419794082641602e-01
3.083393335342407227e+00
3.816257238388061523e+00
3.214218914508819580e-01
6.467798948287963867e-01
5.374591350555419922e-01
1.702641606330871582e+00
9.471049308776855469e-01
2.515183210372924805e+00
-4.316048920154571533e-01
3.882195651531219482e-01
1.233610272407531738e+00
8.998252153396606445e-01
-2.009262323379516602e+00
2.612130403518676758e+00
1.666002869606018066e+00
1.753517985343933105e+00
1.862562298774719238e+00
-2.572094678878784180e+00
2.929281949996948242e+00
-1.463382720947265625e+00
-1.728494286537170410e+00
1.377739012241363525e-01
5.744779109954833984e-01
8.137413263320922852e-01
-1.636450648307800293e+00
-2.229511499404907227e+00
2.661347687244415283e-01
-1.093827724456787109e+00
-2.530926942825317383e+00
-1.029583573341369629e+00
-1.168470382690429688e+00
-1.166101932525634766e+00
1.028450131416320801e+00
-4.200273156166076660e-01
-2.163490056991577148e+00
8.562669754028320312e-01
-1.373512387275695801e+00
9.267374873161315918e-02
-1.709906756877899170e-01
-3.243511617183685303e-01
-5.455681085586547852e-01
-2.382345914840698242e+00
-8.539640903472900391e-01
4.108282625675201416e-01
-1.140235900878906250e+00
-1.061667323112487793e+00
6.117165088653564453e-01
-5.273026227951049805e-01
9.130989313125610352e-01
1.118210256099700928e-01
-4.298277497291564941e-01
2.373528778553009033e-01
5.241245031356811523e-03
4.092917144298553467e-01
-1.139054000377655029e-01
8.963967561721801758e-01
1.277695536613464355e+00
-3.318088948726654053e-01
-5.101333856582641602e-01
1.024421572685241699e+00
1.464257478713989258e+00
9.871739149093627930e-01
-6.526352167129516602e-01
2.056861639022827148e+00
-1.654365658760070801e-02
8.420268297195434570e-01
1.183425784111022949e-01
7.302896976470947266e-01
-4.757306873798370361e-01
-8.451303839683532715e-02
-1.098400056362152100e-01
-1.160544455051422119e-01
5.838108062744140625e-01
1.108791828155517578e+00
1.069479286670684814e-01
1.056357979774475098e+00
2.062259674072265625e+00
-1.327332139015197754e+00
5.364208221435546875e-01
1.027717828750610352e+00
-4.218062758445739746e-02
1.777063727378845215e+00
1.001535177230834961e+00
9.631808996200561523e-01
7.353975772857666016e-01
-3.959239423274993896e-01
-9.215025901794433594e-01
-3.175802707672119141e+00
1.679192543029785156e+00
1.991359353065490723e+00
-3.654983758926391602e+00
-4.002334117889404297e+00
-3.756750106811523438e+00
-2.739260435104370117e+00
-3.174153804779052734e+00
-4.503264904022216797e+00
-2.838229179382324219e+00
-1.798089444637298584e-01
2.858989000320434570e+00
2.897510290145874023e+00
1.717511296272277832e+00
2.774853944778442383e+00
6.335054636001586914e-01
1.409704208374023438e+00
1.636529862880706787e-01
1.338799118995666504e+00
1.276756823062896729e-01
-4.169648885726928711e-01
-4.631405353546142578e+00
-8.920501470565795898e-01
7.058796882629394531e-01
-5.773982405662536621e-02
-1.211425423622131348e+00
-1.747867465019226074e+00
-1.903632164001464844e+00
-1.060468554496765137e-01
-1.901911973953247070e+00
-1.489428281784057617e+00
1.171430468559265137e+00
2.013906538486480713e-01
-1.098075151443481445e+00
-3.230466544628143311e-01
4.466638088226318359e+00
-1.602870583534240723e+00
-1.668681263923645020e+00
1.783930420875549316e+00
8.274390697479248047e-01
2.809539079666137695e+00
9.932452440261840820e-01
2.339145898818969727e+00
2.283499538898468018e-01
1.513112664222717285e+00
-5.907779932022094727e-01
-1.972447335720062256e-01
5.651133060455322266e-01
2.138242483139038086e+00
1.856000065803527832e+00
-7.177873849868774414e-01
1.173236072063446045e-01
-7.825317978858947754e-02
8.882724046707153320e-01
-1.152347683906555176e+00
-9.084556102752685547e-01
-5.717240571975708008e-01
2.803558409214019775e-01
1.160849690437316895e+00
-1.030622720718383789e+00
-1.851466596126556396e-01
-4.047246873378753662e-01
-1.527165532112121582e+00
1.238787293434143066e+00
1.183563351631164551e+00
-3.661759793758392334e-01
-1.121360421180725098e+00
-1.205085396766662598e+00
-2.465262115001678467e-01
-2.696650922298431396e-01
-7.923303842544555664e-01
-1.881608724594116211e+00
2.398919343948364258e+00
1.398326754570007324e+00
1.837808787822723389e-01
7.532504200935363770e-02
-1.890445649623870850e-01
4.814412891864776611e-01
8.663967251777648926e-02
-8.816705942153930664e-01
-1.177123546600341797e+00
1.982165873050689697e-01
2.460409879684448242e+00
1.197225928306579590e+00
5.987629890441894531e-01
2.004937410354614258e+00
-2.054382324218750000e+00
-2.016203880310058594e+00
-9.226304292678833008e-02
-1.215856194496154785e+00
-1.682292103767395020e+00
-4.664984345436096191e-02
2.890167534351348877e-01
1.411893963813781738e-01
-6.976981163024902344e-01
-1.168653130531311035e+00
1.626838326454162598e+00
-7.443872690200805664e-01
-7.328505516052246094e-01
-1.794664263725280762e-01
-2.115279436111450195e-03
-3.359760940074920654e-01
-1.263877272605895996e+00
-1.451402604579925537e-01
1.275769352912902832e+00
6.776597499847412109e-01
-1.014937460422515869e-01
3.234217464923858643e-01
8.943068981170654297e-01
7.665140628814697266e-01
1.582354426383972168e+00
5.816372632980346680e-01
-4.768880903720855713e-01
1.010350108146667480e+00
1.267841219902038574e+00
1.001493573188781738e+00
-3.543475568294525146e-01
-1.171621084213256836e+00
-1.349224448204040527e+00
4.230952560901641846e-01
-3.764993846416473389e-01
2.235184907913208008e+00
4.085129261016845703e+00
2.378635644912719727e+00
-2.559387922286987305e+00
-3.178142547607421875e+00
-1.595699787139892578e+00
-1.159032940864562988e+00
-4.232183992862701416e-01
-2.994243144989013672e+00
-1.665325641632080078e+00
-1.053229212760925293e+00
8.250402212142944336e-01
3.198898732662200928e-01
-1.285103559494018555e-01
3.697747886180877686e-01
-3.532461822032928467e-01
-4.535650014877319336e-01
1.067469954490661621e+00
-1.019529342651367188e+00
-3.909465074539184570e-01
6.176298856735229492e-01
-2.186576843261718750e+00
-5.573729276657104492e-01
2.864056527614593506e-01
1.513617038726806641e-01
6.161543130874633789e-01
2.429645359516143799e-01
4.836129844188690186e-01
6.395684480667114258e-01
2.432271838188171387e-02
9.563066959381103516e-01
8.724976778030395508e-01
7.803772687911987305e-01
2.334317922592163086e+00
7.234725952148437500e-01
-1.526329874992370605e+00
-2.833914458751678467e-01
3.294254541397094727e+00
1.213539838790893555e+00
-6.650410890579223633e-01
3.099611699581146240e-01
-1.021094679832458496e+00
-8.231854438781738281e-01
-6.479030847549438477e-01
-3.190172016620635986e-01
-8.554887771606445312e-01
1.249244809150695801e-02
1.971560597419738770e+00
2.937354326248168945e+00
3.072312593460083008e+00
2.960949838161468506e-01
2.094419002532958984e+00
1.017370820045471191e+00
4.683705866336822510e-01
-2.801651716232299805e+00
2.671785593032836914e+00
4.639994144439697266e+00
5.838283300399780273e-01
-5.120417475700378418e-02
-4.907951056957244873e-01
-3.406734228134155273e+00
-1.862912774085998535e+00
-6.779311895370483398e-01
-2.688313722610473633e+00
-2.472774267196655273e+00
-6.028261661529541016e+00
-3.719800710678100586e+00
-8.450629711151123047e-01
-2.481790542602539062e+00
-3.491097927093505859e+00
6.161662340164184570e-01
-1.727680563926696777e+00
1.143301844596862793e+00
8.762863278388977051e-02
1.996683180332183838e-01
-8.084139227867126465e-02
-2.044577300548553467e-01
-7.261464595794677734e-01
4.745996892452239990e-01
1.923167586326599121e+00
1.504245162010192871e+00
-1.098283529281616211e+00
3.991922616958618164e+00
1.895212054252624512e+00
-1.317435383796691895e+00
1.255882084369659424e-01
2.807518839836120605e-02
4.896763265132904053e-01
-1.787769198417663574e+00
-2.290979325771331787e-01
1.654262840747833252e-01
1.540862619876861572e-01
-1.386243104934692383e+00
-1.249433755874633789e+00
5.899893045425415039e-01
3.604744195938110352e+00
4.264257907867431641e+00
-2.372788429260253906e+00
-2.177816331386566162e-01
2.015347242355346680e+00
-5.530202388763427734e-01
-5.558580160140991211e-03
-7.572555541992187500e-01
3.957389891147613525e-01
1.664739251136779785e+00
1.954136490821838379e+00
-5.268017053604125977e-01
7.451297044754028320e-01
-1.279548048973083496e+00
1.123014390468597412e-01
-5.939702987670898438e-01
-3.231688439846038818e-01
7.472068071365356445e-01
-5.703684091567993164e-01
-1.301054954528808594e+00
-1.828768730163574219e+00
-2.698068618774414062e+00
8.885740041732788086e-01
7.894262075424194336e-01
1.324484348297119141e+00
2.327801287174224854e-01
-2.124464988708496094e+00
-2.008278846740722656e+00
-5.725547671318054199e-02
-5.698032379150390625e-01
1.056957483291625977e+00
-1.980625092983245850e-01
2.655007839202880859e+00
-2.606382966041564941e-02
7.108050584793090820e-01
8.400681018829345703e-01
1.049791455268859863e+00
1.624550223350524902e+00
1.225273251533508301e+00
1.302242994308471680e+00
-4.839286208152770996e-02
4.029267132282257080e-01
-7.553640604019165039e-01
-1.567597866058349609e+00
-1.011748552322387695e+00
-7.327584028244018555e-01
-7.803779840469360352e-01
-3.101254224777221680e+00
-1.174174189567565918e+00
-1.227835655212402344e+00
-6.807199716567993164e-01
-1.132896542549133301e+00
-2.465000867843627930e+00
-1.858441591262817383e+00
-3.899851441383361816e-02
-5.670654773712158203e-01
-2.082763671875000000e+00
-1.447080254554748535e+00
-1.186992406845092773e+00
-2.460437715053558350e-01
-8.375091552734375000e-01
-3.362273275852203369e-01
-6.702452898025512695e-01
-4.559745490550994873e-01
-3.885155618190765381e-01
-2.565947473049163818e-01
-1.371696889400482178e-01
-2.607948482036590576e-01
-2.219826281070709229e-01
-1.340623795986175537e-01
-3.965294659137725830e-01
-8.058474063873291016e-01
-9.258623123168945312e-01
-8.754515647888183594e-01
-7.660387754440307617e-01
-6.324551105499267578e-01
-9.086284637451171875e-01
1.819761633872985840e+00
5.458083748817443848e-02
-1.280669271945953369e-01
-5.354071855545043945e-01
-5.415565967559814453e-01
3.004840314388275146e-01
7.750569581985473633e-01
7.460849285125732422e-01
-1.929863393306732178e-01
8.778819441795349121e-02
1.043481528759002686e-01
4.892638325691223145e-02
1.199673056602478027e+00
-1.305141746997833252e-01
9.484777450561523438e-01
-9.993037581443786621e-02
-5.090937018394470215e-02
4.977162182331085205e-01
5.403565168380737305e-01
2.057519674301147461e+00
7.966736555099487305e-01
-1.721456944942474365e-01
4.782325923442840576e-01
1.035413861274719238e+00
2.865357100963592529e-01
-2.361129820346832275e-01
-8.155989646911621094e-01
-1.556879639625549316e+00
5.700616836547851562e-01
7.614120244979858398e-01
-5.642962455749511719e-01
5.572582483291625977e-01
7.930916547775268555e-01
3.005574047565460205e-01
1.692127227783203125e+00
1.453919649124145508e+00
1.738472342491149902e+00
-8.738873004913330078e-01
3.063180744647979736e-01
-1.700077891349792480e+00
-2.064655721187591553e-01
-3.551481008529663086e+00
-1.831444144248962402e+00
1.964288055896759033e-01
-1.773874521255493164e+00
-1.482954502105712891e+00
-7.729626893997192383e-01
1.184014797210693359e+00
1.660731434822082520e+00
1.195941567420959473e+00
5.880393981933593750e-01
1.181329131126403809e+00
4.678635895252227783e-01
6.400352716445922852e-01
1.787799894809722900e-01
-2.443059980869293213e-01
-5.458940267562866211e-01
6.957024335861206055e-01
-2.921902835369110107e-01
1.364662766456604004e+00
1.732579767704010010e-01
-7.727224826812744141e-01
-1.681950807571411133e+00
4.952783286571502686e-01
-3.813188076019287109e-01
-1.401850879192352295e-01
-7.108176946640014648e-01
-8.125641345977783203e-01
8.774840831756591797e-02
-9.500859975814819336e-01
-1.376981377601623535e+00
-1.268723368644714355e+00
4.267042577266693115e-01
-3.756835162639617920e-01
2.234908044338226318e-01
-1.770708262920379639e-01
-1.960371375083923340e+00
-1.227200627326965332e+00
-1.540788412094116211e-01
2.518395185470581055e+00
3.186049163341522217e-01
4.416680634021759033e-01
-4.069051146507263184e-01
-5.520689487457275391e-01
-8.076933622360229492e-01
1.226800680160522461e-02
1.056441068649291992e+00
6.953310966491699219e-01
7.666753530502319336e-01
-3.069418370723724365e-01
-1.693214535713195801e+00
-2.538002729415893555e-01
-4.697051644325256348e-02
-1.343740701675415039e+00
-4.458769261837005615e-01
7.593852281570434570e-01
-3.120700120925903320e-01
-6.985154151916503906e-01
4.822612702846527100e-01
9.634929895401000977e-01
-3.773002326488494873e-01
2.337470531463623047e+00
1.118984818458557129e+00
1.228388428688049316e+00
-2.354551255702972412e-01
9.860590696334838867e-01
7.386225461959838867e-01
-6.614297628402709961e-03
1.116508007049560547e+00
2.248530864715576172e+00
1.524373412132263184e+00
-5.711945295333862305e-01
-2.496536016464233398e+00
-9.356859922409057617e-01
2.205623388290405273e+00
-4.431626498699188232e-01
8.451924324035644531e-01
1.959984600543975830e-01
9.588741064071655273e-01
-3.847569227218627930e-03
1.398598670959472656e+00
1.556644558906555176e+00
4.338029921054840088e-01
-1.640119433403015137e+00
8.665947914123535156e-01
-8.476434946060180664e-01
-2.494831323623657227e+00
-2.404732942581176758e+00
-1.920454978942871094e+00
-2.466213941574096680e+00
-2.952757120132446289e+00
1.616871356964111328e+00
1.152460873126983643e-01
9.745296239852905273e-01
-1.526277065277099609e+00
-2.845968961715698242e+00
-2.472146272659301758e+00
-5.637892484664916992e-01
-2.835232317447662354e-01
-1.081813812255859375e+00
1.064649701118469238e+00
-1.265094399452209473e+00
1.264347910881042480e+00
5.706871747970581055e-01
2.205319166183471680e+00
7.821329832077026367e-01
-3.602501630783081055e+00
-4.308238506317138672e+00
-5.262682914733886719e+00
-3.923192024230957031e+00
-4.001577854156494141e+00
1.474737048149108887e+00
-7.935558557510375977e-01
-1.552412152290344238e+00
-2.238083839416503906e+00
-2.958655118942260742e+00
-3.073686838150024414e+00
-1.656992554664611816e+00
-2.987211227416992188e+00
-5.164169788360595703e+00
-2.551997661590576172e+00
-2.099720716476440430e+00
-4.256685733795166016e+00
-3.348835706710815430e+00
-3.263157367706298828e+00
-3.980509519577026367e+00
-3.975121259689331055e+00
-2.094109535217285156e+00
-1.794492125511169434e+00
-1.766218423843383789e+00
-1.728633284568786621e+00
-1.679994583129882812e+00
-2.553470849990844727e+00
-3.721133232116699219e+00
-3.215245008468627930e+00
-5.711096525192260742e-01
-3.897733688354492188e+00
1.038641929626464844e-01
-3.222212553024291992e+00
-2.879674196243286133e+00
-6.469168663024902344e-01
-6.533353328704833984e-01
-2.721715927124023438e+00
-1.116670608520507812e+00
-1.093041777610778809e+00
-6.518888473510742188e-01
7.730707526206970215e-02
6.792863607406616211e-01
9.068384170532226562e-01
-3.932145118713378906e+00
-2.383568525314331055e+00
-7.320792675018310547e-01
-2.747184991836547852e+00
-5.173968672752380371e-01
2.389321804046630859e+00
-4.430569708347320557e-01
-1.179380774497985840e+00
9.694634675979614258e-01
-1.470499157905578613e+00
-1.068569898605346680e+00
-1.127174258232116699e+00
-5.372155904769897461e-01
-9.067045450210571289e-01
-2.892204225063323975e-01
2.635350465774536133e+00
-1.394215941429138184e+00
7.143560647964477539e-01
-2.281560301780700684e-01
4.641265571117401123e-01
5.667021274566650391e-01
4.680610179901123047e+00
1.370675802230834961e+00
-2.022255420684814453e+00
-1.482089638710021973e+00
-2.136658906936645508e+00
1.555779576301574707e+00
2.989505529403686523e+00
2.356824636459350586e+00
2.902237892150878906e+00
1.510166525840759277e+00
3.869089186191558838e-01
-8.713916540145874023e-01
-7.543822526931762695e-01
8.034614324569702148e-01
-1.120719611644744873e-01
4.572800099849700928e-01
7.185024023056030273e-01
1.012767314910888672e+00
3.136103153228759766e+00
2.541516721248626709e-01
1.722469031810760498e-01
-3.633475005626678467e-01
-6.846042275428771973e-01
-2.643540799617767334e-01
-7.040957212448120117e-01
-2.934888601303100586e-01
4.880289733409881592e-01
1.178017377853393555e+00
1.326164007186889648e+00
2.735511779785156250e+00
1.537523865699768066e+00
-2.842586338520050049e-01
1.149386286735534668e+00
-1.041629433631896973e+00
1.395676255226135254e+00
-8.773423433303833008e-01
-4.982051551342010498e-01
-9.487333297729492188e-01
-1.485486865043640137e+00
-1.770824313163757324e+00
-3.753415644168853760e-01
8.769488334655761719e-01
1.967651963233947754e+00
6.492205858230590820e-01
2.492524683475494385e-01
8.590559959411621094e-01
-9.213689565658569336e-01
4.809281229972839355e-02
-4.285183846950531006e-01
2.867741346359252930e+00
2.303491115570068359e+00
3.161409199237823486e-01
1.086801886558532715e+00
-1.262740194797515869e-01
-1.933620810508728027e+00
1.046938061714172363e+00
-6.108544468879699707e-01
-4.938824474811553955e-01
-5.311924815177917480e-01
-1.723309397697448730e+00
-7.379401922225952148e-01
-1.546423554420471191e+00
-7.573176622390747070e-01
1.481901168823242188e+00
1.051019310951232910e+00
1.462548494338989258e+00
2.278929948806762695e+00
1.951201856136322021e-01
-8.184028863906860352e-01
-1.429260134696960449e+00
9.428247809410095215e-02
3.424077332019805908e-01
-5.859076976776123047e-01
-3.157878816127777100e-01
-5.978065729141235352e-01
-6.266938447952270508e-01
-6.917239427566528320e-01
-1.667685806751251221e-01
-6.920685768127441406e-01
-5.705364942550659180e-01
-2.101836204528808594e+00
1.986339986324310303e-01
4.356807172298431396e-01
-8.704448938369750977e-01
6.170911788940429688e-01
1.101234436035156250e+00
9.424730539321899414e-01
-3.310488164424896240e-01
-6.570743322372436523e-01
-1.136147975921630859e+00
2.937284111976623535e-02
-7.014701366424560547e-01
8.841472864151000977e-01
1.716238617897033691e+00
3.584925174713134766e+00
1.437958776950836182e-01
2.762514352798461914e+00
6.226880550384521484e-01
-1.575677037239074707e+00
2.152352094650268555e+00
1.582370877265930176e+00
1.872995734214782715e+00
3.906255483627319336e+00
6.417433023452758789e-01
-7.745407223701477051e-01
1.239127814769744873e-01
1.067608356475830078e+00
-9.440699219703674316e-02
-2.983737230300903320e+00
2.136830389499664307e-01
6.785415410995483398e-01
1.554470181465148926e+00
-3.883993327617645264e-01
-8.182947635650634766e-01
-2.144968748092651367e+00
-2.155559062957763672e+00
-2.320400476455688477e+00
5.952152013778686523e-01
1.924481987953186035e+00
-4.952144920825958252e-01
2.253541231155395508e+00
5.665031075477600098e-02
-1.408183097839355469e+00
-3.825691342353820801e-02
-4.293186366558074951e-01
7.587287425994873047e-01
7.974165678024291992e-01
3.524017632007598877e-01
-3.640228807926177979e-01
4.262676835060119629e-02
-1.171031832695007324e+00
-2.545798540115356445e+00
-2.249082326889038086e+00
-1.620188236236572266e+00
-1.534665346145629883e+00
-1.996771693229675293e+00
-1.894458055496215820e+00
-2.347288370132446289e+00
-1.247087478637695312e+00
-1.699931263923645020e+00
-2.434129476547241211e+00
-3.302320241928100586e+00
-3.064156770706176758e+00
-2.811308145523071289e+00
-1.263464450836181641e+00
-1.202476859092712402e+00
2.861657738685607910e-02
2.214685976505279541e-01
2.699569165706634521e-01
-1.982127070426940918e+00
-1.668900132179260254e+00
-9.390652179718017578e-03
6.771528720855712891e-01
-1.224289178848266602e+00
-1.411779403686523438e+00
-1.067211151123046875e+00
-7.203396558761596680e-01
4.409113228321075439e-01
5.438545346260070801e-02
-1.350923299789428711e+00
-5.406142473220825195e-01
1.559307575225830078e+00
1.348202228546142578e+00
7.613846063613891602e-01
-5.942827463150024414e-01
2.080524206161499023e+00
2.235882759094238281e+00
2.200675964355468750e+00
2.048501014709472656e+00
2.019058704376220703e+00
-1.410870194435119629e+00
-2.726102769374847412e-01
1.110459208488464355e+00
6.229200363159179688e-01
2.788921892642974854e-01
-6.495748758316040039e-01
-6.217548847198486328e-01
4.885028302669525146e-01
-1.180513620376586914e+00
-3.512296378612518311e-01
-4.714646041393280029e-01
-9.439588785171508789e-01
-3.865949809551239014e-01
-6.807123422622680664e-01
-1.726944208145141602e+00
-7.114325761795043945e-01
-1.812610626220703125e+00
-6.620631217956542969e-01
-9.562007188796997070e-01
5.402454137802124023e-01
5.471920967102050781e-02
-2.753890156745910645e-01
5.228670835494995117e-01
-1.669702649116516113e+00
1.200510859489440918e+00
7.136845588684082031e-02
-1.487597525119781494e-01
-8.713617324829101562e-01
-1.061768293380737305e+00
-3.756712377071380615e-01
6.502820253372192383e-01
-3.377310335636138916e-01
-1.875581145286560059e+00
-8.625670671463012695e-01
-3.532989919185638428e-01
-4.663402140140533447e-01
1.136110723018646240e-01
8.045924901962280273e-01
-1.038592576980590820e+00
6.948579549789428711e-01
1.356431126594543457e+00
2.821350395679473877e-01
6.720334291458129883e-01
-8.680322766304016113e-02
-6.900365352630615234e-01
1.413782596588134766e+00
8.791421651840209961e-01
1.580174803733825684e+00
1.467837452888488770e+00
-2.803780734539031982e-01
-4.608794152736663818e-01
-1.137254238128662109e+00
-8.481911420822143555e-01
1.410659909248352051e+00
-1.884150147438049316e+00
1.067695260047912598e+00
1.763617873191833496e+00
-6.058385372161865234e-01
-1.860609948635101318e-01
-9.343850612640380859e-01
5.282787084579467773e-01
1.560202479362487793e+00
-1.865729928016662598e+00
-1.859562039375305176e+00
-1.732635200023651123e-01
-2.958329916000366211e-01
6.041798591613769531e-01
8.836115598678588867e-01
-2.107432842254638672e+00
6.624428033828735352e-01
1.507980227470397949e+00
1.546042561531066895e-01
4.233307540416717529e-01
-4.014538228511810303e-01
-6.899739503860473633e-01
-6.632863283157348633e-01
7.899942994117736816e-02
-3.626647293567657471e-01
-1.066850423812866211e+00
-4.713973999023437500e+00
-1.095355510711669922e+00
4.070582985877990723e-02
-1.422178447246551514e-01
4.306069016456604004e-02
1.673284173011779785e-02
-3.055485725402832031e+00
1.663580238819122314e-01
3.196498453617095947e-01
1.960215210914611816e+00
-1.490615963935852051e+00
2.943590402603149414e+00
5.077215433120727539e-01
6.796663999557495117e-01
8.589342832565307617e-01
5.641137361526489258e-01
3.052129745483398438e+00
2.229415178298950195e+00
1.095971941947937012e+00
1.694916605949401855e+00
3.079592466354370117e+00
-2.980346918106079102e+00
2.033316850662231445e+00
-1.352104544639587402e+00
-2.546198606491088867e+00
1.015087962150573730e+00
-2.439840555191040039e+00
9.117734432220458984e-02
3.758165240287780762e-02
-7.035836577415466309e-02
-6.755203008651733398e-03
8.488376140594482422e-01
1.566297888755798340e+00
-2.785051465034484863e-01
1.959615826606750488e+00
1.327311098575592041e-01
1.766501963138580322e-01
-3.086396157741546631e-01
4.311014115810394287e-01
-1.102351069450378418e+00
2.739060223102569580e-01
2.566451311111450195e+00
1.981598496437072754e+00
1.294593930244445801e+00
3.025084733963012695e+00
1.565397024154663086e+00
9.671570062637329102e-01
4.114255011081695557e-01
1.395457506179809570e+00
-2.403452992439270020e-02
-9.813936948776245117e-01
1.627126634120941162e-01
2.567466497421264648e+00
-1.436279416084289551e+00
-1.648479104042053223e+00
-1.317583203315734863e+00
3.856667578220367432e-01
1.212384223937988281e+00
-4.365094006061553955e-01
-2.898356020450592041e-01
2.167359292507171631e-01
-1.102859735488891602e+00
-2.324474155902862549e-01
2.837102711200714111e-01
1.013000309467315674e-01
-2.601007521152496338e-01
-1.743194699287414551e+00
-1.487762093544006348e+00
-2.333143949508666992e+00
-1.951076388359069824e+00
-2.325156927108764648e+00
-2.086910724639892578e+00
-2.376446247100830078e+00
-2.947026252746582031e+00
-2.446140766143798828e+00
-3.022208929061889648e+00
-2.226446866989135742e+00
-2.671447992324829102e+00
-2.789634466171264648e+00
-2.035584151744842529e-01
-1.010254263877868652e+00
-1.298639655113220215e+00
-1.126598477363586426e+00
-2.115048885345458984e+00
-1.567156434059143066e+00
-1.778995394706726074e+00
-2.215440034866333008e+00
-2.099803447723388672e+00
-7.622005939483642578e-01
-1.113465547561645508e+00
-1.160894036293029785e+00
-7.889357805252075195e-01
-2.079647302627563477e+00
-4.107610285282135010e-01
-3.934451043605804443e-01
-1.924999654293060303e-01
-8.111187219619750977e-01
-6.524163484573364258e-01
3.708103299140930176e-02
4.943731427192687988e-02
7.270678281784057617e-01
4.164871275424957275e-01
1.354967832565307617e+00
7.661248445510864258e-01
-1.759963929653167725e-01
-1.535415172576904297e+00
-2.159999132156372070e+00
-1.438383579254150391e+00
-1.552884578704833984e+00
-5.341849327087402344e-01
-1.007176041603088379e+00
-2.943999052047729492e+00
-2.023970127105712891e+00
1.240238070487976074e+00
1.823509097099304199e+00
5.351214408874511719e-01
8.183270692825317383e-02
-1.471101403236389160e+00
-1.235110521316528320e+00
-4.293235242366790771e-01
9.722884893417358398e-01
-7.805203199386596680e-01
-4.018113315105438232e-01
-1.084858536720275879e+00
2.951527833938598633e+00
1.519530892372131348e+00
1.220298171043395996e+00
1.400323212146759033e-01
8.929458260536193848e-02
1.484235644340515137e+00
4.346626758575439453e+00
2.739938974380493164e+00
-4.753197133541107178e-01
1.106510877609252930e+00
2.423250377178192139e-01
-6.813203096389770508e-01
-2.140540361404418945e+00
-5.328706502914428711e-01
-3.444044351577758789e+00
-5.193568468093872070e-01
-2.908657491207122803e-01
-6.318315863609313965e-02
-7.479113340377807617e-01
-1.281040787696838379e+00
-1.554956078529357910e+00
2.751471102237701416e-01
-9.145379066467285156e-01
-2.340260148048400879e-01
-3.055238246917724609e+00
-2.445338964462280273e+00
-1.130953669548034668e+00
-6.748766899108886719e-01
-4.291137158870697021e-01
-1.043492555618286133e+00
-1.003821492195129395e+00
-3.779444396495819092e-01
3.864529430866241455e-01
-1.293990612030029297e+00
5.728540420532226562e-01
-1.030903160572052002e-01
9.599025249481201172e-01
3.708961308002471924e-01
-1.579442739486694336e+00
-5.603858232498168945e-01
-1.326311707496643066e+00
-7.099817395210266113e-01
-8.162692785263061523e-01
-8.788710832595825195e-01
-1.048706650733947754e+00
-7.051833868026733398e-01
-1.042437791824340820e+00
9.884663820266723633e-01
3.894875347614288330e-01
1.652956902980804443e-01
2.694675624370574951e-01
1.374015450477600098e+00
2.477447092533111572e-01
7.013393640518188477e-01
1.119710505008697510e-01
-3.107226788997650146e-01
3.160298168659210205e-01
1.798054337501525879e+00
1.941708922386169434e+00
1.630125880241394043e+00
6.328248977661132812e-01
-8.386883139610290527e-02
3.653218746185302734e+00
-1.898321509361267090e-02
-3.486910760402679443e-01
2.862237393856048584e-01
1.553516745567321777e+00
-6.297820806503295898e-01
-2.034341096878051758e+00
-6.371891498565673828e-01
-2.350977361202239990e-01
6.166334152221679688e-01
2.797584772109985352e+00
4.544216692447662354e-01
4.653944671154022217e-01
-2.762199640274047852e+00
-4.566581547260284424e-01
-1.117666602134704590e+00
-4.929181337356567383e-01
9.803723096847534180e-01
9.922505617141723633e-01
2.445210695266723633e+00
4.639777660369873047e+00
2.814137458801269531e+00
-7.405273914337158203e-01
-2.917948007583618164e+00
-1.356696367263793945e+00
-2.553718566894531250e+00
9.134694933891296387e-02
4.466431438922882080e-01
-1.676041960716247559e+00
-1.970830440521240234e+00
6.871417760848999023e-01
-1.291366517543792725e-01
1.944728791713714600e-01
-1.889248967170715332e+00
1.676565051078796387e+00
-2.572499215602874756e-01
1.498444378376007080e-01
-1.630310177803039551e+00
1.407353878021240234e-01
1.648249745368957520e+00
2.155323266983032227e+00
6.294592618942260742e-01
2.551088035106658936e-01
-1.061525821685791016e+00
-2.024814486503601074e-01
1.732787489891052246e-01
6.854407787322998047e-01
-5.860656499862670898e-03
4.940713942050933838e-01
2.035294771194458008e+00
2.076909065246582031e+00
1.946117043495178223e+00
5.847159624099731445e-01
1.936524987220764160e+00
-9.203853607177734375e-01
5.189886093139648438e-01
1.270693659782409668e+00
-1.374102115631103516e+00
-2.954547643661499023e+00
-1.094826698303222656e+00
1.664437353610992432e-01
1.641392588615417480e+00
-3.076270520687103271e-01
-9.239482879638671875e-01
-3.722128272056579590e-02
2.612295746803283691e-02
-1.578338027000427246e+00
-1.130334377288818359e+00
-1.875837087631225586e+00
1.133142411708831787e-01
4.532722532749176025e-01
1.828995823860168457e+00
-6.426761150360107422e-01
-8.915225267410278320e-01
7.630423307418823242e-01
-1.274500191211700439e-01
8.597464561462402344e-01
4.396176636219024658e-01
6.742358207702636719e-01
-1.428222358226776123e-01
-9.439227581024169922e-01
1.112896561622619629e+00
9.608391523361206055e-01
-3.902004659175872803e-01
1.655786275863647461e+00
1.453740358352661133e+00
2.849511206150054932e-01
-3.557790517807006836e-01
1.291380524635314941e-01
6.839587688446044922e-01
1.285599172115325928e-01
6.702392101287841797e-01
1.852784752845764160e+00
-3.365593850612640381e-01
2.710310935974121094e+00
1.743558943271636963e-01
-6.529613733291625977e-01
3.077231943607330322e-01
1.260221302509307861e-01
-6.174382567405700684e-02
-4.285851120948791504e-02
-3.089611053466796875e+00
-3.701141119003295898e+00
-5.365502834320068359e+00
-4.602687358856201172e+00
-3.397123098373413086e+00
-8.348246812820434570e-01
-2.456096649169921875e+00
-3.247214555740356445e+00
-3.815508842468261719e+00
-5.896923542022705078e+00
-3.934579133987426758e+00
3.085914254188537598e-02
5.118966579437255859e+00
8.534102439880371094e-01
-1.151178121566772461e+00
7.653404474258422852e-01
-1.188409447669982910e+00
-1.119036316871643066e+00
-2.800375521183013916e-01
-4.556131064891815186e-01
2.695971429347991943e-01
2.026239395141601562e+00
1.325536608695983887e+00
-1.271867275238037109e+00
1.328129887580871582e+00
8.124315738677978516e-01
1.109891533851623535e+00
1.776332020759582520e+00
2.910428345203399658e-01
1.250052452087402344e+00
-4.195623993873596191e-01
1.642295122146606445e-01
6.926784515380859375e-01
-8.198127746582031250e-01
9.566488265991210938e-01
4.711435735225677490e-01
6.201505661010742188e-02
1.905817389488220215e+00
2.111306786537170410e-02
4.867778122425079346e-01
-1.159994244575500488e+00
4.464235901832580566e-02
3.360370695590972900e-01
-4.097614586353302002e-01
-3.801235258579254150e-01
-1.745092749595642090e+00
7.054905891418457031e-01
5.412101745605468750e-01
8.308938741683959961e-01
-8.302650451660156250e-01
-1.972075402736663818e-01
1.563988327980041504e+00
-1.329646229743957520e+00
1.521943509578704834e-01
4.614259302616119385e-01
-1.402831912040710449e+00
8.788281679153442383e-01
2.526088953018188477e+00
-1.563703894615173340e+00
-1.983016252517700195e+00
-3.490402400493621826e-01
1.267876625061035156e+00
1.636974573135375977e+00
1.586972832679748535e+00
7.981927394866943359e-01
1.314701557159423828e+00
-2.560673952102661133e-01
1.141188979148864746e+00
1.041819453239440918e-01
9.449506998062133789e-01
1.385677695274353027e+00
7.149196863174438477e-01
6.487139463424682617e-01
1.172692537307739258e+00
6.560316085815429688e-01
3.963712751865386963e-01
7.552101612091064453e-01
1.746919274330139160e+00
2.292569160461425781e+00
1.519368410110473633e+00
1.211808919906616211e+00
1.522030234336853027e+00
9.345144033432006836e-01
7.495168447494506836e-01
8.596259355545043945e-01
3.327607214450836182e-01
-3.112114369869232178e-01
-3.699155747890472412e-01
-6.191385984420776367e-01
-2.425538003444671631e-01
8.209093809127807617e-01
-4.538212716579437256e-01
-1.952459692955017090e+00
-9.734090566635131836e-01
-1.272508740425109863e+00
-1.002881765365600586e+00
2.069667339324951172e+00
2.333111524581909180e+00
-1.478819847106933594e+00
8.456372022628784180e-01
6.161934137344360352e-01
1.842048466205596924e-01
-1.047136485576629639e-01
-5.494519472122192383e-01
-7.177834510803222656e-01
1.347768604755401611e-01
7.052241563796997070e-01
1.103415787220001221e-01
-7.299839258193969727e-01
-9.168994426727294922e-01
1.243201613426208496e+00
5.051776170730590820e-01
4.085468351840972900e-01
-5.483659505844116211e-01
-1.255729079246520996e+00
1.463861942291259766e+00
5.010732412338256836e-01
-1.012837588787078857e-01
1.012595295906066895e+00
5.748703479766845703e-01
4.909136891365051270e-02
2.008884251117706299e-01
1.044412255287170410e+00
-1.952570796012878418e+00
-1.002720713615417480e+00
-1.372247338294982910e+00
-1.136155247688293457e+00
-1.332035422325134277e+00
5.112198591232299805e-01
-2.700569331645965576e-01
6.545415520668029785e-02
1.521557271480560303e-01
-8.630758523941040039e-01
2.359915077686309814e-01
2.221863567829132080e-01
8.568950891494750977e-01
1.460845351219177246e+00
2.717645168304443359e+00
2.433320999145507812e+00
3.467993259429931641e+00
1.625700831413269043e+00
-3.377545773983001709e-01
-2.314945459365844727e+00
1.486585438251495361e-01
-1.145842552185058594e+00
-1.027473330497741699e+00
1.513333916664123535e+00
9.494832754135131836e-01
4.360846579074859619e-01
1.155503869056701660e+00
5.662271976470947266e-01
-1.908834815025329590e+00
-2.205230891704559326e-01
1.753381848335266113e+00
-1.237381577491760254e+00
-6.858046054840087891e-01
1.402333080768585205e-01
-1.102847099304199219e+00
1.727171063423156738e+00
1.538158357143402100e-01
-6.317094564437866211e-01
-1.597341656684875488e+00
-1.243905067443847656e+00
-1.060478925704956055e+00
1.060165405273437500e+00
1.357130706310272217e-01
-3.123528063297271729e-01
-1.063977181911468506e-01
-2.674650430679321289e+00
-2.455621004104614258e+00
-5.776640176773071289e-01
-1.761013865470886230e+00
-1.365870594978332520e+00
7.954927682876586914e-01
-2.649471163749694824e-02
-1.267794251441955566e+00
8.869057893753051758e-01
2.151959419250488281e+00
-2.058170557022094727e+00
1.188429594039916992e+00
-7.890558242797851562e-01
6.287670135498046875e-01
-4.867624938488006592e-01
3.626829683780670166e-01
1.430928111076354980e+00
2.711421251296997070e+00
4.278925955295562744e-01
-4.576364457607269287e-01
1.811412870883941650e-01
-4.792024791240692139e-01
2.426062107086181641e+00
-4.338077604770660400e-01
-7.414450645446777344e-01
-1.111990809440612793e+00
-4.393084943294525146e-01
-5.539766550064086914e-01
1.170590758323669434e+00
-9.386514425277709961e-01
-4.096069037914276123e-01
5.190910100936889648e-01
2.137269258499145508e+00
1.098319590091705322e-01
1.634349226951599121e+00
2.017959654331207275e-01
8.180185556411743164e-01
2.757731378078460693e-01
-9.260776042938232422e-01
6.312414407730102539e-01
-1.671082854270935059e+00
1.388644456863403320e+00
1.998617291450500488e+00
4.790966212749481201e-01
5.365750789642333984e-01
3.538135766983032227e+00
5.204471349716186523e-01
-4.875773787498474121e-01
9.379781484603881836e-01
1.069236099720001221e-01
-2.042764186859130859e+00
-2.733783006668090820e+00
1.812793314456939697e-01
-1.342326521873474121e+00
-2.856623172760009766e+00
-3.216910064220428467e-01
-1.306477189064025879e+00
-4.075184762477874756e-01
9.999862909317016602e-01
1.601239562034606934e+00
-3.087342679500579834e-01
6.786106824874877930e-01
-1.937239885330200195e+00
-9.753509759902954102e-01
1.132521510124206543e+00
-3.866776823997497559e-02
6.747165322303771973e-02
1.224627375602722168e+00
4.849572479724884033e-01
3.479191362857818604e-01
1.316378355026245117e+00
-1.222419500350952148e+00
1.957418024539947510e-01
2.437654495239257812e+00
3.192566335201263428e-01
1.033869981765747070e+00
5.480384826660156250e-01
2.270756721496582031e+00
-1.789890766143798828e+00
-2.260355055332183838e-01
-7.670280933380126953e-01
1.082360386848449707e+00
-6.865347623825073242e-01
-2.724941968917846680e+00
-1.998288869857788086e+00
-1.261125922203063965e+00
1.288033723831176758e+00
-3.937806785106658936e-01
-6.044723987579345703e-01
1.216011881828308105e+00
-1.515077054500579834e-01
-2.278205156326293945e+00
2.704676687717437744e-01
5.551066994667053223e-02
1.591328024864196777e+00
2.999449968338012695e+00
1.012732267379760742e+00
9.418784379959106445e-01
-2.113029360771179199e-02
1.003246307373046875e+00
1.156059026718139648e+00
8.010071516036987305e-01
-1.994172632694244385e-01
-3.986973762512207031e-01
5.230178833007812500e-01
1.909813880920410156e-01
-3.902558386325836182e-01
-2.268191874027252197e-01
-3.381806910037994385e-01
1.605505347251892090e-01
-5.748990774154663086e-01
9.613901376724243164e-02
2.854208052158355713e-01
-7.856684923171997070e-01
-1.800974726676940918e+00
7.201893329620361328e-01
6.117328405380249023e-01
7.794222831726074219e-01
1.324937641620635986e-01
-2.866753339767456055e+00
-8.905948400497436523e-01
1.641254544258117676e+00
6.580613851547241211e-01
-3.865954577922821045e-01
-9.274649620056152344e-01
5.929787158966064453e-01
1.024381756782531738e+00
-1.357387065887451172e+00
5.915557146072387695e-01
-9.148802757263183594e-01
-9.780284762382507324e-02
-1.458078622817993164e+00
1.686754345893859863e+00
-7.077297568321228027e-02
-2.843331813812255859e+00
2.307402193546295166e-01
1.679486989974975586e+00
2.798945009708404541e-01
3.650435507297515869e-01
-2.300212144851684570e+00
-1.156544923782348633e+00
-1.153011083602905273e+00
-1.262218832969665527e+00
6.903395056724548340e-02
-1.567469239234924316e+00
2.236567735671997070e+00
1.202327728271484375e+00
2.191575765609741211e+00
7.739967107772827148e-01
-7.319567203521728516e-01
-6.517156362533569336e-01
3.993461430072784424e-01
3.942898809909820557e-01
8.753720521926879883e-01
-9.812062978744506836e-02
6.302518844604492188e-01
5.041905641555786133e-01
-9.324586391448974609e-01
2.545546591281890869e-01
-4.576948583126068115e-01
-1.961015462875366211e-01
1.447232127189636230e+00
1.212706089019775391e+00
2.323974609375000000e+00
5.794380903244018555e-01
8.096802234649658203e-01
1.481088042259216309e+00
8.819350004196166992e-01
-9.964681863784790039e-01
2.324223279953002930e+00
2.635205090045928955e-01
-1.792299449443817139e-01
-1.681208252906799316e+00
-3.305271565914154053e-01
-1.484118223190307617e+00
7.322891950607299805e-01
-1.546075344085693359e+00
-8.146622180938720703e-01
-9.748680591583251953e-01
-5.077476501464843750e-01
-1.754184484481811523e+00
-1.601720452308654785e-01
-1.671934425830841064e-01
-1.035989880561828613e+00
-6.788569688796997070e-02
-1.467898011207580566e+00
-1.520388424396514893e-01
1.798585355281829834e-01
-1.632227599620819092e-01
3.383610248565673828e+00
4.869361877441406250e+00
3.965388536453247070e+00
1.529463827610015869e-01
1.555763959884643555e+00
-2.523339688777923584e-01
1.196729421615600586e+00
-1.981763541698455811e-01
5.984898805618286133e-01
1.243999302387237549e-01
-9.923402070999145508e-01
-1.258426606655120850e-01
4.587784409523010254e-02
-1.439714431762695312e-02
4.186620414257049561e-01
-3.261803686618804932e-01
-3.782272040843963623e-01
2.038408994674682617e+00
8.327710628509521484e-01
1.790379405021667480e+00
2.076034069061279297e+00
-3.745560348033905029e-01
-2.359417200088500977e+00
-9.450311660766601562e-01
1.474836349487304688e+00
-2.088790416717529297e+00
-4.032971382141113281e+00
-1.152898192405700684e+00
-8.532059192657470703e-01
-1.279070973396301270e+00
-1.563354015350341797e+00
-1.527838468551635742e+00
-2.546183347702026367e+00
-2.621185541152954102e+00
-2.009909868240356445e+00
-2.148747444152832031e+00
-1.907822251319885254e+00
-8.472678661346435547e-01
-2.086981058120727539e+00
-1.522382736206054688e+00
-1.616484284400939941e+00
4.188713133335113525e-01
-1.886087059974670410e+00
-2.520072460174560547e+00
-3.631391763687133789e+00
-5.427513599395751953e+00
-2.400418519973754883e+00
-2.386028289794921875e+00
-1.201344609260559082e+00
4.471144378185272217e-01
-9.825820922851562500e-01
-2.122677803039550781e+00
-1.902280926704406738e+00
2.047079801559448242e+00
-8.306540250778198242e-01
-8.512226343154907227e-01
3.585598707199096680e+00
2.140003442764282227e+00
1.695454716682434082e+00
-2.065288543701171875e+00
-1.217336297035217285e+00
-2.296492815017700195e+00
-2.239566326141357422e+00
-2.275694310665130615e-01
-1.066121339797973633e+00
-2.367593526840209961e+00
-3.272978067398071289e+00
-2.270182073116302490e-01
8.980897068977355957e-02
1.504689753055572510e-01
-2.456664443016052246e-01
-1.558198571205139160e+00
2.306617259979248047e+00
4.157907068729400635e-01
8.413314819335937500e-01
2.127991616725921631e-01
2.431881129741668701e-01
-8.512750267982482910e-02
2.186301469802856445e+00
-4.248080730438232422e+00
4.689131677150726318e-01
-1.807793259620666504e+00
3.586752176284790039e+00
2.456266164779663086e+00
-4.214157760143280029e-01
-6.939204931259155273e-01
1.451420426368713379e+00
5.717797279357910156e-01
-1.472819328308105469e+00
-2.161061048507690430e+00
2.168445289134979248e-01
-4.463215172290802002e-01
-1.907914638519287109e+00
-5.952758789062500000e-01
-2.043003082275390625e+00
8.186978101730346680e-01
9.763913154602050781e-01
-2.249972581863403320e+00
-1.199916124343872070e+00
-1.229284524917602539e+00
-1.793897151947021484e+00
-2.104100465774536133e+00
1.820469975471496582e+00
-2.425805568695068359e+00
-3.029887914657592773e+00
-2.980560064315795898e+00
-3.645842313766479492e+00
-5.695608139038085938e+00
-3.005153656005859375e+00
-6.177687168121337891e+00
-5.864562511444091797e+00
-4.050330162048339844e+00
-4.262673854827880859e+00
-3.293472051620483398e+00
-2.102770328521728516e+00
-3.089161872863769531e+00
