-1.940453350543975830e-01
-1.567614376544952393e-01
-5.648435354232788086e-01
-1.091663241386413574e+00
2.939190566539764404e-01
-5.412781238555908203e-01
-4.088542759418487549e-01
-5.072139501571655273e-01
-5.749008655548095703e-01
1.205437541007995605e+00
1.004817724227905273e+00
-8.650395870208740234e-01
-8.086696863174438477e-01
2.672089815139770508e+00
1.508233666419982910e+00
1.132862687110900879e+00
-6.503381729125976562e-01
-3.646763265132904053e-01
7.540444731712341309e-01
8.614056110382080078e-01
9.654120206832885742e-01
1.197577595710754395e+00
2.530453503131866455e-01
7.808910310268402100e-02
1.217452436685562134e-01
1.045606434345245361e-01
9.969437122344970703e-02
9.302347898483276367e-02
7.397559285163879395e-02
-5.528900027275085449e-02
-3.302856385707855225e-01
-2.189107239246368408e-01
-1.007605195045471191e-01
-1.886434555053710938e-01
-2.093564867973327637e-01
3.788565695285797119e-01
-2.500353753566741943e-01
-3.003702461719512939e-01
-3.020173609256744385e-01
-2.464863955974578857e-01
-2.260241806507110596e-01
-2.090817689895629883e-01
-1.827985942363739014e-01
-1.530441045761108398e-01
-1.174063682556152344e-01
-7.835316658020019531e-02
-4.900598526000976562e-02
-3.248167037963867188e-02
-2.567690610885620117e-02
-2.500817179679870605e-02
-2.749240398406982422e-02
-1.718249917030334473e-02
6.183630228042602539e-02
7.477325201034545898e-02
7.480931282043457031e-02
7.497444748878479004e-02
7.548150420188903809e-02
7.779008150100708008e-02
1.002863347530364990e-01
1.447530686855316162e-01
1.623008549213409424e-01
1.671301722526550293e-01
1.688206493854522705e-01
1.695504784584045410e-01
1.700902283191680908e-01
1.706055104732513428e-01
1.983078122138977051e-01
1.103137582540512085e-01
-3.527871072292327881e-01
-4.847209751605987549e-01
-5.020174980163574219e-01
-4.232313930988311768e-01
-1.790347993373870850e-01
-2.474119961261749268e-01
-1.849195957183837891e-01
4.223912954330444336e-02
-1.725544929504394531e-01
-1.679660975933074951e-01
4.630337953567504883e-01
3.897391557693481445e-01
2.636322379112243652e-01
-8.153840899467468262e-02
1.252110302448272705e-01
2.800208628177642822e-01
2.713385522365570068e-01
-7.558586597442626953e-01
-5.673295259475708008e-01
-3.243044912815093994e-01
-6.601349115371704102e-01
-9.002641439437866211e-01
-1.123262286186218262e+00
-1.330195784568786621e+00
-1.352888226509094238e+00
-1.334291338920593262e+00
-1.314279317855834961e+00
-1.283069372177124023e+00
-1.226079463958740234e+00
-6.968673467636108398e-01
-4.438075721263885498e-01
-4.512001574039459229e-01
-1.057084321975708008e+00
-4.426729381084442139e-01
-3.137767612934112549e-01
-2.273227870464324951e-01
-4.308010637760162354e-01
-4.882831275463104248e-01
-4.916183054447174072e-01
-4.916290342807769775e-01
-4.620737731456756592e-01
-4.041776955127716064e-01
-4.376765191555023193e-01
-4.886443912982940674e-01
-4.929073750972747803e-01
-4.929679930210113525e-01
-4.923450052738189697e-01
-4.914273917675018311e-01
-4.899215996265411377e-01
-4.871104657649993896e-01
-4.813993275165557861e-01
-4.690499603748321533e-01
-4.419188797473907471e-01
-3.862367570400238037e-01
-2.974344789981842041e-01
-2.143789231777191162e-01
-1.742023527622222900e-01
-1.611697971820831299e-01
-1.571813523769378662e-01
-1.560090482234954834e-01
-1.557119190692901611e-01
-1.556750237941741943e-01
-1.557030379772186279e-01
-1.557384431362152100e-01
-1.557659804821014404e-01
-1.557832658290863037e-01
-1.557897329330444336e-01
-1.557919085025787354e-01
-1.561613380908966064e-01
-4.322179853916168213e-01
-3.760122358798980713e-01
-1.557958424091339111e-01
-1.568929255008697510e-01
-2.835026085376739502e-01
-5.194872617721557617e-01
-4.037759006023406982e-01
-3.493377268314361572e-01
-8.250936269760131836e-01
-3.139683306217193604e-01
1.019075661897659302e-01
-2.037510871887207031e-01
-5.238227844238281250e-01
-4.859459698200225830e-01
4.427236020565032959e-01
-3.376968204975128174e-01
-6.612178087234497070e-01
-2.965762913227081299e-01
-1.325077056884765625e+00
-1.510066390037536621e+00
-1.175542712211608887e+00
-1.055376529693603516e+00
-1.275518298149108887e+00
-8.624186515808105469e-01
-8.664660453796386719e-01
-1.169184565544128418e+00
-5.637936592102050781e-01
-4.041821658611297607e-01
-1.656112968921661377e-01
-1.816419363021850586e-01
-9.233370423316955566e-02
6.161487102508544922e-01
6.270222663879394531e-01
8.304044604301452637e-02
-1.263384521007537842e-01
-5.540034770965576172e-01
-8.302499055862426758e-01
-8.979355096817016602e-01
-1.908967852592468262e+00
-2.064991235733032227e+00
-1.041919350624084473e+00
-1.282814979553222656e+00
-1.322617292404174805e+00
-8.089218139648437500e-01
-1.016855001449584961e+00
-8.896607160568237305e-01
-7.115577459335327148e-01
-9.108526706695556641e-01
-7.067456245422363281e-01
-8.047095537185668945e-01
-9.929275512695312500e-01
-7.530628442764282227e-01
-6.159729957580566406e-01
-8.599225282669067383e-01
-6.464620828628540039e-01
-9.022606611251831055e-01
-6.557869911193847656e-01
-7.366076707839965820e-01
-6.830731630325317383e-01
-7.124985456466674805e-01
-1.417663931846618652e+00
-1.135985016822814941e+00
-9.011332988739013672e-01
-7.255114316940307617e-01
-7.532767057418823242e-01
-1.608317494392395020e+00
-1.525538802146911621e+00
-9.061022996902465820e-01
-6.269092559814453125e-01
-9.646095037460327148e-01
-1.172134160995483398e+00
-1.025624036788940430e+00
-7.276996374130249023e-01
-8.859164714813232422e-01
-4.775856435298919678e-01
-2.949444293975830078e+00
-3.528568446636199951e-01
-3.862006962299346924e-01
-2.422686815261840820e+00
-4.670996963977813721e-01
-1.529604792594909668e+00
-1.315612912178039551e+00
-6.132537126541137695e-01
-1.510327756404876709e-01
-1.018885970115661621e+00
-8.289788961410522461e-01
-7.322989702224731445e-01
-3.130412399768829346e-01
-8.669054508209228516e-01
-7.405203580856323242e-01
-7.424924373626708984e-01
-7.427651882171630859e-01
-7.603241205215454102e-01
-7.919324636459350586e-01
-6.956558227539062500e-01
-7.920275926589965820e-01
-7.427936792373657227e-01
-7.427865266799926758e-01
-1.008800625801086426e+00
-7.369750738143920898e-01
-9.029687643051147461e-01
-7.756026983261108398e-01
-1.205160617828369141e+00
-9.615679979324340820e-01
-8.929651975631713867e-01
-1.129810452461242676e+00
-1.140853047370910645e+00
-2.564010858535766602e+00
-1.644170522689819336e+00
-2.027280330657958984e+00
-2.027548789978027344e+00
-1.965297579765319824e+00
-1.602707624435424805e+00
-1.878485560417175293e+00
-3.135646581649780273e+00
-3.614736795425415039e+00
-2.923289299011230469e+00
-2.506743967533111572e-01
-4.044665396213531494e-01
-4.020081460475921631e-01
-8.222341537475585938e-01
-4.498756229877471924e-01
-1.444895148277282715e+00
-1.368271946907043457e+00
7.373006343841552734e-01
1.771236360073089600e-01
3.500166833400726318e-01
-8.497390151023864746e-02
7.986025810241699219e-01
6.274675130844116211e-01
-3.491135537624359131e-01
-4.262522161006927490e-01
1.252326071262359619e-01
-6.039752960205078125e-01
1.216356456279754639e-01
3.754833638668060303e-01
3.450004160404205322e-01
-5.041955709457397461e-01
-1.026526570320129395e+00
-5.059643983840942383e-01
-6.074491143226623535e-02
-4.189622402191162109e-02
9.364710748195648193e-02
5.747237205505371094e-01
6.341413259506225586e-01
7.611809372901916504e-01
5.636141300201416016e-01
1.602172851562500000e-01
-4.159295558929443359e-02
-3.866121172904968262e-02
7.806041836738586426e-02
1.616955101490020752e-01
2.914320230484008789e-01
4.591607451438903809e-01
7.491016387939453125e-01
4.109533727169036865e-01
7.424075603485107422e-01
7.702702283859252930e-01
7.159909009933471680e-01
5.833871364593505859e-01
6.678849458694458008e-01
8.309184312820434570e-01
8.087418079376220703e-01
8.253536224365234375e-01
1.068183660507202148e+00
1.026225924491882324e+00
6.695456504821777344e-01
6.565821170806884766e-01
3.269657194614410400e-01
4.656571745872497559e-01
4.030095934867858887e-01
2.591388523578643799e-01
8.149043321609497070e-01
5.475974082946777344e-01
3.775212168693542480e-01
3.054951429367065430e-01
6.041952371597290039e-01
9.655939340591430664e-01
4.093725383281707764e-01
5.272382497787475586e-02
4.202396869659423828e-01
8.558793067932128906e-01
1.471791982650756836e+00
-3.725847303867340088e-01
1.110709667205810547e+00
9.187465906143188477e-01
-4.534206688404083252e-01
-1.028201580047607422e+00
-5.496789216995239258e-01
-6.941634416580200195e-01
-5.695749521255493164e-01
-1.002719759941101074e+00
-5.465681552886962891e-01
5.301532149314880371e-02
-3.601971566677093506e-01
-6.881031990051269531e-01
-4.786185920238494873e-01
-8.666123151779174805e-01
-8.641028404235839844e-01
-8.166731595993041992e-01
-8.159273862838745117e-01
-8.113001585006713867e-01
-5.321962833404541016e-01
-8.083103895187377930e-01
-1.714577376842498779e-01
-3.159947097301483154e-01
-1.792587935924530029e-01
-3.733964264392852783e-01
-5.476461648941040039e-01
-6.918054819107055664e-01
-3.679690659046173096e-01
2.654100060462951660e-01
-3.102745711803436279e-01
-5.549052953720092773e-01
-1.580698788166046143e-01
-2.904936969280242920e-01
-3.640694916248321533e-01
-3.140690624713897705e-01
-1.780721247196197510e-01
-3.208769261837005615e-01
-2.820588648319244385e-01
-5.045936107635498047e-01
-4.861284792423248291e-01
-1.577386558055877686e-01
-3.649224340915679932e-01
-2.508269846439361572e-01
-3.718585669994354248e-01
-2.495273053646087646e-01
-4.203680455684661865e-01
-4.917574822902679443e-01
-1.961018145084381104e-01
-3.432272970676422119e-01
-2.076224982738494873e-01
-3.799472153186798096e-01
-2.645108103752136230e-02
-3.812984526157379150e-01
-3.830470144748687744e-01
-4.386841356754302979e-01
-5.018548965454101562e-01
-2.181222736835479736e-01
-4.145460426807403564e-01
-1.956968605518341064e-01
-1.601080000400543213e-01
-4.344377219676971436e-01
-3.378362357616424561e-01
-4.601885378360748291e-01
-2.095774114131927490e-01
-3.514520227909088135e-01
-4.149303734302520752e-01
-1.928850710391998291e-01
-2.040707767009735107e-01
-2.369901239871978760e-01
-2.177469432353973389e-01
-3.582819998264312744e-01
-2.464752495288848877e-01
-2.947915494441986084e-01
-2.464667260646820068e-01
-3.629133999347686768e-01
-2.532339990139007568e-01
-2.826321423053741455e-01
-2.757956683635711670e-01
-1.912043392658233643e-01
-2.939135134220123291e-01
-6.019741296768188477e-03
-3.674682676792144775e-01
-4.456326663494110107e-01
-2.254197299480438232e-01
-8.103029727935791016e-01
5.288343429565429688e-01
5.524131655693054199e-02
2.083918452262878418e-02
-7.752686738967895508e-01
-1.064135134220123291e-01
-1.591941416263580322e-01
-2.137904465198516846e-01
-2.989625036716461182e-01
-3.441323339939117432e-01
-4.386649429798126221e-01
-1.734168827533721924e-01
-4.820305109024047852e-02
-3.377725183963775635e-01
-6.991956233978271484e-01
1.159281253814697266e+00
6.413263082504272461e-01
-3.712759912014007568e-01
-3.905469477176666260e-01
-1.567259132862091064e-01
-5.369945764541625977e-01
-1.118401587009429932e-01
-2.185473740100860596e-01
-5.897232294082641602e-01
-6.590793132781982422e-01
-4.103507697582244873e-01
-3.538089096546173096e-01
-3.557421267032623291e-01
-3.559242188930511475e-01
-3.553691804409027100e-01
-3.553657233715057373e-01
-3.553669750690460205e-01
-6.468052864074707031e-01
-3.501954972743988037e-01
-5.568521022796630859e-01
-5.595854520797729492e-01
-3.540954887866973877e-01
-3.361809551715850830e-01
-5.513855218887329102e-01
-3.041019737720489502e-01
-4.340310394763946533e-01
-3.661907613277435303e-01
-4.142813384532928467e-01
-4.156725108623504639e-01
-5.289134979248046875e-01
-4.615847170352935791e-01
-3.648566305637359619e-01
-3.576649129390716553e-01
-6.056926250457763672e-01
2.137368023395538330e-01
-8.092999458312988281e-01
-6.692557334899902344e-01
-5.816918611526489258e-01
-5.879018306732177734e-01
-5.783063173294067383e-01
-4.780726730823516846e-01
-6.667873859405517578e-01
-7.691923379898071289e-01
-6.567572355270385742e-01
-6.622970104217529297e-01
-6.172610521316528320e-01
-5.959930419921875000e-01
-6.290047168731689453e-01
-6.899077892303466797e-01
-6.650201082229614258e-01
-6.576086282730102539e-01
-6.292045116424560547e-01
-6.308760643005371094e-01
-5.415127277374267578e-01
-3.550043404102325439e-01
-3.547340929508209229e-01
-3.141413629055023193e-01
-4.091763794422149658e-01
-7.430348396301269531e-01
-8.354167938232421875e-01
-1.576082229614257812e+00
-1.529489517211914062e+00
-1.582842707633972168e+00
-1.573012709617614746e+00
-2.133093595504760742e+00
-8.519694805145263672e-01
-7.854737043380737305e-01
-8.131772279739379883e-01
-8.932963609695434570e-01
-9.004235267639160156e-01
-9.389697313308715820e-01
-9.753136634826660156e-01
-1.220553159713745117e+00
-1.605820059776306152e+00
-1.644625663757324219e+00
-2.579624950885772705e-01
2.992211878299713135e-01
-4.274056255817413330e-01
-5.526441335678100586e-01
-1.255051970481872559e+00
-9.407528638839721680e-01
-6.996868848800659180e-01
-2.898787558078765869e-01
-4.513731300830841064e-01
-7.114461660385131836e-01
-2.664666473865509033e-01
-9.246543645858764648e-01
-7.639671564102172852e-01
-5.940755605697631836e-01
-6.439534425735473633e-01
-4.324016869068145752e-01
-7.103222608566284180e-01
-1.116517543792724609e+00
-9.062840938568115234e-01
-4.029751121997833252e-01
-3.661327660083770752e-01
-1.626215279102325439e-01
8.598694801330566406e-01
-2.950246036052703857e-01
-4.938913285732269287e-01
-3.843239843845367432e-01
-7.112766504287719727e-01
-1.000408530235290527e+00
-1.561596512794494629e+00
-1.759463906288146973e+00
-9.661995172500610352e-01
7.509180903434753418e-02
-1.353860616683959961e+00
-1.188818812370300293e+00
-1.570386409759521484e+00
-1.869683861732482910e+00
-1.504617691040039062e+00
-9.801967144012451172e-01
-2.456914186477661133e+00
-2.227687120437622070e+00
-1.871965050697326660e+00
-9.267534017562866211e-01
-9.115347862243652344e-01
-6.345459222793579102e-01
-5.516142845153808594e-01
-7.136206626892089844e-01
-1.523243665695190430e+00
-1.391222953796386719e+00
-5.292773246765136719e-01
-6.776951551437377930e-01
-6.728417873382568359e-01
-6.597839593887329102e-01
-6.010497808456420898e-01
-5.634801387786865234e-01
-5.475163459777832031e-01
-3.453722298145294189e-01
-3.312987983226776123e-01
-3.265536725521087646e-01
-2.822364866733551025e-01
1.136974990367889404e-01
-2.936294376850128174e-01
-3.799629509449005127e-01
-4.126649200916290283e-01
-3.584460318088531494e-01
-3.317424356937408447e-01
-4.155441820621490479e-01
-1.260883808135986328e-01
-5.041165351867675781e-01
-3.768525421619415283e-01
-4.133075177669525146e-01
-6.022007465362548828e-01
-6.095354557037353516e-01
-9.426542520523071289e-01
-1.113895058631896973e+00
-1.049260735511779785e+00
-7.497613430023193359e-01
-6.294313669204711914e-01
-5.532500743865966797e-01
-2.649488747119903564e-01
-4.515698552131652832e-02
5.637106299400329590e-02
-9.384560585021972656e-02
6.567546725273132324e-02
8.380603790283203125e-02
4.327073693275451660e-02
-2.009404599666595459e-01
-2.863016426563262939e-01
-6.228712201118469238e-02
-5.042785406112670898e-02
5.824564695358276367e-01
-1.596382558345794678e-01
-4.642020165920257568e-01
-4.714790880680084229e-01
-8.537799119949340820e-02
-1.838156878948211670e-01
-8.999556303024291992e-02
-8.051753044128417969e-02
-8.177384734153747559e-02
-8.296075463294982910e-02
-1.021550297737121582e-01
-8.954274654388427734e-02
-8.306211233139038086e-02
-8.269754052162170410e-02
-8.485713601112365723e-02
-9.160631895065307617e-02
-1.000470221042633057e-01
-1.012570858001708984e-01
-9.370413422584533691e-02
-8.174896240234375000e-02
5.760051012039184570e-01
2.482974827289581299e-01
-4.024783074855804443e-01
-6.043494939804077148e-01
-6.090894937515258789e-01
-5.823187828063964844e-01
-4.084688723087310791e-01
-8.397224545478820801e-02
-2.808453738689422607e-01
-5.269725322723388672e-01
-1.015063285827636719e+00
7.978007197380065918e-02
-4.717158377170562744e-01
-2.757386267185211182e-01
-1.932162940502166748e-01
-4.157235324382781982e-01
-3.198155462741851807e-01
8.280429244041442871e-02
4.383504390716552734e-01
7.067474126815795898e-01
1.071511507034301758e+00
1.184264302253723145e+00
-2.927669882774353027e-02
-1.149302363395690918e+00
-6.832412481307983398e-01
-1.992243885993957520e+00
-5.621705055236816406e-01
-1.622503638267517090e+00
-9.222414493560791016e-01
-2.522133290767669678e-01
-4.109915792942047119e-01
1.313076466321945190e-01
-1.337139606475830078e+00
-6.233497858047485352e-01
-6.733263731002807617e-01
-3.733167946338653564e-01
-8.406686782836914062e-02
3.600537776947021484e-03
-3.125631809234619141e-02
-1.621797978878021240e-01
-1.612598598003387451e-01
-1.749123632907867432e-01
-7.723841667175292969e-01
7.342120409011840820e-01
-8.136692047119140625e-01
-5.307805538177490234e-01
-4.229086339473724365e-01
8.027535676956176758e-02
2.860698401927947998e-01
-3.063586354255676270e-02
-3.402456641197204590e-02
-7.972574234008789062e-02
-2.617560327053070068e-01
-1.061851680278778076e-01
-3.441143333911895752e-01
-1.090621054172515869e-01
9.677442908287048340e-02
-8.193916082382202148e-02
-9.722185134887695312e-02
-3.940671682357788086e-02
-8.567270636558532715e-02
-9.469917416572570801e-02
-5.972751975059509277e-02
-5.510252714157104492e-02
-4.816916584968566895e-02
-4.873272776603698730e-02
-4.566445946693420410e-02
-1.481592953205108643e-01
1.117753982543945312e-02
7.565316557884216309e-02
-6.339064240455627441e-02
-5.361908674240112305e-02
3.353515267372131348e-02
-3.274309635162353516e-02
2.132835090160369873e-01
2.187276184558868408e-01
2.280350625514984131e-01
2.024402320384979248e-01
2.334842979907989502e-01
-3.975975513458251953e-02
-4.730558395385742188e-02
1.958311498165130615e-01
2.296721637248992920e-01
2.301920354366302490e-01
2.301776111125946045e-01
2.301923930644989014e-01
2.298495471477508545e-01
2.228898704051971436e-01
2.263779938220977783e-01
2.221998274326324463e-01
2.241660058498382568e-01
2.302045524120330811e-01
2.733918726444244385e-01
2.338388562202453613e-02
2.325737774372100830e-01
7.132625579833984375e-02
7.196471095085144043e-02
1.348135769367218018e-01
2.420190274715423584e-01
2.365641891956329346e-01
2.478547394275665283e-01
7.902649044990539551e-02
2.540477812290191650e-01
4.395112395286560059e-02
-1.825380623340606689e-01
-2.590457499027252197e-01
-4.959163963794708252e-01
1.028072535991668701e-01
3.854992091655731201e-01
2.746755182743072510e-01
4.038783609867095947e-01
5.704895257949829102e-01
5.854765176773071289e-01
5.741415023803710938e-01
4.359542429447174072e-01
3.460531532764434814e-01
4.673804938793182373e-01
8.268115520477294922e-01
1.958303153514862061e-01
-2.910643815994262695e-03
4.035076498985290527e-02
-1.233194470405578613e+00
-1.235157489776611328e+00
-1.254462599754333496e+00
-1.250475764274597168e+00
-1.390946030616760254e+00
-1.154396057128906250e+00
6.948146224021911621e-02
-1.157447338104248047e+00
-1.499349355697631836e+00
2.157122790813446045e-01
1.024020791053771973e+00
5.521682500839233398e-01
1.362732410430908203e+00
-6.084760427474975586e-01
1.959612011909484863e+00
1.836067318916320801e+00
6.693707704544067383e-01
1.833827257156372070e+00
5.007584095001220703e-01
-1.646949529647827148e+00
8.810380697250366211e-01
-8.842422962188720703e-01
-1.016913950443267822e-01
-5.344381928443908691e-02
-4.279246926307678223e-02
-4.510011970996856689e-01
1.759663224220275879e+00
1.462896943092346191e+00
9.250894784927368164e-01
2.685238122940063477e+00
2.612756967544555664e+00
2.623868942260742188e+00
2.649636030197143555e+00
2.694978475570678711e+00
2.661671638488769531e+00
2.935268640518188477e+00
2.875127553939819336e+00
2.635856628417968750e+00
2.168612718582153320e+00
2.359711408615112305e+00
1.823121666908264160e+00
1.618935942649841309e+00
1.173513054847717285e+00
8.262223005294799805e-01
1.435117721557617188e+00
1.558762431144714355e+00
1.509364962577819824e+00
6.761391162872314453e-01
5.863170623779296875e-01
-1.450230181217193604e-01
1.867151975631713867e+00
1.005105018615722656e+00
9.693303108215332031e-01
9.364788532257080078e-01
1.154191374778747559e+00
4.996020793914794922e-01
3.244635462760925293e-02
2.107424437999725342e-01
-5.883464813232421875e-01
4.244544208049774170e-01
8.581330776214599609e-01
7.394990324974060059e-02
4.122226238250732422e-01
1.924799978733062744e-01
3.377904593944549561e-01
1.680997014045715332e-02
7.819628715515136719e-02
2.610692679882049561e-01
8.845210075378417969e-02
6.586980819702148438e-02
4.440889954566955566e-01
3.979107439517974854e-01
4.043712317943572998e-01
2.754184305667877197e-01
2.944386303424835205e-01
1.024101674556732178e-01
-4.016568958759307861e-01
-1.055675268173217773e+00
-1.260505795478820801e+00
5.518705844879150391e-01
1.637369096279144287e-01
3.894209563732147217e-01
5.504455566406250000e-01
6.517742872238159180e-01
5.413510799407958984e-01
5.408998131752014160e-01
6.049453616142272949e-01
8.620594739913940430e-01
5.024204254150390625e-01
7.491964101791381836e-01
4.081507325172424316e-01
3.671458363533020020e-01
7.333930730819702148e-01
4.707709252834320068e-01
1.116852164268493652e+00
8.444793224334716797e-01
5.495890974998474121e-01
3.896488845348358154e-01
6.562050580978393555e-01
8.662912845611572266e-01
9.364637136459350586e-01
1.839289069175720215e+00
1.670265078544616699e+00
1.555136799812316895e+00
1.259047865867614746e+00
1.934840559959411621e+00
1.275650858879089355e+00
9.143693447113037109e-01
8.912447094917297363e-02
1.684733331203460693e-01
1.509701490402221680e+00
1.115496456623077393e-01
5.480394959449768066e-01
2.878610789775848389e-01
-5.165895819664001465e-02
-8.708235025405883789e-01
2.308980524539947510e-01
8.823361992835998535e-02
-3.695972859859466553e-01
-1.577077150344848633e+00
-1.704137921333312988e+00
-4.909203350543975830e-01
-1.083305776119232178e-01
-1.983322799205780029e-01
-2.505586445331573486e-01
-2.656675875186920166e-01
-4.136514961719512939e-01
-4.128659069538116455e-01
-2.731629908084869385e-01
-2.270230948925018311e-01
-2.227284610271453857e-01
9.277346134185791016e-01
6.687990427017211914e-01
6.011605262756347656e-01
4.065861403942108154e-01
1.595947444438934326e-01
3.199498057365417480e-01
-1.875511109828948975e-01
4.113829135894775391e-02
-2.902413904666900635e-01
-4.712961018085479736e-01
-8.213202953338623047e-01
-7.467261552810668945e-01
-2.345128357410430908e-01
-2.423008978366851807e-01
8.604609966278076172e-02
1.013457477092742920e-01
6.088373064994812012e-02
9.893590211868286133e-02
7.904380559921264648e-02
1.422991752624511719e-01
7.949954271316528320e-02
7.684490084648132324e-02
8.409115672111511230e-02
3.718445599079132080e-01
1.052245199680328369e-01
9.728410840034484863e-02
3.595100343227386475e-01
2.808456122875213623e-01
4.592085182666778564e-01
-6.905634403228759766e-01
-4.589526951313018799e-01
1.026726663112640381e-01
2.357434332370758057e-01
4.922449886798858643e-01
4.857461750507354736e-01
6.915584802627563477e-01
-6.664289236068725586e-01
-5.469309091567993164e-01
-4.110756516456604004e-02
6.112611889839172363e-01
3.390983343124389648e-01
7.310898900032043457e-01
5.537750720977783203e-01
-4.522688090801239014e-01
7.153973579406738281e-01
3.335253596305847168e-01
3.732331395149230957e-01
2.131478190422058105e-01
-4.704920351505279541e-01
-5.818603038787841797e-01
-1.799435019493103027e-01
-1.214985549449920654e-01
-3.996717035770416260e-01
3.021313846111297607e-01
-2.803759872913360596e-01
-1.626116335391998291e-01
1.083264946937561035e+00
8.712532520294189453e-01
3.727500736713409424e-01
-3.928540050983428955e-01
-5.004167556762695312e-01
-1.730996072292327881e-01
1.024065017700195312e-01
9.858772158622741699e-02
1.436572968959808350e-01
1.756873428821563721e-01
9.906697273254394531e-02
2.638995647430419922e-02
1.599099040031433105e-01
7.293128967285156250e-02
1.747257411479949951e-01
1.678172647953033447e-01
1.587187945842742920e-01
5.966383218765258789e-01
4.489922821521759033e-01
-3.376325070858001709e-01
1.889643073081970215e-01
4.203986227512359619e-01
4.319873750209808350e-01
1.107139885425567627e-01
1.419447958469390869e-01
3.007082045078277588e-01
4.629144072532653809e-02
1.569834947586059570e-01
1.923642754554748535e-01
3.342450857162475586e-01
3.245244920253753662e-01
4.539802968502044678e-01
4.361172616481781006e-01
4.341517388820648193e-01
4.334359467029571533e-01
4.335993230342864990e-01
4.357070028781890869e-01
4.337629377841949463e-01
1.811777055263519287e-01
5.794491767883300781e-01
8.291831016540527344e-01
-1.151174604892730713e-01
1.219373345375061035e-01
-1.572309434413909912e-01
-1.191785037517547607e-01
-2.476141154766082764e-01
-2.241709828376770020e-02
-2.094756960868835449e-01
-1.810586452484130859e-01
-1.272483468055725098e-01
1.372084021568298340e-02
-4.144990444183349609e-02
5.445094108581542969e-01
3.707045614719390869e-01
4.839635789394378662e-01
1.884280145168304443e-01
1.820549070835113525e-01
-5.337462425231933594e-01
-3.399606049060821533e-01
1.332806050777435303e-01
4.120106399059295654e-01
4.871904551982879639e-01
4.868229329586029053e-01
-2.473958492279052734e+00
-1.022155165672302246e+00
-6.352765560150146484e-01
-1.010912775993347168e+00
-5.372507572174072266e-01
-3.088062524795532227e+00
-3.675379514694213867e+00
-7.670816779136657715e-02
-5.400854349136352539e-01
4.950905442237854004e-01
1.697386264801025391e+00
-1.191661953926086426e+00
2.073904275894165039e-01
-7.314677238464355469e-01
3.374784290790557861e-01
3.822569549083709717e-01
3.364993631839752197e-01
8.559273481369018555e-01
1.024225950241088867e+00
1.057558774948120117e+00
1.218577504158020020e+00
1.116347432136535645e+00
6.544010639190673828e-01
1.583495855331420898e+00
8.648079633712768555e-01
4.787710607051849365e-01
1.858195185661315918e+00
2.675649642944335938e+00
6.245301961898803711e-01
-2.525019943714141846e-01
-2.806533277034759521e-01
-4.934237301349639893e-01
-6.066652536392211914e-01
-1.108107268810272217e-01
2.586377263069152832e-01
5.508704185485839844e-01
5.288577079772949219e-01
4.857711791992187500e-01
4.680582284927368164e-01
3.083909749984741211e-01
3.286109268665313721e-01
8.183469772338867188e-01
1.609245896339416504e+00
1.690885901451110840e+00
1.383864998817443848e+00
6.474441289901733398e-01
9.154344797134399414e-01
-6.169840097427368164e-01
-2.302544414997100830e-01
-3.759080469608306885e-01
-6.220155954360961914e-01
-6.703537702560424805e-01
-4.153083860874176025e-01
-1.502560377120971680e-01
1.431693434715270996e-01
1.684573292732238770e-01
1.679286807775497437e-01
2.142226845026016235e-01
1.850623041391372681e-01
3.334595263004302979e-01
2.338996827602386475e-01
7.706893682479858398e-01
8.974732160568237305e-01
4.946014285087585449e-02
-4.580548703670501709e-01
-5.456306934356689453e-01
-7.275586128234863281e-01
-1.583217680454254150e-01
-6.548794507980346680e-01
-3.940099775791168213e-01
-6.414349079132080078e-01
-3.897534906864166260e-01
-6.958391666412353516e-01
-2.465917766094207764e-01
-5.381914377212524414e-01
-4.048216640949249268e-01
-3.078918755054473877e-01
-4.060972630977630615e-01
-2.048141658306121826e-01
-2.155703008174896240e-01
-1.096866726875305176e-01
-4.341390430927276611e-01
-3.221736252307891846e-01
-2.046847641468048096e-01
-1.800296008586883545e-01
-2.054558694362640381e-01
3.174012601375579834e-01
-1.627996563911437988e-02
-1.639833152294158936e-01
-3.623366355895996094e-03
-3.088550865650177002e-01
2.117148339748382568e-01
-4.178472459316253662e-01
-9.723201394081115723e-02
-8.826330304145812988e-02
-8.756741881370544434e-02
-1.113636195659637451e-01
4.052132368087768555e-03
-2.971548140048980713e-01
-3.065356612205505371e-02
-3.185841739177703857e-01
-3.599510490894317627e-01
-4.965156316757202148e-03
1.575961709022521973e-02
-2.877033054828643799e-01
-3.006676733493804932e-01
1.149448752403259277e-02
6.846636533737182617e-03
-4.502296447753906250e-03
-1.601183712482452393e-01
1.617303490638732910e-02
2.664783596992492676e-02
1.300886273384094238e-02
2.571740746498107910e-02
-9.113520383834838867e-03
-1.414263248443603516e-02
1.425209641456604004e-02
2.660033106803894043e-02
-2.779192030429840088e-01
-3.578211963176727295e-01
-4.329439997673034668e-02
-4.363477528095245361e-01
4.588606953620910645e-02
-1.108933091163635254e+00
2.059180736541748047e+00
-1.303164064884185791e-01
1.442272663116455078e-01
1.199286282062530518e-01
-8.978545665740966797e-04
6.061443090438842773e-01
3.971707522869110107e-01
2.852676808834075928e-01
-8.494344353675842285e-02
-2.971284687519073486e-01
2.877828478813171387e-02
-2.648863196372985840e-02
-2.398428618907928467e-01
-7.581582665443420410e-02
1.869842410087585449e-02
-1.988802254199981689e-01
1.571682095527648926e-02
-2.153481543064117432e-01
-1.440998613834381104e-01
-6.515204906463623047e-03
-2.596095204353332520e-02
-3.080654442310333252e-01
-8.253082633018493652e-02
-2.813133597373962402e-02
-1.328148543834686279e-01
-8.875641226768493652e-02
-2.103489637374877930e-02
-1.788970530033111572e-01
-3.320351243019104004e-02
-2.820783853530883789e-02
-1.146027445793151855e-02
1.406249403953552246e-02
2.550825476646423340e-02
-4.151425659656524658e-01
2.956162393093109131e-01
8.937734365463256836e-01
9.078929424285888672e-01
1.200824975967407227e-03
-4.123192131519317627e-01
-3.156554996967315674e-01
-2.279176414012908936e-01
-3.794542849063873291e-01
-4.892781376838684082e-02
-3.251018822193145752e-01
6.384009122848510742e-01
4.481079578399658203e-01
1.836520075798034668e+00
2.195197105407714844e+00
1.901012778282165527e+00
1.787503957748413086e+00
1.497015833854675293e+00
1.404031872749328613e+00
4.497878253459930420e-01
8.876388072967529297e-01
6.320798397064208984e-01
5.984081625938415527e-01
1.219541668891906738e+00
2.810134291648864746e-01
-6.878736019134521484e-01
6.607636213302612305e-01
-9.727598428726196289e-01
5.586317777633666992e-01
1.257613062858581543e+00
1.012776374816894531e+00
1.837917447090148926e+00
1.267948985099792480e+00
2.204888582229614258e+00
2.575973987579345703e+00
2.911658525466918945e+00
3.805612564086914062e+00
3.326958894729614258e+00
1.378087997436523438e+00
3.270111083984375000e+00
2.577008962631225586e+00
2.437655925750732422e+00
1.217940926551818848e+00
3.515142202377319336e+00
2.943385362625122070e+00
7.316910028457641602e-01
3.618896722793579102e+00
4.917841911315917969e+00
4.015050411224365234e+00
4.013928890228271484e+00
1.679190158843994141e+00
3.272729158401489258e+00
1.895004034042358398e+00
1.707509756088256836e+00
3.558085680007934570e+00
2.373699665069580078e+00
2.867192029953002930e+00
1.086408257484436035e+00
1.956234455108642578e+00
2.127960681915283203e+00
-2.015357255935668945e+00
-1.324708104133605957e+00
-1.213499426841735840e+00
-1.322428345680236816e+00
-9.123750925064086914e-01
3.228090703487396240e-01
8.143967390060424805e-01
-9.172800183296203613e-02
3.224970400333404541e-01
-1.980648338794708252e-01
1.099371612071990967e-01
1.976735591888427734e-01
-6.613343954086303711e-03
7.380545139312744141e-04
-2.303626835346221924e-01
-1.427751481533050537e-01
1.108266413211822510e-01
4.437068700790405273e-01
4.596710503101348877e-01
1.512198150157928467e-01
1.075599193572998047e-01
-3.569213449954986572e-01
-3.351717889308929443e-01
-5.281791687011718750e-01
5.966273546218872070e-01
2.323138952255249023e+00
9.805433750152587891e-01
1.915376484394073486e-01
-1.041572391986846924e-01
-5.773874521255493164e-01
5.356868505477905273e-01
5.859348773956298828e-01
8.229647874832153320e-01
1.937543511390686035e+00
1.159794569015502930e+00
1.003462195396423340e+00
2.345210909843444824e-01
-9.269977807998657227e-01
3.003099858760833740e-01
1.995687633752822876e-01
5.803140401840209961e-01
2.967474758625030518e-01
4.059436023235321045e-01
3.646437823772430420e-01
3.679434359073638916e-01
4.654625058174133301e-01
6.033641695976257324e-01
3.726583421230316162e-01
2.367900162935256958e-01
3.534163236618041992e-01
4.279893040657043457e-01
4.242132902145385742e-01
4.266646504402160645e-01
4.283036589622497559e-01
4.276303648948669434e-01
4.275287389755249023e-01
4.277159571647644043e-01
4.347161054611206055e-01
4.286091327667236328e-01
4.284889101982116699e-01
4.278005957603454590e-01
4.281576275825500488e-01
4.422107338905334473e-01
4.914735555648803711e-01
6.381698846817016602e-01
6.967107653617858887e-01
7.050938606262207031e-01
7.062070965766906738e-01
7.063805460929870605e-01
7.064167857170104980e-01
7.067176699638366699e-01
7.081028223037719727e-01
7.028536796569824219e-01
5.003401041030883789e-01
4.938142299652099609e-01
5.450007319450378418e-01
6.322288513183593750e-01
6.912777423858642578e-01
7.076823711395263672e-01
7.066113948822021484e-01
7.137466669082641602e-01
5.085923075675964355e-01
5.108790397644042969e-01
5.237163901329040527e-01
5.770521163940429688e-01
6.872904896736145020e-01
7.598909735679626465e-01
7.788448333740234375e-01
7.203329205513000488e-01
7.529228329658508301e-01
5.332656502723693848e-01
7.953480482101440430e-01
7.982409000396728516e-01
1.106993556022644043e+00
1.973077952861785889e-01
1.783403754234313965e-02
7.649919390678405762e-02
9.972295165061950684e-02
1.431165635585784912e-01
1.012731492519378662e-01
1.726541221141815186e-01
-8.666604757308959961e-03
3.032045960426330566e-01
1.713127195835113525e-01
-5.041828751564025879e-02
2.087268531322479248e-01
-2.492016553878784180e-02
8.940090239048004150e-02
3.363395929336547852e-01
3.755158483982086182e-01
-6.136962771415710449e-02
-4.853865504264831543e-02
2.517670392990112305e-03
-5.619868636131286621e-02
1.644024848937988281e-01
-7.447686195373535156e-01
2.515669167041778564e-01
-1.519986987113952637e-02
3.543158173561096191e-01
7.636766433715820312e-01
1.537664055824279785e+00
1.575468063354492188e+00
1.105713129043579102e+00
4.656580984592437744e-01
8.542338609695434570e-01
5.602273344993591309e-01
2.003090381622314453e-01
2.243971973657608032e-01
2.499036788940429688e-01
2.450419366359710693e-01
1.506360173225402832e-01
1.219346672296524048e-01
4.033592045307159424e-01
6.701198816299438477e-01
2.031708717346191406e+00
1.211323857307434082e+00
1.146507143974304199e+00
5.436582565307617188e-01
4.277072250843048096e-01
3.999304771423339844e-01
3.277048170566558838e-01
3.215940594673156738e-01
2.822265923023223877e-01
5.014641284942626953e-01
3.090608716011047363e-01
3.190189599990844727e-01
2.871037423610687256e-01
2.409865856170654297e-01
2.816351950168609619e-01
4.468614757061004639e-01
1.006462424993515015e-01
1.078224033117294312e-01
1.478227823972702026e-01
2.275362163782119751e-01
1.118345558643341064e-01
1.125526577234268188e-01
3.697817921638488770e-01
2.768195867538452148e-01
2.912812829017639160e-01
4.514169394969940186e-01
2.436457574367523193e-01
3.140730261802673340e-01
1.711282432079315186e-01
1.673859655857086182e-01
1.094853997230529785e+00
1.264061093330383301e+00
2.845000922679901123e-01
3.109944164752960205e-01
3.130949139595031738e-01
3.148302137851715088e-01
2.569567561149597168e-01
3.419027924537658691e-01
2.538525760173797607e-01
2.827243506908416748e-01
3.088215291500091553e-01
2.052549421787261963e-01
8.132050037384033203e-01
5.076136589050292969e-01
-1.776035726070404053e-01
8.753992319107055664e-01
1.153432607650756836e+00
7.710289955139160156e-01
2.573944926261901855e-01
-1.948828399181365967e-01
-1.357826590538024902e-02
6.365101337432861328e-01
1.151740193367004395e+00
4.914847314357757568e-01
1.109380364418029785e+00
-2.829454243183135986e-01
-6.365536451339721680e-01
1.679938733577728271e-01
-1.571142375469207764e-01
7.055321335792541504e-02
-1.422869861125946045e-01
-1.693452596664428711e-01
-1.919681429862976074e-01
1.140108406543731689e-01
-1.539214253425598145e-01
2.293439805507659912e-01
5.003660917282104492e-01
-3.113152682781219482e-01
9.644718468189239502e-02
3.966034352779388428e-01
3.460229635238647461e-01
1.352833211421966553e-01
4.354018867015838623e-01
3.517179787158966064e-01
-2.931353747844696045e-01
1.194302737712860107e-01
-2.395787835121154785e-02
1.441968381404876709e-01
1.662696301937103271e-01
8.877868950366973877e-02
3.227155208587646484e-01
7.990121841430664062e-02
2.665521204471588135e-01
1.710830211639404297e+00
-1.160743832588195801e-02
2.876484096050262451e-01
3.893225491046905518e-01
3.307619094848632812e-01
1.466408371925354004e-01
7.758274674415588379e-02
1.112187623977661133e+00
-1.594357788562774658e-01
-8.669916391372680664e-01
9.744490385055541992e-01
-4.667681157588958740e-01
-8.576440811157226562e-01
-8.754678964614868164e-01
1.091517925262451172e+00
5.599912405014038086e-01
-7.237362861633300781e-01
-1.211567878723144531e+00
-1.061977505683898926e+00
-9.175664186477661133e-01
-1.273448705673217773e+00
-3.411149084568023682e-01
-5.873979330062866211e-01
-6.664663553237915039e-01
3.892977833747863770e-01
-8.849908113479614258e-01
-9.185918569564819336e-01
-8.403025865554809570e-01
-7.209862470626831055e-01
-4.762328565120697021e-01
4.335515797138214111e-01
1.180624842643737793e+00
1.771258711814880371e+00
3.130898952484130859e+00
-9.145931005477905273e-01
-1.584089756011962891e+00
-9.038445949554443359e-01
-1.617655992507934570e+00
-2.922879695892333984e+00
-2.532444715499877930e+00
5.635377168655395508e-01
1.210795342922210693e-01
1.060609698295593262e+00
1.691969633102416992e+00
2.418459653854370117e+00
1.303265452384948730e+00
1.114409446716308594e+00
8.312613964080810547e-01
6.127314567565917969e-01
5.164352655410766602e-01
1.473986744880676270e+00
1.606931328773498535e+00
3.540985286235809326e-01
-1.011470079421997070e+00
1.197771787643432617e+00
1.536843478679656982e-01
3.566323816776275635e-01
9.039989709854125977e-01
6.863480806350708008e-01
3.643840253353118896e-01
1.791259288787841797e+00
4.123094975948333740e-01
1.658355593681335449e+00
2.672975778579711914e+00
9.805924892425537109e-01
1.719609737396240234e+00
1.733626723289489746e+00
2.120231389999389648e+00
1.380098760128021240e-01
6.796445846557617188e-01
2.630542218685150146e-01
1.904591202735900879e+00
2.096890687942504883e+00
1.482403755187988281e+00
-3.088510334491729736e-01
-2.419846057891845703e+00
-1.249953269958496094e+00
-2.916709482669830322e-01
3.634582459926605225e-01
-2.749482870101928711e+00
-3.524636983871459961e+00
-3.694576501846313477e+00
-2.004616022109985352e+00
-2.505686998367309570e+00
-2.584354400634765625e+00
-2.623678684234619141e+00
-2.559802770614624023e+00
-2.476203203201293945e+00
-2.490787267684936523e+00
-2.521678924560546875e+00
-2.596359968185424805e+00
-2.554577112197875977e+00
-2.584599256515502930e+00
-2.447999715805053711e+00
-2.540119409561157227e+00
-2.585405588150024414e+00
-2.606094598770141602e+00
-2.438756704330444336e+00
-2.430238008499145508e+00
-2.429127454757690430e+00
-2.428798913955688477e+00
-2.428611993789672852e+00
-2.658143281936645508e+00
-1.817656397819519043e+00
-1.883619427680969238e+00
-1.977129101753234863e+00
-2.314178228378295898e+00
-2.339858293533325195e+00
-2.305675268173217773e+00
-2.287767887115478516e+00
-2.279352903366088867e+00
-2.280711412429809570e+00
-2.277665853500366211e+00
-1.807959198951721191e+00
-2.456302165985107422e+00
-3.077421426773071289e+00
-1.910966753959655762e+00
-1.956503987312316895e+00
-1.895271182060241699e+00
-2.520106554031372070e+00
-2.531433582305908203e+00
-2.473969221115112305e+00
-1.742078900337219238e+00
-2.225722312927246094e+00
-2.006689786911010742e+00
-2.004272937774658203e+00
-1.967133164405822754e+00
-1.625682473182678223e+00
-1.730230212211608887e+00
-1.945114493370056152e+00
-1.984160065650939941e+00
-1.982036232948303223e+00
-1.959159493446350098e+00
-1.855296254158020020e+00
-1.916888356208801270e+00
-1.805822730064392090e+00
-1.741623759269714355e+00
-1.645114302635192871e+00
-1.631657481193542480e+00
-1.633392333984375000e+00
-1.736262202262878418e+00
-1.566637635231018066e+00
-1.690490007400512695e+00
-1.692933678627014160e+00
-1.694172024726867676e+00
-1.709059834480285645e+00
-1.687500119209289551e+00
-1.680676102638244629e+00
-1.666490197181701660e+00
-1.610728383064270020e+00
-1.549675107002258301e+00
-1.662442445755004883e+00
-1.815003991127014160e+00
-1.857450366020202637e+00
-1.430477499961853027e+00
-1.205867886543273926e+00
-1.511227965354919434e+00
-1.562433958053588867e+00
-1.533643722534179688e+00
-1.699208498001098633e+00
-1.294792056083679199e+00
-1.308438062667846680e+00
-1.354427218437194824e+00
-1.516366600990295410e+00
-1.715052247047424316e+00
-2.110876798629760742e+00
-2.434740543365478516e+00
-1.733210444450378418e+00
-1.987841486930847168e+00
-1.994055867195129395e+00
-1.861241698265075684e+00
-1.651579499244689941e+00
-1.783964991569519043e+00
-1.535702109336853027e+00
-1.882636189460754395e+00
-1.779872059822082520e+00
-1.636174082756042480e+00
-1.611829400062561035e+00
-1.587309837341308594e+00
-1.897203087806701660e+00
-1.629700779914855957e+00
-1.825029492378234863e+00
-1.492558121681213379e+00
-1.869957089424133301e+00
-1.898179888725280762e+00
-1.581384539604187012e+00
-1.606956720352172852e+00
-1.617168307304382324e+00
-1.622670054435729980e+00
-1.621900916099548340e+00
-1.326256155967712402e+00
-1.281846165657043457e+00
-1.306602954864501953e+00
-1.098724603652954102e+00
-1.355122208595275879e+00
-6.445288658142089844e-01
-1.789068579673767090e+00
-1.691333174705505371e+00
-1.703273534774780273e+00
-1.409904360771179199e+00
-1.594868898391723633e+00
-1.415007591247558594e+00
-1.741068959236145020e+00
-1.753014445304870605e+00
-1.749822974205017090e+00
-1.749290823936462402e+00
-1.749328494071960449e+00
-1.749502301216125488e+00
-1.750030875205993652e+00
-1.750004887580871582e+00
-1.750054717063903809e+00
-1.734163165092468262e+00
-1.749473452568054199e+00
-1.750583767890930176e+00
-1.750404953956604004e+00
-1.750386834144592285e+00
-1.750354886054992676e+00
-1.749667048454284668e+00
-9.540725946426391602e-01
-6.335269212722778320e-01
-2.244129657745361328e+00
-2.074834585189819336e+00
-2.531897127628326416e-01
-1.590136587619781494e-01
-1.249761343002319336e+00
-1.065321683883666992e+00
-1.233221173286437988e+00
-2.363801956176757812e+00
-2.226041793823242188e+00
-1.653335571289062500e+00
-1.522242903709411621e+00
-1.449766993522644043e+00
-2.176526784896850586e+00
-1.372477889060974121e+00
-1.371655821800231934e+00
-1.649018883705139160e+00
-1.639506220817565918e+00
-1.824660420417785645e+00
-2.562952280044555664e+00
-2.816159248352050781e+00
-2.260407209396362305e+00
-1.834222912788391113e+00
-1.251739263534545898e+00
-2.069890975952148438e+00
-1.738851666450500488e+00
-1.646375775337219238e+00
-1.643371939659118652e+00
-1.640534996986389160e+00
-1.572448611259460449e+00
-1.342115759849548340e+00
-1.400228619575500488e+00
-1.611296057701110840e+00
-1.611717820167541504e+00
-1.607824325561523438e+00
-1.580918669700622559e+00
-1.300274729728698730e+00
-1.028174519538879395e+00
-1.233460545539855957e+00
-1.521756649017333984e+00
-1.497049689292907715e+00
-1.312392950057983398e+00
-1.333561301231384277e+00
-1.475804448127746582e+00
-1.588634610176086426e+00
-1.622062206268310547e+00
-1.618199944496154785e+00
-1.622055768966674805e+00
-1.489924788475036621e+00
-1.554147958755493164e+00
-1.594607830047607422e+00
-1.598997354507446289e+00
-1.599772810935974121e+00
-1.756643414497375488e+00
-1.544688463211059570e+00
-1.803748726844787598e+00
-1.589208483695983887e+00
-1.591906905174255371e+00
-1.576567173004150391e+00
-1.588616847991943359e+00
-1.410325527191162109e+00
-1.245834946632385254e+00
-1.537893652915954590e+00
-1.526989698410034180e+00
-1.274074435234069824e+00
-1.623606801033020020e+00
-1.622596621513366699e+00
-1.338339686393737793e+00
-1.426036953926086426e+00
-1.262166619300842285e+00
-1.263863205909729004e+00
-1.261873126029968262e+00
-1.260687947273254395e+00
-1.261633396148681641e+00
-1.240112662315368652e+00
-1.500919818878173828e+00
-1.417734742164611816e+00
-1.354319453239440918e+00
-1.546735525131225586e+00
-1.470112204551696777e+00
-1.534555315971374512e+00
-1.621753454208374023e+00
-1.258796334266662598e+00
-1.364274263381958008e+00
-1.533871412277221680e+00
-1.380993962287902832e+00
-2.782717943191528320e+00
-2.543451547622680664e+00
-2.521841526031494141e+00
-2.520298242568969727e+00
-1.943968892097473145e+00
-1.660074353218078613e+00
-1.885219454765319824e+00
-2.076523542404174805e+00
-1.993003487586975098e+00
-2.047455310821533203e+00
-2.119908809661865234e+00
-2.748116731643676758e+00
-1.707546830177307129e+00
-2.369169473648071289e+00
-2.357733488082885742e+00
-2.498179435729980469e+00
-2.009789705276489258e+00
-1.213858842849731445e+00
-3.008801698684692383e+00
-4.261913299560546875e+00
-3.328813791275024414e+00
-7.242592573165893555e-01
3.238420188426971436e-01
-3.702307641506195068e-01
-3.383395075798034668e-02
-7.800470590591430664e-01
3.971472382545471191e-02
5.684581398963928223e-02
3.968939483165740967e-01
-7.431982755661010742e-01
-2.066311240196228027e-02
5.905584096908569336e-01
2.955968081951141357e-01
9.573468565940856934e-02
7.061079144477844238e-02
3.642308413982391357e-01
1.679527282714843750e+00
1.134297013282775879e+00
7.635638713836669922e-01
-6.961559057235717773e-01
-2.225335836410522461e+00
-1.553167700767517090e+00
-1.432934403419494629e+00
-1.412436604499816895e+00
-1.692287921905517578e+00
-1.874302506446838379e+00
-1.698116898536682129e+00
-1.688823699951171875e+00
-1.727297663688659668e+00
-1.948679089546203613e+00
-2.282675027847290039e+00
-2.500477313995361328e+00
-3.602139234542846680e+00
-2.892494201660156250e+00
-2.480478048324584961e+00
-3.302617549896240234e+00
-2.276098728179931641e+00
-3.394502162933349609e+00
-2.767251253128051758e+00
-2.275452375411987305e+00
-2.745964288711547852e+00
-2.604088783264160156e+00
-1.554193854331970215e+00
-1.136528015136718750e+00
-2.303383588790893555e+00
-1.717328429222106934e+00
-1.191689133644104004e+00
-1.742615818977355957e+00
-2.120609998703002930e+00
-1.956435561180114746e+00
-1.952127099037170410e+00
-1.941348433494567871e+00
-1.784556508064270020e+00
-1.721933722496032715e+00
-1.452700972557067871e+00
-1.554713368415832520e+00
-1.555056214332580566e+00
-1.342865109443664551e+00
-1.554811835289001465e+00
-1.555651307106018066e+00
-1.555475354194641113e+00
-1.555554986000061035e+00
-1.553924918174743652e+00
-1.557961344718933105e+00
-1.547828555107116699e+00
-1.462181448936462402e+00
-1.428298354148864746e+00
-1.513443827629089355e+00
-1.544535040855407715e+00
-1.591276764869689941e+00
-1.595687866210937500e+00
-1.609546542167663574e+00
-1.523021340370178223e+00
-1.522153019905090332e+00
-1.530696034431457520e+00
-1.556694507598876953e+00
-1.526703357696533203e+00
-1.625128149986267090e+00
-1.561587810516357422e+00
-1.576085448265075684e+00
-1.549574971199035645e+00
-1.540102839469909668e+00
-1.561924934387207031e+00
-1.660134196281433105e+00
-1.630304336547851562e+00
-1.593236446380615234e+00
-1.560912728309631348e+00
-1.561644077301025391e+00
-1.562095761299133301e+00
-1.590696096420288086e+00
-1.493993401527404785e+00
-1.381252050399780273e+00
-1.302222847938537598e+00
-1.274555563926696777e+00
-1.268139004707336426e+00
-1.285856008529663086e+00
-1.353269696235656738e+00
-6.571202278137207031e-01
-1.070420145988464355e+00
-1.072109580039978027e+00
-2.079761505126953125e+00
-2.232107639312744141e+00
-2.306632280349731445e+00
-1.318680405616760254e+00
-9.375398159027099609e-01
-1.186240077018737793e+00
-1.225265860557556152e+00
-1.211977720260620117e+00
-1.646804690361022949e+00
-1.420648694038391113e+00
-9.111863374710083008e-01
-1.271358370780944824e+00
-1.513879776000976562e+00
-1.531643867492675781e+00
-2.170082330703735352e+00
-2.352874517440795898e+00
-2.114919900894165039e+00
-1.411002874374389648e+00
-2.056337118148803711e+00
-2.198687553405761719e+00
-1.620575189590454102e+00
-9.079579114913940430e-01
-1.650012016296386719e+00
-1.646659731864929199e+00
-1.663433313369750977e+00
-9.450178146362304688e-01
-1.102167367935180664e+00
-1.250244975090026855e+00
-1.337393999099731445e+00
-1.518515944480895996e+00
-2.326325178146362305e+00
-4.238801956176757812e+00
-3.533418655395507812e+00
-1.875041127204895020e+00
-8.634606599807739258e-01
-1.420091986656188965e+00
-1.270818233489990234e+00
-1.327406525611877441e+00
-2.011042833328247070e+00
-1.937896609306335449e+00
-1.941449284553527832e+00
-1.941267848014831543e+00
-2.614009618759155273e+00
-1.744881987571716309e+00
-1.215010643005371094e+00
-1.873942017555236816e+00
-1.470671296119689941e+00
-1.307408094406127930e+00
-1.629061698913574219e+00
-1.631324768066406250e+00
-1.630742311477661133e+00
-1.319854140281677246e+00
-1.140895009040832520e+00
-1.628938198089599609e+00
-1.584546923637390137e+00
-1.548333048820495605e+00
-1.624808430671691895e+00
-1.624311208724975586e+00
-1.614809870719909668e+00
-1.669111371040344238e+00
-1.630854487419128418e+00
-1.625275969505310059e+00
-1.624904990196228027e+00
-1.624725699424743652e+00
-1.624746918678283691e+00
-1.624791145324707031e+00
-1.624775171279907227e+00
-1.624708294868469238e+00
-1.624118924140930176e+00
-1.624787688255310059e+00
-1.618301630020141602e+00
-1.987790703773498535e+00
-8.631051778793334961e-01
-8.567929267883300781e-01
-8.830043077468872070e-01
-1.046014666557312012e+00
-1.206842184066772461e+00
-1.545679330825805664e+00
-1.951530337333679199e+00
-2.122522354125976562e+00
-2.968535423278808594e+00
-1.048265337944030762e+00
-9.997018575668334961e-01
-2.083534955978393555e+00
-1.502701640129089355e+00
-1.599835276603698730e+00
-1.594835162162780762e+00
-1.456446766853332520e+00
-1.156733870506286621e+00
-1.103955388069152832e+00
-1.268714308738708496e+00
-1.323888897895812988e+00
-9.002739191055297852e-01
-1.717497944831848145e+00
-1.610724091529846191e+00
-1.169590234756469727e+00
-5.766594409942626953e-01
-5.532759428024291992e-01
-8.169064521789550781e-01
-9.834864139556884766e-01
-1.840635657310485840e+00
-2.143076419830322266e+00
-1.786893486976623535e+00
-2.498526334762573242e+00
-1.718249678611755371e+00
-1.389482021331787109e+00
-1.480332016944885254e-02
-1.666772723197937012e+00
-1.374510884284973145e+00
-1.454298615455627441e+00
-1.080638647079467773e+00
-1.380749821662902832e+00
-1.276087522506713867e+00
-1.220949053764343262e+00
-1.498020172119140625e+00
-1.122192144393920898e+00
-1.841553807258605957e+00
-3.081403970718383789e+00
-1.919515252113342285e+00
-1.535206437110900879e+00
-1.985125422477722168e+00
-2.091094493865966797e+00
-2.101040601730346680e+00
-1.622702479362487793e+00
-1.453125119209289551e+00
-1.236533999443054199e+00
-1.248096585273742676e+00
-1.606143355369567871e+00
-1.196255087852478027e+00
-1.349707722663879395e+00
-1.283495306968688965e+00
-1.327488541603088379e+00
-1.333366036415100098e+00
-1.333907485008239746e+00
-1.308729052543640137e+00
-1.308563232421875000e+00
-1.322367668151855469e+00
-1.286163568496704102e+00
-1.333263158798217773e+00
-1.366032361984252930e+00
-1.296747922897338867e+00
-1.286182045936584473e+00
-1.274452447891235352e+00
-8.210263252258300781e-01
-1.328389763832092285e+00
-2.098755598068237305e+00
-1.524762749671936035e+00
-9.853587150573730469e-01
-4.954734742641448975e-01
-1.590726494789123535e+00
9.784090518951416016e-01
-1.345618247985839844e+00
-1.474372744560241699e+00
-1.769817948341369629e+00
-1.416585326194763184e+00
-1.320028543472290039e+00
-1.067141771316528320e+00
-1.353162169456481934e+00
-1.307390213012695312e+00
-1.310150861740112305e+00
-1.350301742553710938e+00
-1.353149652481079102e+00
-1.297618150711059570e+00
-1.347422122955322266e+00
-1.115808486938476562e+00
-1.056797146797180176e+00
-1.008070111274719238e+00
-5.044002532958984375e-01
-7.665580511093139648e-01
-8.070152997970581055e-01
-6.581695079803466797e-01
-7.999571561813354492e-01
-9.503426551818847656e-01
-7.080909013748168945e-01
-6.567444801330566406e-01
-8.967326879501342773e-01
-1.127339720726013184e+00
-1.309798479080200195e+00
-1.038584113121032715e+00
-7.207447290420532227e-01
-3.813835680484771729e-01
-1.110386133193969727e+00
-1.154440522193908691e+00
-7.814967632293701172e-01
-1.101240217685699463e-01
8.767445087432861328e-01
-2.552047967910766602e+00
-2.581132173538208008e+00
-3.537300229072570801e-02
1.710132718086242676e+00
2.240610837936401367e+00
1.728042960166931152e+00
1.185759186744689941e+00
9.086599946022033691e-02
1.108655631542205811e-01
8.524329662322998047e-01
-2.572459280490875244e-01
-1.175878524780273438e+00
2.410532534122467041e-01
-8.183375000953674316e-02
-3.901247084140777588e-01
2.428942620754241943e-01
1.560690283775329590e+00
7.641485333442687988e-02
2.704279124736785889e-01
-3.382024168968200684e-02
-1.702812314033508301e-02
-6.154966354370117188e-01
2.032177150249481201e-01
2.442419826984405518e-01
2.467495501041412354e-01
1.940129697322845459e-01
1.613879501819610596e-01
-1.301514804363250732e-01
-1.073231995105743408e-01
-1.036755740642547607e-01
-1.055104732513427734e-01
-1.000090539455413818e-01
1.077581942081451416e-01
-9.027272462844848633e-02
6.363204121589660645e-02
4.848792254924774170e-01
1.781965792179107666e-01
3.091363608837127686e-01
-1.276210844516754150e-01
-1.051779091358184814e-01
-1.049741208553314209e-01
-9.738674759864807129e-02
4.979587495326995850e-01
-1.163531541824340820e-01
3.064882457256317139e-01
3.045758903026580811e-01
2.450789511203765869e-01
-1.376946866512298584e-01
4.726269841194152832e-02
-2.533757686614990234e-02
1.035773456096649170e-01
3.109695017337799072e-01
2.849313318729400635e-01
3.127400577068328857e-01
-3.877913653850555420e-01
-1.644605398178100586e-01
3.222414851188659668e-02
-1.174114644527435303e-01
3.110531866550445557e-01
1.056803464889526367e-01
2.697849571704864502e-01
-4.203501343727111816e-02
-9.965887665748596191e-02
2.429420650005340576e-01
2.576240003108978271e-01
2.554551064968109131e-01
2.550216615200042725e-01
2.739916741847991943e-01
3.588854372501373291e-01
-6.080194711685180664e-01
-6.724363565444946289e-01
-1.199932932853698730e+00
-1.138997673988342285e+00
-8.092722892761230469e-01
-2.904202044010162354e-01
-1.252745389938354492e+00
-4.513523876667022705e-01
-6.096073389053344727e-01
6.531724929809570312e-01
1.368305563926696777e+00
1.334577441215515137e+00
1.332944989204406738e+00
1.348572492599487305e+00
1.276728153228759766e+00
1.213796019554138184e+00
1.202246427536010742e+00
1.199417591094970703e+00
1.187838554382324219e+00
5.915387868881225586e-01
7.210275530815124512e-02
-1.111507415771484375e-03
-1.826703548431396484e-02
-1.980838179588317871e-02
-5.633914470672607422e-02
7.975325584411621094e-01
1.042314767837524414e-01
-7.922723889350891113e-02
-8.319926261901855469e-02
-8.230608701705932617e-02
-3.688985109329223633e-02
-1.615312695503234863e-02
-9.056961536407470703e-02
-5.542346835136413574e-02
-1.218380928039550781e-01
-1.139221489429473877e-01
-7.012948393821716309e-02
-1.193362474441528320e-02
4.476541280746459961e-02
-3.994760811328887939e-01
3.745824098587036133e-03
-1.090837597846984863e+00
-6.034280061721801758e-01
-3.620238602161407471e-01
-2.971809804439544678e-01
-1.051029264926910400e-01
-1.308537423610687256e-01
-1.795103847980499268e-01
-2.206186354160308838e-01
-2.292814850807189941e-02
-1.514441072940826416e-01
-2.448965609073638916e-01
-4.076860845088958740e-01
-3.813055455684661865e-01
-1.930853426456451416e-01
-3.790761530399322510e-01
-1.257016956806182861e-01
-3.632647693157196045e-01
-3.630898892879486084e-01
-1.928044259548187256e-01
-7.338234782218933105e-02
-8.563873171806335449e-02
-3.779400289058685303e-01
-8.623924851417541504e-02
4.385745227336883545e-01
-1.836467683315277100e-01
-7.905536890029907227e-01
-5.079677104949951172e-01
-3.105814754962921143e-01
-3.258340060710906982e-01
9.274056553840637207e-02
-2.681147754192352295e-01
1.763358414173126221e-01
2.496024072170257568e-01
2.020532190799713135e-01
2.294084131717681885e-01
-1.125390231609344482e-01
2.761860787868499756e-01
1.510698497295379639e-01
1.111450791358947754e-02
1.755282282829284668e-01
-1.299602389335632324e-01
2.547163665294647217e-01
-3.666684031486511230e-02
3.079811632633209229e-01
2.432337403297424316e-02
2.852517664432525635e-01
3.003047406673431396e-01
2.488740980625152588e-01
-1.019838750362396240e-01
-1.004905998706817627e-01
-4.696530103683471680e-02
-4.910403490066528320e-02
1.437368690967559814e-01
-1.436108052730560303e-01
2.366265356540679932e-01
3.084331452846527100e-01
2.836540639400482178e-01
2.112767398357391357e-01
1.033539474010467529e-01
1.200339496135711670e-01
1.932156980037689209e-01
1.459303796291351318e-01
2.941738665103912354e-01
-1.071581244468688965e-01
-1.057612895965576172e-01
-1.390275359153747559e-02
-1.053480505943298340e-01
2.500357925891876221e-01
2.287353575229644775e-01
-7.482787370681762695e-01
-1.140142679214477539e+00
-1.570952534675598145e+00
-1.153429865837097168e+00
2.236256003379821777e-02
9.865957498550415039e-01
-2.684110701084136963e-01
2.439135015010833740e-01
8.244785070419311523e-01
8.116661310195922852e-01
-7.581689953804016113e-02
-3.750698864459991455e-01
-1.585917472839355469e-01
-5.752184987068176270e-02
-1.079838573932647705e-01
6.058431863784790039e-01
8.850320577621459961e-01
7.119115591049194336e-01
5.974980592727661133e-01
5.389664769172668457e-01
-3.627170622348785400e-01
-1.757363677024841309e-01
-5.060896277427673340e-02
-3.234902024269104004e-02
-2.887848019599914551e-02
-1.062051653861999512e-01
-1.005198657512664795e-01
1.783054471015930176e-01
1.778666675090789795e-01
3.652688562870025635e-01
6.300739049911499023e-01
4.043783247470855713e-01
3.777303397655487061e-01
-1.695156097412109375e-01
-7.544165849685668945e-02
-6.662088632583618164e-01
-9.627151489257812500e-01
-5.377340316772460938e-01
1.012011468410491943e-01
2.779611945152282715e-02
2.211216092109680176e-01
3.650720417499542236e-01
2.329232394695281982e-01
2.393558919429779053e-01
2.967344522476196289e-01
2.387450635433197021e-01
1.374699175357818604e-01
3.985559940338134766e-02
-7.825300097465515137e-02
-1.201507449150085449e-01
-1.021918654441833496e-02
-2.821864187717437744e-01
-2.285236358642578125e+00
-1.736743569374084473e+00
-2.028211116790771484e+00
-9.626494646072387695e-01
-1.163011491298675537e-01
2.912262082099914551e-02
-4.943616092205047607e-01
-2.168574631214141846e-01
1.412663757801055908e-01
5.173268914222717285e-02
-2.145689725875854492e-02
-1.446212530136108398e-01
-1.695761680603027344e-01
-6.020079851150512695e-01
-1.058036983013153076e-01
-2.193602621555328369e-01
-4.876064360141754150e-01
-3.508695662021636963e-01
-1.911056041717529297e-02
-9.242072701454162598e-02
-3.698641061782836914e-02
6.160753965377807617e-02
-1.020750105381011963e-01
-7.159084081649780273e-02
-5.960762500762939453e-02
2.679779827594757080e-01
-1.116740345954895020e+00
2.118350565433502197e-01
-1.721412241458892822e-01
3.449537456035614014e-01
9.330600500106811523e-01
5.857968330383300781e-01
-6.455972790718078613e-02
-1.106265485286712646e-01
-7.993659377098083496e-02
9.257882833480834961e-03
1.709242761135101318e-01
4.830992519855499268e-01
-2.934289276599884033e-01
-8.109241724014282227e-03
-4.510283470153808594e-03
-3.095984458923339844e-03
-1.061248183250427246e-01
-3.313523530960083008e-02
-1.285836100578308105e-02
-1.072621345520019531e-01
6.320220232009887695e-02
-7.548149824142456055e-01
-5.874754190444946289e-01
1.750844836235046387e+00
4.442352950572967529e-01
-9.998973608016967773e-01
-1.185794591903686523e+00
-6.565865278244018555e-01
-1.056146323680877686e-01
-1.309654474258422852e+00
-1.031566023826599121e+00
-4.469374120235443115e-01
-6.450769901275634766e-01
4.780203104019165039e-03
-8.020100593566894531e-01
-1.373591303825378418e+00
-2.734544575214385986e-01
-6.263452768325805664e-01
-5.274590849876403809e-02
-2.690459787845611572e-01
-7.117985486984252930e-01
5.463141202926635742e-01
8.363069295883178711e-01
-8.368661403656005859e-01
-9.545961618423461914e-01
-7.609527111053466797e-01
-3.979685604572296143e-01
-5.348989963531494141e-01
-4.570229351520538330e-01
-5.944277048110961914e-01
-2.638952434062957764e-01
-2.337239086627960205e-01
-6.178122758865356445e-01
-5.078163146972656250e-01
-9.969781637191772461e-01
3.276934325695037842e-01
-5.596925020217895508e-01
-9.070782661437988281e-01
-6.380919218063354492e-01
-6.265141963958740234e-01
-2.885664999485015869e-01
-1.352897882461547852e-01
8.791837096214294434e-02
1.541584432125091553e-01
-2.796803414821624756e-01
-5.474675893783569336e-01
-2.421292066574096680e+00
-1.814492344856262207e+00
-1.747254431247711182e-01
-2.806857228279113770e-02
1.587204039096832275e-01
-1.005314886569976807e-01
-4.014992713928222656e-02
3.306606411933898926e-02
-2.040417492389678955e-01
3.387089073657989502e-01
1.272936165332794189e-01
-7.568985223770141602e-03
1.654162704944610596e-01
-3.070800602436065674e-01
-4.003595411777496338e-01
-2.860128581523895264e-01
-3.641130030155181885e-01
-8.162617683410644531e-03
-7.987543940544128418e-02
-6.656423211097717285e-02
-8.301338553428649902e-02
1.091976463794708252e-01
-1.146645843982696533e-01
-1.500087976455688477e-01
-1.496451795101165771e-01
1.344366371631622314e-01
3.600124120712280273e-01
3.870008885860443115e-01
3.707464635372161865e-01
3.903111517429351807e-01
2.631484568119049072e-01
-5.953651666641235352e-02
-1.438724994659423828e-02
6.866228580474853516e-02
-5.012655258178710938e-02
-5.014233589172363281e-01
-2.624913156032562256e-01
-4.316307604312896729e-01
-1.915992796421051025e-01
-1.210276484489440918e-01
-1.354506015777587891e-01
-1.143226027488708496e-01
-1.274669170379638672e-02
-8.534282445907592773e-03
1.715115606784820557e-01
-1.063600182533264160e-01
-1.063060164451599121e-01
-1.240059733390808105e-01
-1.241296529769897461e-01
-1.111954450607299805e-02
-2.900110185146331787e-01
-3.523999452590942383e-02
9.187906980514526367e-03
-3.051622211933135986e-01
-1.761803925037384033e-01
-1.817544579505920410e+00
-4.176735579967498779e-01
1.527965068817138672e-04
1.683598458766937256e-01
-1.309509575366973877e-01
-1.083101332187652588e-01
-1.319362223148345947e-01
-3.973793685436248779e-01
-9.477049112319946289e-03
6.113454699516296387e-02
2.123340070247650146e-01
1.151124477386474609e+00
8.328454494476318359e-01
5.472404956817626953e-01
1.660292744636535645e+00
2.433690786361694336e+00
3.951955556869506836e+00
1.818501234054565430e+00
7.769919633865356445e-01
4.965877532958984375e-01
2.318540811538696289e+00
1.090299725532531738e+00
1.106693029403686523e+00
-6.444026231765747070e-01
1.378147363662719727e+00
4.535407721996307373e-01
-1.910426914691925049e-01
5.111160278320312500e-01
1.481065452098846436e-01
-8.567246198654174805e-01
-2.377128899097442627e-01
-1.085120201110839844e+00
3.345163762569427490e-01
-8.081897497177124023e-01
-6.627261638641357422e-01
1.374543607234954834e-01
-1.530560493469238281e+00
-1.284425497055053711e+00
-2.811506092548370361e-01
-9.182599186897277832e-02
7.174798846244812012e-02
1.137314915657043457e+00
1.096291661262512207e+00
9.786965847015380859e-01
1.827465415000915527e+00
5.660158395767211914e-01
7.146303057670593262e-01
3.901643455028533936e-01
4.461347460746765137e-01
3.018655478954315186e-01
1.927465498447418213e-01
3.462056815624237061e-01
7.175898551940917969e-02
1.923654973506927490e-01
2.507274746894836426e-01
1.441431164741516113e+00
9.018205404281616211e-01
7.285529375076293945e-01
6.262392997741699219e-01
1.200010061264038086e+00
2.785478532314300537e-01
7.204152941703796387e-01
4.776516556739807129e-02
-5.549167394638061523e-01
-3.578654825687408447e-01
-1.631447374820709229e-01
-1.502372920513153076e-01
-1.631540060043334961e-01
-1.207209527492523193e-01
-4.509960711002349854e-01
-4.537926018238067627e-01
-4.960118234157562256e-01
1.501822173595428467e-01
-9.418246150016784668e-02
-1.175097525119781494e-01
5.578249692916870117e-03
-9.780040383338928223e-02
-2.396126091480255127e-01
5.465587377548217773e-01
1.831723093986511230e+00
5.945087671279907227e-01
1.285747289657592773e+00
1.169444680213928223e+00
-5.179382562637329102e-01
-4.386866986751556396e-01
-4.049085080623626709e-01
-6.613321304321289062e-01
-1.197513699531555176e+00
-1.385223865509033203e+00
-1.564110875129699707e+00
-1.445550799369812012e+00
4.970401525497436523e-03
-2.431366741657257080e-01
