1.959065198898315430e-01
8.132483959197998047e-01
8.832890987396240234e-01
6.951556205749511719e-01
-2.076678276062011719e-01
2.905587255954742432e-01
5.999523401260375977e-01
7.970243692398071289e-02
-4.388036727905273438e-01
-9.821088612079620361e-02
1.828230917453765869e-02
2.287498116493225098e-02
6.606021523475646973e-02
1.042772829532623291e-01
1.289541870355606079e-01
1.328903734683990479e-01
1.485353410243988037e-01
1.727171540260314941e-01
2.030977904796600342e-01
2.432471960783004761e-01
2.979014217853546143e-01
3.722975850105285645e-01
4.716297686100006104e-01
5.910429954528808594e-01
7.065585851669311523e-01
7.948402166366577148e-01
8.525699377059936523e-01
8.908752202987670898e-01
9.134728908538818359e-01
9.209804534912109375e-01
9.042050838470458984e-01
8.253748416900634766e-01
6.901416778564453125e-01
6.015708446502685547e-01
5.729777812957763672e-01
5.049226880073547363e-01
3.944736421108245850e-01
3.073946535587310791e-01
5.264909267425537109e-01
4.339221417903900146e-01
3.499718308448791504e-01
3.305341899394989014e-01
3.069697022438049316e-01
3.782721459865570068e-01
3.450036346912384033e-01
2.398177683353424072e-01
2.185379117727279663e-01
3.707666099071502686e-01
5.126377344131469727e-01
3.876383602619171143e-01
1.563478410243988037e-01
4.548125267028808594e-01
6.294218301773071289e-01
7.295179367065429688e-01
7.514259815216064453e-01
7.718404531478881836e-01
3.571564257144927979e-01
1.346394717693328857e-01
6.568685173988342285e-02
-1.286956667900085449e-02
-5.213078856468200684e-02
-6.051173806190490723e-02
9.160903096199035645e-02
5.904356241226196289e-01
6.589523553848266602e-01
6.521037817001342773e-01
5.903034210205078125e-01
6.027809381484985352e-01
1.188452318310737610e-01
-8.270522952079772949e-02
2.905980646610260010e-01
7.681843638420104980e-02
7.556805014610290527e-02
7.634906768798828125e-01
5.923607349395751953e-01
7.502373456954956055e-01
3.635346591472625732e-01
7.353318929672241211e-01
5.622040033340454102e-01
4.890734255313873291e-01
4.510705173015594482e-01
4.449710547924041748e-01
4.394789040088653564e-01
3.060970306396484375e-01
2.104976326227188110e-01
1.018799841403961182e-01
6.828606128692626953e-03
-3.873917460441589355e-02
-2.324422597885131836e-01
-1.343028247356414795e-01
8.302956819534301758e-03
-2.545602321624755859e-01
-3.678610026836395264e-01
-4.230841994285583496e-01
-4.524979293346405029e-01
-4.549244642257690430e-01
-1.131206452846527100e-01
1.384881854057312012e+00
1.020531773567199707e+00
1.136172771453857422e+00
3.095929324626922607e-01
-4.754267632961273193e-02
6.440491676330566406e-01
7.604975700378417969e-01
6.239875555038452148e-01
-5.591211318969726562e-01
-1.276181101799011230e+00
-1.398019552230834961e+00
-1.203915834426879883e+00
9.464140236377716064e-02
6.999492645263671875e-01
4.854553639888763428e-01
2.249816805124282837e-01
1.443850696086883545e-01
4.213738739490509033e-01
3.773448169231414795e-01
4.031199514865875244e-01
6.047257781028747559e-02
1.120797693729400635e-01
1.449654996395111084e-01
1.605831682682037354e-01
2.081302702426910400e-01
8.296866416931152344e-01
3.181925117969512939e-01
1.021535843610763550e-01
-8.581423759460449219e-02
-5.288532376289367676e-02
-2.970740199089050293e-03
-1.062972843647003174e-02
-2.335417270660400391e-02
-1.878786087036132812e-02
-3.146968483924865723e-01
1.495155096054077148e-01
-8.919641375541687012e-02
-2.808151543140411377e-01
-3.192958533763885498e-01
-3.168191611766815186e-01
-3.091045022010803223e-01
-3.010919690132141113e-01
-3.817039430141448975e-01
-5.852267742156982422e-01
-2.586190104484558105e-01
-2.545613944530487061e-01
-2.749787867069244385e-01
-2.791416943073272705e-01
-2.701621353626251221e-01
-2.717252373695373535e-01
-2.807195186614990234e-01
-2.918591499328613281e-01
-3.019506633281707764e-01
-3.969963490962982178e-01
-4.101529121398925781e-01
-3.325407505035400391e-01
-3.144154548645019531e-01
-2.910308539867401123e-01
-3.758706152439117432e-01
-2.445825040340423584e-01
5.775585770606994629e-02
1.434292495250701904e-01
1.211965978145599365e-01
3.116309642791748047e-01
3.615266978740692139e-01
7.287533283233642578e-01
2.648413181304931641e-02
1.299297809600830078e-02
3.409261405467987061e-01
1.493891179561614990e-01
-4.487773776054382324e-02
3.410666584968566895e-01
2.822220027446746826e-01
-8.545598387718200684e-02
9.586453437805175781e-01
1.233996748924255371e+00
7.203722000122070312e-01
5.680278539657592773e-01
5.928267240524291992e-01
4.785004556179046631e-01
9.666351079940795898e-01
9.972333908081054688e-01
9.612492322921752930e-01
1.664868712425231934e+00
1.363660395145416260e-01
-6.056141853332519531e-01
-4.077608287334442139e-01
-6.946272850036621094e-01
8.110523223876953125e-01
3.262644708156585693e-01
-9.648874998092651367e-01
-3.435448110103607178e-01
-4.050827026367187500e-02
1.463139951229095459e-01
3.097025156021118164e-01
3.905535936355590820e-01
4.169360101222991943e-01
9.132643938064575195e-01
8.487640619277954102e-01
1.161483764648437500e+00
1.035237908363342285e+00
1.003139615058898926e+00
1.217435002326965332e+00
1.018357276916503906e+00
1.375894308090209961e+00
1.354160070419311523e+00
1.556803882122039795e-01
9.443455934524536133e-01
5.470836162567138672e-01
3.287137448787689209e-01
3.125124871730804443e-01
4.478701055049896240e-01
1.242614388465881348e+00
8.385109901428222656e-01
7.801749706268310547e-01
6.892814636230468750e-01
5.936957597732543945e-01
5.241948366165161133e-01
4.657188355922698975e-01
4.148762524127960205e-01
2.796547710895538330e-01
1.242532432079315186e-01
4.980413615703582764e-01
8.174157142639160156e-01
3.382450044155120850e-01
1.566889584064483643e-01
2.426232397556304932e-01
-6.476980447769165039e-01
-1.363109707832336426e+00
-1.097258210182189941e+00
-7.429535388946533203e-01
3.546369373798370361e-01
-5.106307268142700195e-01
-1.142778038978576660e+00
-8.145902156829833984e-01
-8.268795013427734375e-01
-8.004388809204101562e-01
-7.582787275314331055e-01
-7.430942058563232422e-01
-6.794914007186889648e-01
-5.035802125930786133e-01
6.381747126579284668e-02
6.898374557495117188e-01
1.476615965366363525e-01
3.156014978885650635e-01
3.420329391956329346e-01
4.094371199607849121e-01
7.849681377410888672e-02
5.373167991638183594e-01
4.867108166217803955e-01
5.412474274635314941e-02
2.964973151683807373e-01
4.515410661697387695e-01
4.297347366809844971e-01
3.620821833610534668e-01
1.293801367282867432e-01
1.349515914916992188e-01
-5.602407455444335938e-01
1.926870942115783691e-01
3.563192486763000488e-01
3.363906443119049072e-01
3.180660009384155273e-01
9.147238731384277344e-02
1.039792597293853760e-01
3.795809149742126465e-01
5.833626985549926758e-01
6.858384609222412109e-01
5.973628759384155273e-01
-1.629007756710052490e-01
4.074431955814361572e-01
-5.390543937683105469e-01
-8.951057195663452148e-01
1.695481836795806885e-01
2.550292909145355225e-01
2.369794696569442749e-01
-4.057758748531341553e-01
-7.783630490303039551e-02
-5.889341235160827637e-02
-7.132872939109802246e-02
-7.348677515983581543e-02
-1.918424069881439209e-01
-2.916809022426605225e-01
-3.815552890300750732e-01
-5.246427059173583984e-01
1.684233546257019043e-02
1.275736093521118164e-01
4.575750529766082764e-01
4.915393590927124023e-01
3.100878298282623291e-01
3.810358345508575439e-01
3.651009798049926758e-01
3.709155619144439697e-01
3.689350187778472900e-01
4.033502638339996338e-01
4.297721683979034424e-01
3.710969388484954834e-01
3.395028412342071533e-01
2.536843419075012207e-01
3.806066215038299561e-01
2.181003689765930176e-01
4.822079837322235107e-01
-1.215183734893798828e-02
3.784069716930389404e-01
1.635106205940246582e-01
1.066632866859436035e-01
1.698796004056930542e-01
2.743369638919830322e-01
2.440728694200515747e-01
2.001853585243225098e-01
2.295135408639907837e-01
-8.654050529003143311e-03
2.521051168441772461e-01
3.138445019721984863e-01
3.195390701293945312e-01
3.877291679382324219e-01
6.365029811859130859e-01
3.896721303462982178e-01
3.938901722431182861e-01
4.385991990566253662e-01
4.606912434101104736e-01
3.842857778072357178e-01
6.861759424209594727e-01
5.425779819488525391e-01
5.854218006134033203e-01
6.018927097320556641e-01
5.975122451782226562e-01
5.859539508819580078e-01
5.706382989883422852e-01
5.612490177154541016e-01
2.825058996677398682e-01
5.885471105575561523e-01
4.279129803180694580e-01
9.799803495407104492e-01
6.504951715469360352e-01
7.104096412658691406e-01
5.269627571105957031e-01
7.194670438766479492e-01
7.059314250946044922e-01
6.622742414474487305e-01
6.301486492156982422e-01
5.460172891616821289e-01
4.080252051353454590e-01
5.556256771087646484e-01
5.212942361831665039e-01
5.289201736450195312e-01
5.925002098083496094e-01
4.940735995769500732e-01
-4.733403623104095459e-01
2.142543196678161621e-01
-4.962805807590484619e-01
-1.590083241462707520e-01
5.344798564910888672e-01
-2.336742877960205078e-01
-5.360828638076782227e-01
-5.100817680358886719e-01
-3.211658895015716553e-01
-4.367218017578125000e-01
-4.508065879344940186e-01
-2.709791362285614014e-01
-1.245942711830139160e-02
1.652494966983795166e-01
2.703401446342468262e-01
-4.156016409397125244e-01
-7.894898653030395508e-01
-8.288904428482055664e-01
-1.275276541709899902e-01
-2.998727560043334961e-01
-3.940143883228302002e-01
-3.954699337482452393e-01
-3.825777173042297363e-01
-3.921514451503753662e-01
-4.280816614627838135e-01
-3.928853571414947510e-01
-1.911688446998596191e-01
-2.155924886465072632e-01
-2.237444072961807251e-01
-2.253151834011077881e-01
-2.051110714673995972e-01
-3.081211149692535400e-01
-1.798260360956192017e-01
-2.232807576656341553e-01
-8.271736651659011841e-02
1.560761928558349609e-01
5.699993669986724854e-02
-1.397364735603332520e-01
-7.127912342548370361e-02
-2.520620822906494141e-01
1.503613293170928955e-01
-1.708681881427764893e-02
-5.014082044363021851e-02
9.962234646081924438e-02
-1.912650167942047119e-01
3.352437913417816162e-01
2.360226958990097046e-01
1.061804741621017456e-01
1.056443303823471069e-01
2.434452176094055176e-01
2.290644645690917969e-01
1.934133172035217285e-01
8.633525669574737549e-02
-1.947019994258880615e-02
-8.219346404075622559e-02
-1.327226459980010986e-01
-1.933396011590957642e-01
-1.578333675861358643e-01
-1.595745086669921875e-01
-1.639624685049057007e-01
-1.845065802335739136e-01
3.331470489501953125e-02
-4.436230361461639404e-01
-6.179854273796081543e-02
-7.447818517684936523e-01
-5.091836452484130859e-01
-4.741878807544708252e-01
-3.804637491703033447e-01
-3.427606225013732910e-01
-3.185359835624694824e-01
-3.040226399898529053e-01
-2.942670285701751709e-01
-2.870768010616302490e-01
-2.815631628036499023e-01
-2.776721119880676270e-01
-2.758092582225799561e-01
-2.745417356491088867e-01
-2.729945182800292969e-01
-2.741832733154296875e-01
-3.025290071964263916e-01
-2.631418704986572266e-01
-4.310512244701385498e-01
-5.614147186279296875e-01
-4.118625223636627197e-01
-1.090806275606155396e-01
-6.277336180210113525e-02
2.713499069213867188e-01
3.923219740390777588e-01
1.920126676559448242e-01
1.337391138076782227e-02
-3.581008017063140869e-01
-4.625511169433593750e-02
-6.403390169143676758e-01
-2.642214298248291016e-01
-7.919870615005493164e-01
-2.116176187992095947e-01
-5.403329133987426758e-01
-6.874518394470214844e-01
-4.744433760643005371e-01
7.617298364639282227e-01
3.130882680416107178e-01
2.112377583980560303e-01
3.764236569404602051e-01
3.717608451843261719e-01
4.050525724887847900e-01
-6.546953320503234863e-02
2.284975349903106689e-01
-6.199735403060913086e-01
2.774479985237121582e-02
7.596257925033569336e-01
2.589175701141357422e-01
-8.028595447540283203e-01
-1.381119638681411743e-01
-3.663341701030731201e-01
-2.521962523460388184e-01
1.080854237079620361e-01
6.004007905721664429e-02
-1.715399473905563354e-01
2.465760335326194763e-02
4.968427121639251709e-02
5.800139531493186951e-02
-1.945459395647048950e-01
7.653248310089111328e-02
8.005172014236450195e-03
9.441735744476318359e-01
6.640678644180297852e-01
5.626506805419921875e-01
2.287810593843460083e-01
2.108512520790100098e-01
1.229467988014221191e-01
6.176522374153137207e-02
4.260663688182830811e-01
5.879992246627807617e-01
6.604260206222534180e-01
-1.946851909160614014e-01
-3.288960456848144531e-02
4.860321581363677979e-01
5.294263362884521484e-01
5.916365385055541992e-01
-5.446083545684814453e-01
-5.512955188751220703e-01
-6.782497167587280273e-01
-5.361411571502685547e-01
-3.928934037685394287e-01
-3.216443359851837158e-01
-3.097564876079559326e-01
-3.203686177730560303e-01
-3.092428147792816162e-01
-3.016046881675720215e-01
-3.800121843814849854e-01
-4.843692481517791748e-01
-6.132677793502807617e-01
-4.011870622634887695e-01
-7.730818986892700195e-01
-5.204129219055175781e-01
7.885962724685668945e-03
1.145273089408874512e+00
4.181967675685882568e-01
5.891133546829223633e-01
9.142810106277465820e-01
8.460316658020019531e-01
9.237589836120605469e-01
1.167822778224945068e-01
1.266694068908691406e+00
4.310300052165985107e-01
1.970499753952026367e-03
-4.515110552310943604e-01
-8.414970636367797852e-01
1.413722336292266846e-01
-8.343604207038879395e-02
-2.251054346561431885e-01
4.222468733787536621e-01
7.947162389755249023e-01
5.283488035202026367e-01
1.402933597564697266e-01
-4.927407801151275635e-01
-4.811765253543853760e-01
-4.931040108203887939e-01
-2.211071699857711792e-01
-4.488244354724884033e-01
-4.262560904026031494e-01
-4.180753827095031738e-01
-3.858715593814849854e-01
-3.280584514141082764e-01
-2.906841039657592773e-01
-2.110078632831573486e-01
-1.951850950717926025e-02
-1.811869740486145020e-01
3.621091842651367188e-01
4.857913255691528320e-01
8.378700911998748779e-02
-1.622799038887023926e-02
-4.290685057640075684e-02
-3.644257783889770508e-02
8.046023547649383545e-02
1.848023384809494019e-01
2.836737930774688721e-01
3.408426344394683838e-01
3.986117541790008545e-01
3.785285055637359619e-01
2.330160737037658691e-01
3.906732797622680664e-02
-9.282919764518737793e-02
-1.795368790626525879e-01
-2.383122146129608154e-01
-2.005257606506347656e-01
3.905436396598815918e-02
7.213744521141052246e-02
-1.024169206619262695e+00
-1.128697633743286133e+00
-1.011747479438781738e+00
-1.263821244239807129e+00
-1.258083939552307129e+00
-2.277407050132751465e-02
8.187653124332427979e-02
2.371678948402404785e-01
-5.903271436691284180e-01
-1.484033346176147461e+00
-1.566070795059204102e+00
-1.491512358188629150e-01
-1.190618127584457397e-01
1.642511785030364990e-02
9.242892265319824219e-04
-2.437740564346313477e-01
-6.645250320434570312e-02
3.071590662002563477e-01
-1.098614215850830078e+00
-8.978596925735473633e-01
-1.321795821189880371e+00
-6.322978734970092773e-01
-7.163592576980590820e-01
-9.423555135726928711e-01
-3.626292347908020020e-01
-1.000172495841979980e+00
-1.575519442558288574e+00
-1.962720394134521484e+00
-2.020431756973266602e+00
-1.979121208190917969e+00
-3.398017287254333496e-01
-6.913154125213623047e-01
-2.860189378261566162e-01
-8.434054255485534668e-02
-3.208204209804534912e-01
-1.956747293472290039e+00
6.756473779678344727e-01
-1.149364709854125977e+00
-1.635383009910583496e+00
-2.991393506526947021e-01
-3.254604041576385498e-01
-2.944311797618865967e-01
-3.684281706809997559e-01
2.002809494733810425e-01
2.709861695766448975e-01
9.541437029838562012e-03
2.263984382152557373e-01
3.958736360073089600e-02
-2.491573989391326904e-01
-5.363979339599609375e-01
-8.964335918426513672e-02
-1.486787796020507812e-01
-6.295500993728637695e-01
-1.118349730968475342e-01
-3.413726389408111572e-01
-3.491638302803039551e-01
-3.548382520675659180e-01
-3.238245844841003418e-01
-3.477782309055328369e-01
-8.844782412052154541e-02
-2.040281891822814941e-01
-2.062344849109649658e-01
-2.720715701580047607e-01
-4.518974721431732178e-01
-8.631002902984619141e-02
-1.389051973819732666e-01
-1.440811157226562500e-01
-1.454958915710449219e-01
-2.735010087490081787e-01
-9.766288101673126221e-03
-2.936497330665588379e-02
-1.032502502202987671e-01
-1.980248987674713135e-01
-4.237899482250213623e-01
-1.389615982770919800e-01
-1.607293784618377686e-01
-1.593797206878662109e-01
-1.634118556976318359e-01
-1.656020134687423706e-01
-1.932085454463958740e-01
-9.515601396560668945e-02
-7.735203206539154053e-02
-1.920228600502014160e-01
-1.980388164520263672e-01
-1.385152339935302734e-01
-1.182453334331512451e-01
-3.877866864204406738e-01
-2.230300605297088623e-01
-1.843359470367431641e-01
-1.620894074440002441e-01
-1.519030630588531494e-01
-1.559983789920806885e-01
-1.462748646736145020e-01
-2.071581780910491943e-01
-2.192749679088592529e-01
-2.897501885890960693e-01
-2.106183022260665894e-01
-3.013450801372528076e-01
-3.183268010616302490e-01
-1.511607468128204346e-01
-4.569892287254333496e-01
-1.452794522047042847e-01
6.910881996154785156e-01
8.583410978317260742e-01
4.131361842155456543e-01
-1.301588863134384155e-01
1.702801436185836792e-01
6.576003134250640869e-02
-1.037772223353385925e-01
-1.913723498582839966e-01
-2.650825083255767822e-01
-5.015654563903808594e-01
-6.039698123931884766e-01
-4.444548785686492920e-01
-1.385156661272048950e-01
-1.816129684448242188e-01
6.527403593063354492e-01
-2.029542028903961182e-01
-6.125577688217163086e-01
-4.197179973125457764e-01
7.882264256477355957e-02
1.779085993766784668e-01
-1.800292730331420898e-02
-1.299194991588592529e-01
4.242983460426330566e-02
1.716847717761993408e-01
1.204617023468017578e-01
1.275463104248046875e-01
1.696184575557708740e-01
8.329123258590698242e-02
5.292296409606933594e-03
-1.956604719161987305e-01
-3.746065795421600342e-01
-5.076047182083129883e-01
-6.388455629348754883e-01
-8.291537761688232422e-01
-1.882360577583312988e+00
-1.959809899330139160e+00
-2.099070072174072266e+00
-7.085441350936889648e-01
-8.234508037567138672e-01
-8.300294876098632812e-01
-1.906961321830749512e+00
-2.229402303695678711e+00
-1.179863810539245605e+00
-1.106664061546325684e+00
-1.218175053596496582e+00
-1.089208126068115234e+00
-1.104328036308288574e+00
-8.070690631866455078e-01
-8.317960500717163086e-01
-1.728505641222000122e-01
7.398247718811035156e-01
4.573019444942474365e-01
4.625836014747619629e-02
7.351422309875488281e-01
1.482265889644622803e-01
-3.724797368049621582e-01
-3.768739104270935059e-01
-1.132687807083129883e+00
-5.818362236022949219e-01
4.342272877693176270e-01
2.828641235828399658e-02
1.020423769950866699e-01
2.963156998157501221e-01
1.270956873893737793e+00
4.101280868053436279e-01
1.815301775932312012e-01
2.763572335243225098e-02
7.307356595993041992e-02
-1.187513768672943115e-02
1.071079075336456299e-02
-1.471514403820037842e-01
-4.580061435699462891e-01
-2.247037589550018311e-01
-1.735577136278152466e-01
-4.932126402854919434e-02
6.103870272636413574e-02
9.950855374336242676e-02
1.840668320655822754e-01
-4.009154438972473145e-02
-1.346897780895233154e-01
-1.394836604595184326e-01
-1.036535799503326416e-01
-1.087178111076354980e+00
3.316363692283630371e-02
6.417167186737060547e-02
-4.759648144245147705e-01
-9.992141723632812500e-01
1.070283770561218262e+00
-5.087702274322509766e-01
-3.346961140632629395e-01
7.128791809082031250e-01
1.031913876533508301e+00
8.696120977401733398e-02
-7.891097664833068848e-02
-2.442957460880279541e-01
-6.309974193572998047e-01
-1.752483546733856201e-01
5.907377600669860840e-02
-1.654148101806640625e-02
-3.814298808574676514e-01
3.785535991191864014e-01
2.661409378051757812e-01
1.283614933490753174e-01
2.297398149967193604e-01
1.761132776737213135e-01
2.411787956953048706e-01
-3.556289374828338623e-01
-3.379162549972534180e-01
1.865345537662506104e-01
6.285555362701416016e-01
5.828242301940917969e-01
6.903336048126220703e-01
6.849133968353271484e-01
3.302143514156341553e-01
7.387695312500000000e-01
6.382272243499755859e-01
7.195701599121093750e-01
2.914039790630340576e-01
5.355364084243774414e-01
1.783094406127929688e-01
-2.126033604145050049e-02
-9.076312184333801270e-02
-1.036056578159332275e-01
2.773421704769134521e-01
1.785822957754135132e-01
-4.139739274978637695e-02
-2.945788204669952393e-02
-2.191509306430816650e-02
-1.664254069328308105e-02
-1.985071599483489990e-02
-1.171153783798217773e-02
-1.399716734886169434e-02
1.856929212808609009e-01
2.187667191028594971e-01
1.526180505752563477e-01
3.872014284133911133e-01
1.581409573554992676e-01
5.383459329605102539e-01
7.653799057006835938e-01
1.039784789085388184e+00
1.049898386001586914e+00
8.946272134780883789e-01
9.300678968429565430e-01
7.417922019958496094e-01
6.337356567382812500e-01
3.500429093837738037e-01
1.666876971721649170e-01
-3.172880411148071289e-02
4.824280738830566406e-03
2.277964353561401367e-02
7.908624410629272461e-02
1.348291039466857910e-01
1.909810602664947510e-01
1.368270069360733032e-01
2.619206905364990234e-01
5.325082540512084961e-01
2.963174283504486084e-01
2.552850842475891113e-01
-4.002409577369689941e-01
-5.779292583465576172e-01
-1.157388091087341309e+00
-1.413388252258300781e+00
-5.753016471862792969e-01
-5.207427740097045898e-01
-4.523630440235137939e-01
-2.757701575756072998e-01
-5.119749307632446289e-01
-1.398337483406066895e-01
-3.310688436031341553e-01
-5.799896717071533203e-01
-3.867954015731811523e-01
-3.835735619068145752e-01
-3.203829228878021240e-01
4.414301216602325439e-01
1.560518145561218262e-02
-8.691643178462982178e-02
-2.470283210277557373e-01
-4.507914483547210693e-01
-2.408635318279266357e-01
-5.127269029617309570e-01
-2.177907526493072510e-01
-1.663224548101425171e-01
2.731898427009582520e-01
2.286098301410675049e-01
3.356929123401641846e-01
3.337371349334716797e-01
2.871934771537780762e-01
-1.425745785236358643e-01
-5.244871973991394043e-02
1.788285970687866211e-01
-4.981102049350738525e-01
-1.020275592803955078e+00
-7.142229080200195312e-01
-7.391120195388793945e-01
3.419493436813354492e-01
1.207017898559570312e-01
-2.058758735656738281e-01
-6.258330345153808594e-01
-7.159862518310546875e-01
-4.979070127010345459e-01
-2.993473410606384277e-01
-5.697759389877319336e-01
-5.652722120285034180e-01
-5.888563394546508789e-01
-5.967303514480590820e-01
-4.756209552288055420e-01
-4.425159692764282227e-01
-4.118880033493041992e-01
-2.547516822814941406e-01
-4.421195089817047119e-01
-2.321422398090362549e-01
-9.971609711647033691e-02
-6.895834207534790039e-02
5.402673482894897461e-01
6.481173038482666016e-01
4.897209107875823975e-01
3.582085967063903809e-01
2.760325372219085693e-01
2.288734614849090576e-01
2.873389124870300293e-01
1.055199056863784790e-01
-1.244738698005676270e-02
4.891464114189147949e-02
1.767170786857604980e+00
1.190173625946044922e-02
-2.926710247993469238e-02
3.229591548442840576e-01
1.002713590860366821e-01
-2.787765860557556152e-02
-9.206980466842651367e-02
-2.335362136363983154e-01
-8.381566405296325684e-02
2.073371112346649170e-01
4.465750753879547119e-01
7.648849487304687500e-01
7.497819662094116211e-01
4.896956086158752441e-01
3.280972242355346680e-01
2.696177363395690918e-01
3.916632235050201416e-01
-1.521362215280532837e-01
5.273641347885131836e-01
1.983577758073806763e-01
3.096058964729309082e-02
-2.781627476215362549e-01
9.987941980361938477e-01
5.510185956954956055e-01
-1.568061411380767822e-01
8.128576278686523438e-01
5.450937747955322266e-01
3.804221451282501221e-01
3.124390244483947754e-01
3.237817585468292236e-01
2.724293172359466553e-01
2.474144399166107178e-01
3.710644543170928955e-01
5.195709466934204102e-01
3.265886902809143066e-01
2.634845674037933350e-01
-1.056858301162719727e-01
-6.331264972686767578e-03
-6.403544545173645020e-02
-2.667658627033233643e-01
-2.677665650844573975e-01
-1.736178696155548096e-01
-1.871714591979980469e-01
1.507438123226165771e-01
2.090463042259216309e-02
3.829297423362731934e-01
8.728845417499542236e-02
-8.629170805215835571e-02
2.865804731845855713e-01
-1.070056408643722534e-01
-4.004808366298675537e-01
-1.602178215980529785e-01
-4.080360233783721924e-01
-1.490267217159271240e-01
-1.253291964530944824e-01
-1.262205541133880615e-01
-6.109133362770080566e-03
-1.174029409885406494e-01
-1.540184617042541504e-01
-1.025789082050323486e-01
-2.757132947444915771e-01
-2.558330595493316650e-01
-1.699374914169311523e-01
-1.234157830476760864e-01
-1.604921668767929077e-01
-1.900536566972732544e-01
-8.326560258865356445e-03
-5.049492418766021729e-02
-4.611991345882415771e-01
7.647214829921722412e-02
-3.310976922512054443e-02
-9.559479355812072754e-02
-8.356696367263793945e-01
-5.754942893981933594e-01
-5.899238586425781250e-01
-7.746580839157104492e-01
-7.406079769134521484e-01
-6.131205558776855469e-01
-4.335805475711822510e-01
-3.714422285556793213e-01
-8.632673025131225586e-01
-5.066770315170288086e-01
-5.328329801559448242e-01
-6.033494472503662109e-01
-1.217321008443832397e-01
-1.716749370098114014e-01
1.046511828899383545e-01
1.185711100697517395e-01
-1.327735334634780884e-01
1.025547981262207031e-01
-1.945713162422180176e-01
-6.385957002639770508e-01
-7.707509398460388184e-02
-3.531256318092346191e-02
-4.154664278030395508e-02
-1.785846650600433350e-01
2.819882929325103760e-01
9.178961515426635742e-01
8.115810155868530273e-01
1.233207106590270996e+00
1.195922970771789551e+00
1.213301301002502441e+00
1.994048655033111572e-01
-1.091785430908203125e-01
9.843381643295288086e-01
1.570532441139221191e+00
1.576137900352478027e+00
1.583854675292968750e+00
6.909624338150024414e-01
8.908370137214660645e-02
-6.604181528091430664e-01
4.272293746471405029e-01
2.138703465461730957e-01
3.885909616947174072e-01
-1.458882391452789307e-01
-6.313858926296234131e-02
5.010016262531280518e-02
2.172011435031890869e-01
-4.152520000934600830e-01
7.513434886932373047e-01
-8.057086169719696045e-02
1.577112525701522827e-01
-2.549148797988891602e-01
-7.855743169784545898e-02
-4.236642122268676758e-01
7.151982784271240234e-01
-2.731309831142425537e-01
4.629580080509185791e-01
1.706266283988952637e+00
8.550132513046264648e-01
2.503609955310821533e-01
-1.118224859237670898e+00
-1.138486385345458984e+00
-2.863243520259857178e-01
-1.359406113624572754e-01
-1.901021450757980347e-01
3.043857812881469727e-01
-1.700999736785888672e-01
-3.166911900043487549e-01
-2.813985645771026611e-01
3.881839215755462646e-01
7.730247974395751953e-01
7.371495962142944336e-01
2.081631571054458618e-01
5.132393538951873779e-02
-7.977576255798339844e-01
-4.376627504825592041e-01
-5.459001660346984863e-02
-5.088397264480590820e-01
-1.381036341190338135e-01
-4.775272309780120850e-01
7.357093095779418945e-01
1.106131434440612793e+00
6.541665792465209961e-01
3.896058201789855957e-01
2.965141236782073975e-01
3.117197453975677490e-01
4.572615921497344971e-01
6.023912429809570312e-01
-1.132154464721679688e-01
-1.044690132141113281e+00
-6.704254150390625000e-01
9.021248817443847656e-01
5.711240768432617188e-01
1.197844594717025757e-01
-1.301349997520446777e+00
-7.013455629348754883e-01
-8.014861345291137695e-01
-1.043183326721191406e+00
1.083578824996948242e+00
1.040558218955993652e+00
5.920610427856445312e-01
1.546527266502380371e+00
1.941266298294067383e+00
1.494418263435363770e+00
1.422406911849975586e+00
1.239631056785583496e+00
1.325351595878601074e+00
1.031827807426452637e+00
1.137439131736755371e+00
1.130136132240295410e+00
1.069981932640075684e+00
8.238019943237304688e-01
7.565585374832153320e-01
8.634457588195800781e-01
1.077662348747253418e+00
9.657192230224609375e-01
7.329837083816528320e-01
4.734243452548980713e-01
4.129964113235473633e-02
1.718520224094390869e-01
1.398421823978424072e-01
1.073032915592193604e-01
7.168146967887878418e-02
4.120510816574096680e-02
-2.790596187114715576e-01
-4.995474219322204590e-02
5.325327813625335693e-02
4.059807956218719482e-02
3.133960068225860596e-02
1.608029007911682129e-02
6.387209892272949219e-02
1.091478615999221802e-01
1.040700227022171021e-01
1.055726110935211182e-01
9.352050721645355225e-02
1.776640564203262329e-01
3.150454461574554443e-01
2.877285182476043701e-01
2.534632980823516846e-01
2.196211069822311401e-01
2.840346395969390869e-01
1.281353682279586792e-01
1.015853583812713623e-01
1.001695990562438965e-01
5.989110469818115234e-02
1.474093645811080933e-02
-1.652251183986663818e-02
-7.616151869297027588e-02
-6.242782622575759888e-02
4.045541584491729736e-02
7.575555145740509033e-02
5.373850464820861816e-02
2.308933436870574951e-02
-5.232562124729156494e-02
-1.932014524936676025e-01
-5.846750736236572266e-02
-9.224086999893188477e-03
-6.466637551784515381e-02
-2.098482102155685425e-01
1.355454623699188232e-01
4.495854675769805908e-01
-3.042836785316467285e-01
-2.608031034469604492e-01
-4.557348787784576416e-01
-2.256490886211395264e-01
-1.995869576930999756e-01
-4.026274085044860840e-01
4.138149321079254150e-02
5.619707107543945312e-01
4.641656875610351562e-01
5.102812051773071289e-01
3.135428726673126221e-01
1.625377386808395386e-01
6.542420387268066406e-02
6.312486529350280762e-02
7.650108635425567627e-02
1.520625352859497070e-01
8.239990472793579102e-02
5.028775334358215332e-02
1.700611263513565063e-01
1.644906550645828247e-01
2.990256249904632568e-01
3.630296289920806885e-01
3.201971650123596191e-01
3.577966988086700439e-01
5.166255831718444824e-01
1.193968951702117920e-01
-9.925998002290725708e-02
4.875119030475616455e-02
-5.434918403625488281e-02
-1.897394806146621704e-01
-4.793310165405273438e-02
1.075316965579986572e-01
2.054909914731979370e-01
2.311572432518005371e-01
-2.028950154781341553e-01
-2.558751106262207031e-01
-2.579704225063323975e-01
-2.390177547931671143e-01
-2.149251997470855713e-01
-1.927292943000793457e-01
-1.518324911594390869e-01
-1.395865380764007568e-01
-1.026555895805358887e-01
-6.116522848606109619e-02
-2.048280835151672363e-02
1.702646911144256592e-02
5.091322585940361023e-02
8.109535276889801025e-02
1.078308969736099243e-01
1.313384473323822021e-01
1.518065631389617920e-01
1.771954596042633057e-01
1.895263493061065674e-01
2.008736729621887207e-01
2.082660347223281860e-01
3.552604615688323975e-01
1.003873199224472046e-01
4.461955428123474121e-01
5.804388523101806641e-01
6.073638200759887695e-01
6.045145988464355469e-01
5.935997962951660156e-01
5.839205980300903320e-01
5.791621208190917969e-01
5.798892974853515625e-01
5.841543674468994141e-01
5.882083177566528320e-01
5.885014533996582031e-01
5.836329460144042969e-01
6.113462448120117188e-01
7.485860586166381836e-01
7.075146436691284180e-01
6.766564846038818359e-01
6.083823442459106445e-01
5.594333410263061523e-01
4.251663982868194580e-01
3.351058065891265869e-01
2.778916060924530029e-01
-1.057559549808502197e-01
-4.904233515262603760e-01
-1.398770928382873535e+00
-1.942694544792175293e+00
-2.343528509140014648e+00
-2.536332845687866211e+00
-2.539303064346313477e+00
-2.286168336868286133e+00
-8.708909749984741211e-01
-1.334569752216339111e-01
1.003858804702758789e+00
1.743281483650207520e+00
1.943753719329833984e+00
7.759628295898437500e-01
7.059234380722045898e-01
7.535240650177001953e-01
1.910671591758728027e+00
8.482466936111450195e-01
3.431721031665802002e-01
4.437911808490753174e-01
5.513659715652465820e-01
9.906092882156372070e-01
1.100236773490905762e+00
1.189331650733947754e+00
1.383850336074829102e+00
1.574842929840087891e+00
1.589324116706848145e+00
9.148122072219848633e-01
6.030666828155517578e-01
3.514748215675354004e-01
8.605005741119384766e-01
1.149585723876953125e+00
1.030562877655029297e+00
1.169287264347076416e-01
7.701344490051269531e-01
5.396978855133056641e-01
1.546929180622100830e-01
-4.810637235641479492e-02
-5.888750553131103516e-01
-1.369551181793212891e+00
-1.644243359565734863e+00
-1.602483630180358887e+00
-3.134642541408538818e-01
-1.505720913410186768e-01
2.423302531242370605e-01
-2.778947651386260986e-01
-9.661806821823120117e-01
-1.246339678764343262e+00
-1.046312332153320312e+00
-9.946156740188598633e-01
-6.597315073013305664e-01
-1.043638467788696289e+00
-9.848866462707519531e-01
-1.678906798362731934e+00
-7.800625562667846680e-01
3.002953827381134033e-01
4.185511767864227295e-01
-8.371328115463256836e-01
-7.085868120193481445e-01
-1.070670127868652344e+00
-6.351984739303588867e-01
-8.875147104263305664e-01
-8.284704685211181641e-01
-1.614238321781158447e-01
-5.953110456466674805e-01
-5.876417160034179688e-01
-3.155843317508697510e-01
-1.257427930831909180e-01
4.419679939746856689e-01
-9.364652633666992188e-02
-3.811022937297821045e-01
-1.593184471130371094e-01
-5.751873552799224854e-02
-1.036904156208038330e-01
-1.491873860359191895e-01
-2.475208938121795654e-01
-3.410388231277465820e-01
-4.062937796115875244e-01
-4.390664398670196533e-01
-4.498715996742248535e-01
-4.481161534786224365e-01
-4.365018904209136963e-01
-4.152552485466003418e-01
-3.867009580135345459e-01
-3.553631901741027832e-01
-3.241989910602569580e-01
3.645672500133514404e-01
4.689466655254364014e-01
9.181774854660034180e-01
9.297881126403808594e-01
8.428837060928344727e-01
9.726935625076293945e-01
6.127272844314575195e-01
9.849035739898681641e-02
1.461743265390396118e-01
8.010163903236389160e-02
-5.156214237213134766e-01
-8.161182701587677002e-02
-2.456426322460174561e-01
3.675584197044372559e-01
2.564591169357299805e-02
4.673953950405120850e-01
1.625794470310211182e-01
4.988699853420257568e-01
7.407155036926269531e-01
-4.932501018047332764e-01
-7.320323586463928223e-02
-7.236987352371215820e-03
-1.567291468381881714e-01
1.024791002273559570e-01
1.163742542266845703e-01
-1.468153446912765503e-01
5.638585984706878662e-02
2.600039541721343994e-02
9.919020533561706543e-02
1.568842530250549316e-01
1.573644727468490601e-01
1.416487246751785278e-01
1.262277662754058838e-01
1.110619306564331055e-01
9.440784156322479248e-02
6.456395983695983887e-02
4.548195004463195801e-02
3.728649318218231201e-01
6.155741214752197266e-01
6.363770961761474609e-01
5.961737632751464844e-01
5.746750831604003906e-01
5.570591688156127930e-01
5.371506214141845703e-01
5.122957229614257812e-01
4.788837432861328125e-01
4.340401589870452881e-01
3.776300549507141113e-01
3.138052821159362793e-01
2.427850365638732910e-01
1.614739894866943359e-01
5.923126935958862305e-01
6.155350208282470703e-01
-5.850043892860412598e-02
-2.430438101291656494e-01
-1.836750209331512451e-01
-3.215560913085937500e-01
-1.123766899108886719e-01
-9.739816188812255859e-02
-3.025567531585693359e-02
6.128627061843872070e-02
-4.599685370922088623e-01
-3.729209601879119873e-01
-2.305430769920349121e-01
-3.383519649505615234e-01
3.217919170856475830e-01
7.665510177612304688e-01
8.493241071701049805e-01
4.531493484973907471e-01
-7.803039550781250000e-01
-1.226806163787841797e+00
-1.669205546379089355e+00
-6.051951646804809570e-01
1.655037999153137207e-01
1.905231475830078125e-01
1.104430705308914185e-01
-1.474871337413787842e-01
-2.572794854640960693e-01
1.362672448158264160e-01
5.488524436950683594e-01
6.891325712203979492e-01
5.263938903808593750e-01
-2.911356091499328613e-02
3.587877452373504639e-01
2.636540234088897705e-01
-2.168148756027221680e-01
-2.179996520280838013e-01
-3.924369812011718750e-03
-3.481305390596389771e-02
-6.902550905942916870e-02
-6.116127967834472656e-02
-3.502047806978225708e-02
9.406964480876922607e-02
4.687321186065673828e-02
4.437029361724853516e-02
5.124444514513015747e-02
6.408558785915374756e-02
7.159170508384704590e-02
7.305103540420532227e-02
6.888984143733978271e-02
6.055536866188049316e-02
4.835802316665649414e-02
2.878884971141815186e-02
-1.306261122226715088e-02
-9.597015380859375000e-02
-2.386649250984191895e-01
9.267218410968780518e-02
2.046014368534088135e-01
3.786594271659851074e-01
4.043177664279937744e-01
3.956677317619323730e-01
2.486769855022430420e-01
1.983417868614196777e-01
7.308162748813629150e-02
6.018117070198059082e-02
7.704855501651763916e-02
1.052311211824417114e-01
1.345863938331604004e-01
-1.089428067207336426e-01
1.875438988208770752e-01
1.006817340850830078e+00
3.187724351882934570e-01
9.608796834945678711e-01
1.157309174537658691e+00
1.169786095619201660e+00
1.156671643257141113e+00
1.055260539054870605e+00
8.618024587631225586e-01
8.715013265609741211e-01
8.936604261398315430e-01
9.526551961898803711e-01
9.593847990036010742e-01
7.016748189926147461e-01
2.039386928081512451e-01
1.521244198083877563e-01
2.699238359928131104e-01
5.470876693725585938e-01
4.807027876377105713e-01
-3.461184203624725342e-01
-2.406954467296600342e-01
7.361983060836791992e-01
1.558746099472045898e-01
9.620459377765655518e-02
3.222274780273437500e-02
-1.682044565677642822e-01
-7.039855718612670898e-01
-3.385162353515625000e-01
2.414050698280334473e-02
8.970705270767211914e-01
-2.685354650020599365e-01
-9.748684167861938477e-01
-1.372043043375015259e-01
-3.719430267810821533e-01
3.592282533645629883e-02
-2.877351939678192139e-01
-1.749548316001892090e-01
-2.825020253658294678e-01
-3.807794153690338135e-01
-2.559523880481719971e-01
5.055740475654602051e-02
-2.170791923999786377e-01
-4.534956216812133789e-01
-2.688300013542175293e-01
-4.406122267246246338e-01
-1.362924724817276001e-01
-1.643821895122528076e-01
3.585606813430786133e-01
-1.840930283069610596e-01
2.802571952342987061e-01
-8.583658933639526367e-02
4.299307167530059814e-01
3.351577818393707275e-01
1.644298881292343140e-01
1.113259494304656982e-01
3.566397726535797119e-02
3.590945899486541748e-02
4.622590541839599609e-02
1.297214180231094360e-01
4.875884950160980225e-02
5.379761457443237305e-01
8.480712771415710449e-02
1.315066218376159668e-02
-3.435373306274414062e-01
-4.294863045215606689e-01
-4.262183010578155518e-01
-4.453533589839935303e-01
-9.117966890335083008e-02
1.972036957740783691e-01
2.541158795356750488e-01
4.168491661548614502e-01
6.435605287551879883e-01
4.807158410549163818e-01
4.922458231449127197e-01
-4.374063313007354736e-01
1.094980537891387939e-01
-2.303853332996368408e-01
3.705176711082458496e-02
-5.935093760490417480e-02
-4.557292163372039795e-01
-3.187756836414337158e-01
-3.613677024841308594e-01
-2.463759481906890869e-01
-1.275135278701782227e-01
-1.628208756446838379e-01
-9.452733397483825684e-02
-3.125613033771514893e-01
3.018092215061187744e-01
3.041095137596130371e-01
-3.363948464393615723e-01
-6.672289371490478516e-01
-9.299018383026123047e-01
-8.531875610351562500e-01
-8.941525220870971680e-01
-9.584769010543823242e-01
-1.013653874397277832e+00
-1.034848332405090332e+00
-8.130489587783813477e-01
-9.855457544326782227e-01
-9.511710405349731445e-01
-6.982233524322509766e-01
-4.983346164226531982e-01
-4.982822835445404053e-01
-4.539028704166412354e-01
-6.575070619583129883e-01
-5.975724458694458008e-01
-6.007282733917236328e-01
-9.651255607604980469e-02
8.623811602592468262e-02
-2.740919589996337891e-04
-2.995917201042175293e-02
-1.812289357185363770e-01
6.274528801441192627e-03
2.751188576221466064e-01
5.988765954971313477e-01
6.145159006118774414e-01
5.547026395797729492e-01
8.722656965255737305e-01
7.601124048233032227e-01
2.555571198463439941e-01
7.585120201110839844e-01
8.164216279983520508e-01
6.249442100524902344e-01
3.204480111598968506e-01
6.689080595970153809e-02
-6.951752305030822754e-02
-9.262093901634216309e-02
9.431290626525878906e-02
2.404429763555526733e-01
-6.178208589553833008e-01
2.583371698856353760e-01
6.980438232421875000e-01
2.487876713275909424e-01
-2.603621184825897217e-01
-9.166481494903564453e-01
-2.796686589717864990e-01
-7.560282945632934570e-03
-1.634227335453033447e-01
-5.821799039840698242e-01
-5.312191247940063477e-01
-4.113365113735198975e-01
-3.460741937160491943e-01
-2.153645157814025879e-01
-2.778440415859222412e-01
1.023285090923309326e-01
-1.487506628036499023e-01
-5.699732303619384766e-01
-2.099360972642898560e-01
3.070035874843597412e-01
5.590976476669311523e-01
8.269020318984985352e-01
3.300111889839172363e-01
1.666724085807800293e-01
3.141548931598663330e-01
2.753448188304901123e-01
3.087312281131744385e-01
1.195129454135894775e-01
2.566343247890472412e-01
4.464742839336395264e-01
5.340026617050170898e-01
3.553157746791839600e-01
-1.038461625576019287e-01
-7.632329463958740234e-01
-1.174851536750793457e+00
-5.260162353515625000e-01
-3.274222910404205322e-01
-6.589370965957641602e-01
-1.974090784788131714e-01
-9.267334938049316406e-01
-5.661468505859375000e-01
-4.519488811492919922e-01
-7.645363807678222656e-01
-4.317366778850555420e-01
-4.777088165283203125e-01
-1.788404583930969238e-01
-1.115407049655914307e-01
-1.384016126394271851e-02
-1.741977781057357788e-01
-1.920530349016189575e-01
-1.601025462150573730e-01
-3.884790837764739990e-01
5.680201202630996704e-02
-1.720834523439407349e-01
-2.416759133338928223e-01
-3.961777687072753906e-01
-2.643927931785583496e-02
6.603269577026367188e-01
5.730876326560974121e-02
6.945527791976928711e-01
1.945819854736328125e-01
1.318387389183044434e-01
2.174371182918548584e-01
7.765989303588867188e-01
4.708127081394195557e-01
6.008456945419311523e-01
3.517564833164215088e-01
1.157963156700134277e+00
-5.171281099319458008e-02
3.601561486721038818e-02
-2.208712697029113770e-01
2.010583579540252686e-01
-3.091772794723510742e-01
1.392007023096084595e-01
1.084248125553131104e-01
-5.279062986373901367e-01
-7.106649875640869141e-02
-1.923466771841049194e-01
2.919819951057434082e-02
6.481328010559082031e-01
2.948423624038696289e-01
5.758994817733764648e-02
2.224354743957519531e-01
1.072230190038681030e-01
-2.772317826747894287e-02
1.222873628139495850e-01
1.788520812988281250e-01
2.281532883644104004e-01
9.843493998050689697e-02
6.474949121475219727e-01
-1.308479905128479004e-02
-4.181134998798370361e-01
-6.257207393646240234e-01
-6.120955944061279297e-01
-6.244660615921020508e-01
-5.370135307312011719e-01
3.456231653690338135e-01
2.455634772777557373e-01
-3.932420015335083008e-01
-4.000494778156280518e-01
1.804777383804321289e-01
5.825970172882080078e-01
6.388965845108032227e-01
6.081848144531250000e-01
4.900594651699066162e-01
4.239649474620819092e-01
3.537844717502593994e-01
3.041623532772064209e-01
3.429711163043975830e-01
2.556046843528747559e-01
1.125295758247375488e-01
-1.366267085075378418e+00
-1.093408226966857910e+00
1.557394564151763916e-01
3.441460430622100830e-01
1.787234842777252197e-02
-1.020617783069610596e-01
-5.297907590866088867e-01
-1.314181685447692871e+00
-1.052175521850585938e+00
-1.237212300300598145e+00
-1.324237346649169922e+00
-7.178925275802612305e-01
3.662948608398437500e-01
1.422180891036987305e+00
7.749272584915161133e-01
4.196257889270782471e-01
1.148469209671020508e+00
1.276688933372497559e+00
1.168454289436340332e+00
1.223504185676574707e+00
7.002872228622436523e-01
4.335869848728179932e-01
5.008326768875122070e-01
2.712668478488922119e-01
2.097644656896591187e-01
1.468093693256378174e-01
-3.894913494586944580e-01
3.640982210636138916e-01
7.623357772827148438e-01
7.218074798583984375e-01
4.068890213966369629e-02
3.450700938701629639e-01
7.829039096832275391e-01
9.371279478073120117e-01
7.596145868301391602e-01
3.816638290882110596e-01
1.031669139862060547e+00
1.272115230560302734e+00
1.040968060493469238e+00
3.528993427753448486e-01
5.941363573074340820e-01
8.220012187957763672e-01
4.283559024333953857e-01
3.509854972362518311e-01
1.014513969421386719e-01
2.697266638278961182e-02
5.254677534103393555e-01
3.774020075798034668e-02
3.341248035430908203e-01
2.642222046852111816e-01
3.476151525974273682e-01
3.613570630550384521e-01
1.616898626089096069e-01
2.708025574684143066e-01
3.468538522720336914e-01
3.489367961883544922e-01
4.166935682296752930e-01
1.472381651401519775e-01
9.280455857515335083e-02
8.462936431169509888e-02
-2.005625888705253601e-02
-3.579518198966979980e-02
-9.892728179693222046e-02
-1.182032078504562378e-01
-7.834686338901519775e-02
-2.392458915710449219e-02
-1.922249794006347656e-04
4.238598048686981201e-03
4.001337289810180664e-02
6.586669385433197021e-02
3.481936454772949219e-02
4.150156676769256592e-02
5.429962277412414551e-02
5.475765466690063477e-02
-1.536556333303451538e-02
-9.146741032600402832e-02
6.292556226253509521e-02
1.318246722221374512e-01
-2.063608467578887939e-01
-5.147127062082290649e-02
6.067471206188201904e-02
7.558347284793853760e-02
-7.603138685226440430e-02
7.402615547180175781e-01
-8.122330904006958008e-02
1.130396127700805664e-01
5.280728340148925781e-01
3.942389786243438721e-01
2.133551687002182007e-01
9.834548830986022949e-02
-6.181284785270690918e-03
-5.103737115859985352e-02
-4.148513078689575195e-02
3.259236812591552734e-01
2.125084847211837769e-01
2.850583493709564209e-01
5.818283557891845703e-01
-3.127073347568511963e-01
-3.227484524250030518e-01
-5.055412650108337402e-02
2.237899601459503174e-01
4.506224691867828369e-01
-2.557395398616790771e-01
-5.318387746810913086e-01
-2.417168617248535156e-01
-2.126993089914321899e-01
-1.652200818061828613e-01
1.461349874734878540e-01
6.139136552810668945e-01
1.023720741271972656e+00
9.265030622482299805e-01
8.504284620285034180e-01
6.571229696273803711e-01
4.752702116966247559e-01
4.557795226573944092e-01
3.315514624118804932e-01
1.905853748321533203e-01
1.538053750991821289e-01
2.358842045068740845e-01
2.813910543918609619e-01
4.454447925090789795e-01
6.752142906188964844e-01
8.007411956787109375e-01
7.882770299911499023e-01
7.382802963256835938e-01
6.608970165252685547e-01
5.851117372512817383e-01
5.192162990570068359e-01
-5.756578445434570312e-01
-2.135992765426635742e+00
-1.386540770530700684e+00
-1.406844139099121094e+00
-1.561194777488708496e+00
-1.308498144149780273e+00
-1.262442111968994141e+00
-1.302045464515686035e+00
-1.177708983421325684e+00
-1.378807067871093750e+00
-1.762867569923400879e+00
-1.812223792076110840e+00
-1.787757158279418945e+00
-1.834617972373962402e+00
-1.867793202400207520e+00
-8.595060110092163086e-01
-4.410751461982727051e-01
-1.763540208339691162e-01
-2.708432078361511230e-02
3.325706720352172852e-02
-2.459167718887329102e+00
-2.119642496109008789e+00
-2.097239732742309570e+00
-2.185536623001098633e+00
-1.428442716598510742e+00
-8.795171976089477539e-03
-2.360064387321472168e-01
-2.604313135147094727e+00
-2.216470241546630859e+00
-2.136938571929931641e+00
-2.154338598251342773e+00
-2.178209543228149414e+00
-1.931069970130920410e+00
-7.204333543777465820e-01
-1.048428297042846680e+00
-2.840458452701568604e-01
1.024237036705017090e+00
1.024814486503601074e+00
1.780377268791198730e+00
1.782448172569274902e+00
1.322533965110778809e+00
1.369992136955261230e+00
1.494555354118347168e+00
2.481501340866088867e+00
2.535987854003906250e+00
9.496870040893554688e-01
2.622124433517456055e+00
2.855882942676544189e-01
1.233868956565856934e+00
-6.465909481048583984e-01
-8.591140508651733398e-01
-4.827740043401718140e-02
1.988754719495773315e-01
6.305221319198608398e-01
3.820943236351013184e-01
5.355510711669921875e-01
-1.468802988529205322e-01
1.098279654979705811e-01
-1.137372851371765137e-02
1.419921517372131348e-01
-4.899247586727142334e-01
2.668531239032745361e-01
2.642751336097717285e-01
1.417726278305053711e-01
2.046125233173370361e-01
1.836387813091278076e-01
5.749855041503906250e-01
2.951168715953826904e-01
9.899762868881225586e-01
9.199320077896118164e-01
2.850727140903472900e-01
2.344420552253723145e-01
3.197227716445922852e-01
3.759942948818206787e-01
3.735363185405731201e-01
3.573975265026092529e-01
3.205142021179199219e-01
2.725925147533416748e-01
2.247445583343505859e-01
1.904977858066558838e-01
1.562310159206390381e-01
-1.710024476051330566e-02
-3.408974111080169678e-01
-9.983476996421813965e-02
-9.268558025360107422e-02
-2.449370622634887695e-01
6.318000555038452148e-01
6.700441837310791016e-01
9.105572104454040527e-02
3.715907633304595947e-01
2.545511722564697266e-01
8.037854433059692383e-01
7.388973236083984375e-01
7.573148012161254883e-01
8.761396408081054688e-01
1.000186085700988770e+00
9.531012773513793945e-01
7.442638278007507324e-03
-5.191607475280761719e-01
-3.937712013721466064e-01
-8.658246994018554688e-01
4.861223995685577393e-01
1.557845711708068848e+00
1.181903123855590820e+00
7.006515264511108398e-01
5.500534772872924805e-01
3.507092893123626709e-01
4.278915226459503174e-01
1.065839290618896484e+00
8.381048440933227539e-01
5.334886312484741211e-01
7.412103414535522461e-01
1.134427785873413086e+00
9.646428823471069336e-01
7.719483375549316406e-01
4.953680634498596191e-01
7.382737398147583008e-01
1.117670059204101562e+00
-2.531118690967559814e-01
-3.371069133281707764e-01
5.947810411453247070e-01
7.289272546768188477e-01
6.581089496612548828e-01
8.212676048278808594e-01
2.470339834690093994e-01
-1.359915435314178467e-01
-7.922793924808502197e-02
9.809914827346801758e-01
6.613938808441162109e-01
5.215682089328765869e-02
-3.280238807201385498e-02
4.365944564342498779e-01
2.195507735013961792e-01
1.087437421083450317e-01
2.249587476253509521e-01
2.354048192501068115e-01
2.568572163581848145e-01
3.516278862953186035e-01
2.444470226764678955e-01
1.582916676998138428e-01
3.450833261013031006e-03
-4.906906187534332275e-02
3.804216086864471436e-01
6.723802089691162109e-01
9.654502868652343750e-01
5.732594728469848633e-01
1.059852719306945801e+00
9.803987741470336914e-01
7.563451528549194336e-01
2.981167137622833252e-01
-3.072005510330200195e-01
-4.830252826213836670e-01
-4.461385011672973633e-01
2.435635030269622803e-02
2.777465879917144775e-01
-1.709191650152206421e-01
-7.035009860992431641e-01
-1.332293987274169922e+00
-7.682995796203613281e-01
-6.347457170486450195e-01
3.707204163074493408e-01
7.460606098175048828e-01
2.337516844272613525e-01
1.362025141716003418e-01
-1.616303026676177979e-01
-1.005242466926574707e-01
1.447131514549255371e+00
-1.472889184951782227e-01
9.566958248615264893e-02
2.889478206634521484e-02
1.709052026271820068e-01
3.423646390438079834e-01
2.454922646284103394e-01
1.815122961997985840e-01
-1.291081309318542480e-02
1.815198212862014771e-01
6.641589403152465820e-01
9.091074466705322266e-01
3.682012259960174561e-01
6.886735558509826660e-02
6.028043031692504883e-01
3.890681862831115723e-01
2.665699124336242676e-01
5.291504859924316406e-01
1.183020621538162231e-01
1.978133022785186768e-01
3.219709098339080811e-01
2.220083177089691162e-01
6.023715734481811523e-01
1.045070588588714600e-01
1.606901884078979492e-01
5.084697008132934570e-01
2.150535583496093750e-02
5.960854291915893555e-01
7.850637435913085938e-01
3.812131583690643311e-01
2.876745760440826416e-01
4.774881899356842041e-01
3.515978753566741943e-01
-3.622570633888244629e-01
7.193776965141296387e-02
1.324698179960250854e-01
3.340965807437896729e-01
2.691554129123687744e-01
2.370735257863998413e-01
2.443075478076934814e-01
2.181384861469268799e-01
4.576720297336578369e-02
1.403378248214721680e-01
1.954845786094665527e-01
1.914829611778259277e-01
2.414083331823348999e-01
2.030733525753021240e-01
2.672989964485168457e-01
-1.063853502273559570e-02
2.953740656375885010e-01
3.267631828784942627e-01
6.718228757381439209e-02
-7.620733976364135742e-02
-3.192843794822692871e-01
4.702011048793792725e-01
6.195014715194702148e-01
3.075340986251831055e-01
6.867603063583374023e-01
-5.132600665092468262e-03
-1.880034804344177246e-02
3.173255026340484619e-01
1.050722897052764893e-01
-2.269188314676284790e-02
1.649313420057296753e-01
6.040251255035400391e-02
3.316690027713775635e-02
-8.090606331825256348e-02
-1.021448671817779541e-01
-4.723154008388519287e-02
-3.611415922641754150e-01
-4.510079324245452881e-01
-4.768500626087188721e-01
-3.392865955829620361e-01
-2.382709681987762451e-01
-1.455013155937194824e-01
-5.720144510269165039e-02
-5.910707712173461914e-01
-2.563579976558685303e-01
5.195975303649902344e-03
2.328233271837234497e-01
6.583962440490722656e-01
5.996253490447998047e-01
6.116869449615478516e-01
6.227638721466064453e-01
7.161413431167602539e-01
-1.124635636806488037e-01
-6.036021709442138672e-01
-2.555832862854003906e-01
1.326469659805297852e+00
1.239581465721130371e+00
1.174576759338378906e+00
6.817406415939331055e-01
1.927862912416458130e-01
2.714034616947174072e-01
4.208551347255706787e-01
3.530210256576538086e-01
4.438600242137908936e-01
7.699886560440063477e-01
7.722358703613281250e-01
3.361167609691619873e-01
6.157350540161132812e-01
-2.274284362792968750e-01
8.020970821380615234e-01
1.289797425270080566e+00
2.090501785278320312e+00
1.224013209342956543e+00
-1.833043694496154785e-01
-8.806551694869995117e-01
-5.594590306282043457e-02
-4.926933944225311279e-01
-9.562370181083679199e-02
5.411015748977661133e-01
3.833391368389129639e-01
-2.478441894054412842e-01
5.959775447845458984e-01
4.420635998249053955e-01
3.551718294620513916e-01
2.737735807895660400e-01
2.382285594940185547e-01
-6.952863931655883789e-02
7.144986391067504883e-01
5.015538930892944336e-01
7.661792039871215820e-01
6.746685504913330078e-01
7.045775651931762695e-01
7.273734807968139648e-01
7.511017322540283203e-01
7.490649223327636719e-01
6.625541448593139648e-01
1.880694925785064697e-01
-3.578524589538574219e-01
-1.258603334426879883e-01
3.191627562046051025e-02
4.326399266719818115e-01
9.367927908897399902e-03
3.426536917686462402e-02
9.702016115188598633e-01
-5.753901004791259766e-01
-2.919290065765380859e-01
-2.499614357948303223e-01
-4.145823121070861816e-01
-2.060747295618057251e-01
-1.843912601470947266e-01
1.610133051872253418e-02
-5.350057780742645264e-02
9.973943233489990234e-03
-1.205127239227294922e-01
9.199824929237365723e-02
-6.801673769950866699e-02
1.031432151794433594e-01
1.045077741146087646e-01
1.152132749557495117e-01
8.224579691886901855e-02
1.693364977836608887e-02
-6.386648118495941162e-02
-1.429035365581512451e-01
-2.044827044010162354e-01
-5.229187011718750000e-02
1.832493245601654053e-01
7.240906357765197754e-02
5.442887544631958008e-02
4.940575361251831055e-02
-7.519924640655517578e-02
-1.290017068386077881e-01
-1.808167099952697754e-01
-2.232425510883331299e-01
-2.165993005037307739e-01
-2.365180253982543945e-01
-2.137817144393920898e-01
2.894709408283233643e-01
6.009713411331176758e-01
3.406689763069152832e-01
-6.489457190036773682e-02
-1.511079072952270508e-02
-2.035938054323196411e-01
-3.338925540447235107e-01
-2.139825522899627686e-01
-1.605768501758575439e-01
-2.195275127887725830e-01
-4.634886980056762695e-03
4.943848550319671631e-01
5.560178756713867188e-01
7.164288759231567383e-01
1.045035421848297119e-01
-7.935583591461181641e-03
8.070832490921020508e-02
9.411707520484924316e-02
1.551665514707565308e-01
3.347948193550109863e-02
4.764471650123596191e-01
4.572225213050842285e-01
4.366165399551391602e-02
8.780286312103271484e-01
2.670560777187347412e-01
3.320853412151336670e-01
4.738931059837341309e-01
4.244945347309112549e-01
8.997950553894042969e-01
-3.766754269599914551e-02
-2.557367384433746338e-01
1.045089960098266602e-02
-8.181452751159667969e-01
-8.268163204193115234e-01
-4.903270304203033447e-01
-1.349385082721710205e-01
1.203598380088806152e+00
5.716863870620727539e-01
-7.648018002510070801e-02
3.368946611881256104e-01
2.195448577404022217e-01
4.326966404914855957e-02
1.624476909637451172e-02
1.928785741329193115e-01
5.089364051818847656e-01
5.277627706527709961e-01
-1.624545454978942871e-02
-2.598610818386077881e-01
-3.309316337108612061e-01
6.713894605636596680e-01
2.215576916933059692e-01
-9.507915377616882324e-02
4.091731607913970947e-01
-3.570827841758728027e-02
3.996636569499969482e-01
5.727925300598144531e-01
4.310531914234161377e-01
3.808052241802215576e-01
3.665517568588256836e-01
2.885759174823760986e-01
2.438882142305374146e-01
4.938305616378784180e-01
5.078125000000000000e-01
6.597965955734252930e-01
3.711735308170318604e-01
2.694120705127716064e-01
1.857854723930358887e-01
2.642577886581420898e-01
1.449435949325561523e-03
7.921704649925231934e-02
4.533307254314422607e-01
5.326869487762451172e-01
4.744634330272674561e-01
2.601644396781921387e-01
7.184061408042907715e-02
1.256341338157653809e-01
-1.535114347934722900e-01
3.479111790657043457e-01
8.501079678535461426e-02
5.535066127777099609e-01
3.419860601425170898e-01
9.855777025222778320e-03
3.797916471958160400e-01
3.087238669395446777e-01
2.350659668445587158e-01
3.415270447731018066e-01
1.835991740226745605e-01
1.958042979240417480e-01
1.936427652835845947e-01
1.113465130329132080e-01
-4.641392827033996582e-02
8.214020729064941406e-02
1.999111175537109375e-01
2.272250950336456299e-01
5.818988382816314697e-02
1.343313455581665039e-01
1.906011998653411865e-01
6.360300779342651367e-01
2.227923870086669922e-01
1.017834544181823730e-01
-4.633083939552307129e-02
-8.377239108085632324e-02
-7.602089643478393555e-02
6.358861923217773438e-03
6.323723495006561279e-02
7.348631322383880615e-02
3.205476701259613037e-02
-4.337956011295318604e-02
3.445012867450714111e-01
3.792146742343902588e-01
1.537367403507232666e-01
2.098362445831298828e-01
1.110928207635879517e-01
-1.806990802288055420e-02
5.189318954944610596e-02
-1.779665052890777588e-02
3.001360893249511719e-01
1.613975763320922852e-01
-1.796591877937316895e-01
-2.517377138137817383e-01
2.909018695354461670e-01
1.303567290306091309e-01
2.918587028980255127e-01
3.183980286121368408e-01
3.390165865421295166e-01
3.262611627578735352e-01
3.731800317764282227e-01
3.014995753765106201e-01
-2.362013757228851318e-01
6.928309798240661621e-03
-4.855158030986785889e-01
-5.302032828330993652e-02
1.326645612716674805e-01
1.349730789661407471e-01
5.573256313800811768e-02
1.176023334264755249e-01
8.399017155170440674e-02
5.138899087905883789e-01
5.265721082687377930e-01
4.787903726100921631e-01
1.971849501132965088e-01
9.374767541885375977e-02
-8.305782079696655273e-02
-1.231946587562561035e+00
-9.072439670562744141e-01
-2.267529487609863281e+00
-1.091061711311340332e+00
4.726633429527282715e-03
-7.234585285186767578e-02
-3.113339543342590332e-01
-6.246604919433593750e-01
-6.975910663604736328e-01
3.694448769092559814e-01
4.479416012763977051e-01
3.957051038742065430e-01
-8.343236446380615234e-01
-3.361591100692749023e-01
-4.926356673240661621e-02
2.397162318229675293e-01
-1.174799352884292603e-01
-3.543569743633270264e-01
-6.330631971359252930e-01
-5.760011672973632812e-01
-2.368879616260528564e-01
2.580523490905761719e-02
-5.587428808212280273e-01
-1.743124365806579590e+00
-9.813761711120605469e-01
-4.281042516231536865e-01
-8.506451845169067383e-01
-9.104689359664916992e-01
-5.229461193084716797e-01
-4.573813974857330322e-01
-3.195752799510955811e-01
-4.708622694015502930e-01
-6.620831489562988281e-01
-8.120424747467041016e-01
-1.564520746469497681e-01
-1.903647929430007935e-01
-5.570602416992187500e-01
4.963120818138122559e-02
8.910670876502990723e-02
-3.429681658744812012e-01
-3.742351830005645752e-01
-1.115512251853942871e+00
-1.872482895851135254e-01
-7.066546380519866943e-02
-2.371397614479064941e-02
-1.393422335386276245e-01
-9.428262710571289062e-04
6.824344396591186523e-02
1.266208589076995850e-01
-5.023708343505859375e-01
-2.048504054546356201e-01
-8.005183935165405273e-02
2.792805433273315430e-03
4.251942038536071777e-02
1.380284130573272705e-01
1.125603914260864258e-03
1.537555158138275146e-01
7.108273506164550781e-01
3.834169805049896240e-01
4.781622290611267090e-01
-2.809319794178009033e-01
-8.819761872291564941e-02
-2.288213074207305908e-01
-4.564036428928375244e-01
-7.017886638641357422e-01
-1.966494321823120117e-01
-5.831067562103271484e-01
1.381853669881820679e-01
-7.642033696174621582e-02
-1.745834052562713623e-01
6.248619556427001953e-01
4.679358005523681641e-02
4.418779015541076660e-01
4.143783152103424072e-01
5.907529592514038086e-02
-1.233473718166351318e-01
4.650597274303436279e-01
2.142715752124786377e-01
4.086134135723114014e-01
1.776976883411407471e-02
-2.447713315486907959e-01
-2.264861017465591431e-01
-1.834088563919067383e-01
-2.252024710178375244e-01
5.564608424901962280e-02
7.294389605522155762e-02
3.356720209121704102e-01
5.297029018402099609e-01
6.319237947463989258e-01
5.148955583572387695e-01
3.651371896266937256e-01
6.439530849456787109e-02
1.656395196914672852e-01
4.549811780452728271e-02
4.289977252483367920e-02
-1.064553856849670410e-03
2.867365777492523193e-01
2.374329417943954468e-01
8.518543839454650879e-02
-6.219747662544250488e-02
-8.809688687324523926e-02
3.830858170986175537e-01
5.098236799240112305e-01
-4.939679801464080811e-01
-3.999566435813903809e-01
-5.050683021545410156e-01
8.219153881072998047e-01
9.524505138397216797e-01
6.720483303070068359e-01
1.422798633575439453e-01
1.018956303596496582e-01
-3.150910139083862305e-02
1.047142446041107178e-01
-1.593002080917358398e-01
-1.483154594898223877e-01
-1.367915570735931396e-01
-7.645580768585205078e-01
-1.041202902793884277e+00
-5.105818510055541992e-01
1.981593072414398193e-01
-1.205444037914276123e-01
4.797811210155487061e-01
7.051069736480712891e-01
5.321381092071533203e-01
5.965424776077270508e-01
5.125434398651123047e-01
1.528180539608001709e-01
3.492759764194488525e-01
3.720832169055938721e-01
-2.072273194789886475e-02
5.617470741271972656e-01
2.098328471183776855e-01
2.407660782337188721e-01
1.686629503965377808e-01
6.399264931678771973e-02
-2.561524510383605957e-02
-7.520560920238494873e-02
-1.050687730312347412e-01
-1.283964067697525024e-01
-1.394908428192138672e-01
-2.409910559654235840e-01
3.173387050628662109e-02
-7.691621780395507812e-02
-5.310694873332977295e-02
-1.046307459473609924e-01
-4.077762663364410400e-01
-4.594916403293609619e-01
-3.665754199028015137e-01
-2.791887819766998291e-01
-2.443613708019256592e-01
-2.344341576099395752e-01
-4.488034546375274658e-01
-1.538254022598266602e-01
-1.085747480392456055e-01
-5.352993011474609375e-01
2.718204259872436523e-02
1.184821128845214844e-01
-3.595184981822967529e-01
-5.284796953201293945e-01
-6.451824307441711426e-02
-3.421429693698883057e-01
2.719176113605499268e-01
1.878232955932617188e-01
8.355852961540222168e-02
-2.506072819232940674e-01
-3.062452375888824463e-01
-3.764871656894683838e-01
-3.484773039817810059e-01
-1.796463727951049805e-01
-2.940039932727813721e-01
-4.633487761020660400e-01
-4.198593497276306152e-01
-2.971101105213165283e-01
-2.104091495275497437e-01
-4.173584282398223877e-02
-6.655581295490264893e-02
4.815299808979034424e-02
1.489676684141159058e-01
4.542587101459503174e-01
4.637888371944427490e-01
4.441429078578948975e-01
4.199080765247344971e-01
-3.748887777328491211e-02
-4.741356968879699707e-01
-7.940562963485717773e-01
-1.077975392341613770e+00
-1.077486276626586914e+00
-1.000478625297546387e+00
-7.533835172653198242e-01
-4.381458461284637451e-01
-7.416744530200958252e-02
1.579066216945648193e-01
-9.550590515136718750e-01
-6.316322088241577148e-01
-5.983522534370422363e-02
5.885856151580810547e-01
5.450860261917114258e-01
4.679150879383087158e-01
5.769371986389160156e-01
2.144655287265777588e-01
-2.674470841884613037e-01
5.884592533111572266e-01
1.455329656600952148e-01
-3.519562184810638428e-01
-4.938262403011322021e-01
-6.541759967803955078e-01
-7.937632799148559570e-01
-3.107876777648925781e-01
2.532659769058227539e-01
4.167204797267913818e-01
5.282427072525024414e-01
1.168091595172882080e-02
-3.629807531833648682e-01
-2.758980095386505127e-01
-1.855311691761016846e-01
-2.797466218471527100e-01
-1.522821485996246338e-01
-2.141388505697250366e-01
-1.412697732448577881e-01
-4.572942852973937988e-02
2.974027395248413086e-02
-2.380615770816802979e-01
-2.343721687793731689e-01
-3.704711794853210449e-01
-6.119234561920166016e-01
-6.061582565307617188e-01
-4.479040503501892090e-01
-8.571965992450714111e-02
3.810635209083557129e-02
-4.043610394001007080e-02
-7.962594181299209595e-02
-1.191236674785614014e-01
-2.396197617053985596e-01
-1.036951303482055664e+00
-8.760520219802856445e-01
-1.008742213249206543e+00
-1.019112229347229004e+00
-9.856774806976318359e-01
-9.580494165420532227e-01
-9.412214756011962891e-01
-9.278434514999389648e-01
-6.179417371749877930e-01
-6.321569681167602539e-01
-7.536433935165405273e-01
-5.742392539978027344e-01
-8.918251991271972656e-01
-4.639869034290313721e-01
-1.690983474254608154e-01
2.296462059020996094e-01
2.204611599445343018e-01
-3.889619410037994385e-01
-5.631175041198730469e-01
