2.155066728591918945e-01
8.466061353683471680e-01
7.129467725753784180e-01
8.383716344833374023e-01
2.856693267822265625e+00
1.315472006797790527e+00
1.312718510627746582e+00
1.342194676399230957e+00
1.532074570655822754e+00
1.212593674659729004e+00
2.889269590377807617e-01
1.338532090187072754e+00
1.408704876899719238e+00
1.063700318336486816e+00
7.586128711700439453e-01
7.200886011123657227e-01
1.472386121749877930e-01
-1.764306426048278809e-01
1.138643860816955566e+00
7.216583490371704102e-01
5.773638486862182617e-01
7.119094133377075195e-01
7.117480039596557617e-01
7.117267847061157227e-01
7.117234468460083008e-01
7.117227315902709961e-01
7.117227315902709961e-01
7.117227315902709961e-01
7.117227315902709961e-01
7.400177717208862305e-01
7.117227315902709961e-01
7.117227315902709961e-01
7.117227315902709961e-01
7.117227315902709961e-01
7.117227315902709961e-01
5.713391304016113281e-01
7.117227315902709961e-01
7.117227315902709961e-01
7.117227315902709961e-01
7.117227315902709961e-01
7.117227315902709961e-01
7.117227315902709961e-01
7.117227315902709961e-01
7.117227315902709961e-01
7.117227315902709961e-01
7.117227315902709961e-01
7.117227315902709961e-01
7.117227315902709961e-01
7.117227315902709961e-01
7.117227315902709961e-01
7.117227315902709961e-01
7.117227315902709961e-01
7.117227315902709961e-01
7.117227315902709961e-01
7.117227315902709961e-01
7.117227315902709961e-01
7.117227315902709961e-01
7.117227315902709961e-01
7.117227315902709961e-01
7.117227315902709961e-01
7.117227315902709961e-01
7.117227315902709961e-01
7.117227315902709961e-01
7.117227315902709961e-01
7.117227315902709961e-01
7.117227315902709961e-01
1.021723866462707520e+00
1.034553647041320801e+00
7.117227315902709961e-01
7.117227315902709961e-01
7.117227315902709961e-01
7.117227315902709961e-01
7.117227315902709961e-01
7.117227315902709961e-01
7.117227315902709961e-01
1.323026418685913086e-01
7.117227315902709961e-01
7.117227315902709961e-01
1.231276154518127441e+00
1.231276154518127441e+00
7.043610811233520508e-01
7.039164304733276367e-01
5.327278375625610352e-01
3.289096355438232422e-01
9.770442247390747070e-01
5.742018222808837891e-01
2.043652534484863281e-01
7.118546962738037109e-01
7.117406129837036133e-01
7.114228010177612305e-01
2.947590351104736328e-01
6.208522319793701172e-01
6.847378015518188477e-01
7.082849740982055664e-01
6.707713603973388672e-01
5.831271409988403320e-01
3.773282766342163086e-01
7.117034196853637695e-01
7.117227315902709961e-01
7.117227315902709961e-01
2.033923864364624023e-01
7.117227315902709961e-01
7.117227315902709961e-01
1.034553647041320801e+00
7.117227315902709961e-01
7.117227315902709961e-01
7.117227315902709961e-01
7.117227315902709961e-01
7.117227315902709961e-01
7.117227315902709961e-01
7.117227315902709961e-01
7.117227315902709961e-01
7.117227315902709961e-01
7.117227315902709961e-01
7.117227315902709961e-01
7.117227315902709961e-01
7.117227315902709961e-01
7.117227315902709961e-01
7.117227315902709961e-01
7.117227315902709961e-01
7.117227315902709961e-01
7.117227315902709961e-01
7.117227315902709961e-01
7.117227315902709961e-01
7.117227315902709961e-01
7.117227315902709961e-01
7.117227315902709961e-01
7.117227315902709961e-01
7.117227315902709961e-01
7.117227315902709961e-01
7.117227315902709961e-01
7.117227315902709961e-01
7.117227315902709961e-01
7.117227315902709961e-01
7.117227315902709961e-01
7.117227315902709961e-01
7.117227315902709961e-01
7.117227315902709961e-01
7.117227315902709961e-01
7.117227315902709961e-01
7.117227315902709961e-01
7.117227315902709961e-01
7.117227315902709961e-01
7.117227315902709961e-01
7.117227315902709961e-01
1.034553647041320801e+00
1.034553647041320801e+00
1.230281472206115723e+00
9.084453582763671875e-01
9.084453582763671875e-01
2.639201879501342773e-01
1.345881581306457520e+00
1.184308171272277832e+00
1.345881104469299316e+00
1.099044442176818848e+00
6.194772720336914062e-01
7.039164304733276367e-01
7.039164304733276367e-01
7.039164304733276367e-01
7.039164304733276367e-01
7.039164304733276367e-01
7.039164304733276367e-01
7.039164304733276367e-01
7.039164304733276367e-01
6.866099834442138672e-01
-1.109747886657714844e-01
5.782307386398315430e-01
4.001150131225585938e-01
5.539933443069458008e-01
1.224474072456359863e+00
7.605448961257934570e-01
1.345879197120666504e+00
1.345881581306457520e+00
1.137272715568542480e+00
2.638458013534545898e-01
6.894108057022094727e-01
6.096736192703247070e-01
4.598697423934936523e-01
7.039164304733276367e-01
7.039164304733276367e-01
4.599056243896484375e-01
3.023037910461425781e-01
7.126954793930053711e-01
7.118545770645141602e-01
7.117404937744140625e-01
7.117251157760620117e-01
7.117229700088500977e-01
7.117227315902709961e-01
7.117227315902709961e-01
1.034553647041320801e+00
1.034553647041320801e+00
1.231042027473449707e+00
9.084453582763671875e-01
9.084453582763671875e-01
4.103018045425415039e-01
8.258556127548217773e-01
1.044880747795104980e+00
9.878352880477905273e-01
7.680418491363525391e-01
5.749766826629638672e-01
7.127742767333984375e-01
7.118693590164184570e-01
2.034121751785278320e-01
2.033950090408325195e-01
2.044008970260620117e-01
7.038420438766479492e-01
4.599056243896484375e-01
7.327973842620849609e-01
1.080282330513000488e+00
7.187992334365844727e-01
3.813654184341430664e-01
9.373562335968017578e-01
1.434087634086608887e+00
7.605470418930053711e-01
1.066315770149230957e+00
1.337658047676086426e+00
1.148187279701232910e+00
1.626816391944885254e+00
1.447121739387512207e+00
1.447116255760192871e+00
6.111501455307006836e-01
6.158615350723266602e-01
4.006143808364868164e-01
7.127054929733276367e-01
1.034678339958190918e+00
7.117406129837036133e-01
7.117251157760620117e-01
7.117229700088500977e-01
7.117227315902709961e-01
1.034553647041320801e+00
7.117226123809814453e-01
4.130121469497680664e-01
7.117226123809814453e-01
7.117226123809814453e-01
7.117226123809814453e-01
7.117226123809814453e-01
7.117226123809814453e-01
7.117226123809814453e-01
7.117226123809814453e-01
8.530763387680053711e-01
7.173429727554321289e-01
2.885961532592773438e-01
3.089946508407592773e-01
4.328019618988037109e-01
2.033922672271728516e-01
2.033922672271728516e-01
2.033922672271728516e-01
2.037749290466308594e-01
5.671250820159912109e-01
5.671344995498657227e-01
1.149158835411071777e+00
7.062585353851318359e-01
7.062585353851318359e-01
7.062585353851318359e-01
7.062585353851318359e-01
7.062585353851318359e-01
7.062585353851318359e-01
1.250723958015441895e+00
1.552680611610412598e+00
1.357123017311096191e+00
2.481510639190673828e+00
6.037580966949462891e-01
1.113000035285949707e+00
1.576310753822326660e+00
4.880391359329223633e-01
1.560333371162414551e+00
1.560068249702453613e+00
1.007677197456359863e+00
1.590148806571960449e+00
1.564563870429992676e+00
1.382422566413879395e+00
4.902318716049194336e-01
-1.051003932952880859e-01
-8.197746872901916504e-01
1.217692971229553223e+00
8.985458612442016602e-01
1.219375252723693848e+00
8.418704271316528320e-01
8.366450071334838867e-01
7.968217134475708008e-01
7.907739877700805664e-01
1.112707972526550293e+00
1.191439509391784668e+00
7.819397449493408203e-01
6.920475959777832031e-01
7.523164749145507812e-01
8.286811113357543945e-01
7.955025434494018555e-01
7.905347347259521484e-01
7.898521423339843750e-01
7.897596359252929688e-01
7.897471189498901367e-01
2.814477682113647461e-01
7.897452116012573242e-01
7.897450923919677734e-01
7.897450923919677734e-01
7.897450923919677734e-01
7.897450923919677734e-01
2.823760509490966797e-01
7.897450923919677734e-01
7.897450923919677734e-01
7.897450923919677734e-01
1.112575888633728027e+00
7.884342670440673828e-01
4.678951501846313477e-01
2.815178632736206055e-01
3.550362586975097656e-01
5.154488086700439453e-01
7.897450923919677734e-01
9.077509641647338867e-01
1.112519860267639160e+00
7.897450923919677734e-01
7.897450923919677734e-01
1.112576127052307129e+00
1.112525105476379395e+00
2.103838920593261719e-01
4.069298505783081055e-01
3.532623052597045898e-01
-3.313487768173217773e-02
6.320182085037231445e-01
8.385624885559082031e-01
8.385624885559082031e-01
8.385624885559082031e-01
1.423878788948059082e+00
1.208914637565612793e+00
6.920430660247802734e-01
2.884914875030517578e-01
7.907179594039916992e-01
6.452797651290893555e-01
2.940994501113891602e-01
1.143303990364074707e+00
5.465855598449707031e-01
6.919184923171997070e-01
7.968186140060424805e-01
7.101584672927856445e-01
7.898770570755004883e-01
9.267200231552124023e-01
7.897475957870483398e-01
7.897454500198364258e-01
4.759613275527954102e-01
7.897452116012573242e-01
1.309085965156555176e+00
6.320370435714721680e-01
7.968065738677978516e-01
2.828139066696166992e-01
6.961108446121215820e-01
7.814584970474243164e-01
3.963731527328491211e-01
4.069334268569946289e-01
4.069354534149169922e-01
7.664582729339599609e-01
4.650489091873168945e-01
6.868058443069458008e-01
4.972330331802368164e-01
9.856998920440673828e-01
8.363236188888549805e-01
7.967677116394042969e-01
7.907104492187500000e-01
7.898761034011840820e-01
7.898167371749877930e-01
7.897547483444213867e-01
7.897464036941528320e-01
7.897464036941528320e-01
3.496749401092529297e-01
3.496748208999633789e-01
4.901860952377319336e-01
2.814148664474487305e-01
7.897450923919677734e-01
7.897450923919677734e-01
7.897450923919677734e-01
7.897450923919677734e-01
7.897450923919677734e-01
7.897450923919677734e-01
7.897450923919677734e-01
7.897450923919677734e-01
4.910227060317993164e-01
7.897450923919677734e-01
7.897450923919677734e-01
4.224368333816528320e-01
7.897443771362304688e-01
7.897449731826782227e-01
7.897450923919677734e-01
7.897450923919677734e-01
7.897450923919677734e-01
7.897450923919677734e-01
7.897450923919677734e-01
6.049112081527709961e-01
7.897450923919677734e-01
7.897450923919677734e-01
7.897450923919677734e-01
7.897450923919677734e-01
7.897450923919677734e-01
7.897450923919677734e-01
7.897450923919677734e-01
7.897450923919677734e-01
4.937628507614135742e-01
7.890890836715698242e-01
7.897435426712036133e-01
7.897450923919677734e-01
7.897450923919677734e-01
7.897450923919677734e-01
7.897450923919677734e-01
7.897450923919677734e-01
7.897450923919677734e-01
5.852161645889282227e-01
7.819387912750244141e-01
7.819387912750244141e-01
7.819411754608154297e-01
7.856917381286621094e-01
7.835066318511962891e-01
9.723429679870605469e-01
9.864678382873535156e-01
9.864679574966430664e-01
9.864678382873535156e-01
9.864678382873535156e-01
9.864678382873535156e-01
9.864633083343505859e-01
8.616968393325805664e-01
1.423904061317443848e+00
1.423904061317443848e+00
1.420604348182678223e+00
1.423904061317443848e+00
1.423904061317443848e+00
1.423900723457336426e+00
6.920462846755981445e-01
7.968214750289916992e-01
7.907179594039916992e-01
7.898770570755004883e-01
2.102283239364624023e-01
7.897475957870483398e-01
7.897454500198364258e-01
7.897452116012573242e-01
7.897452116012573242e-01
7.897450923919677734e-01
7.897450923919677734e-01
7.897450923919677734e-01
7.897442579269409180e-01
7.897450923919677734e-01
7.897450923919677734e-01
7.897450923919677734e-01
4.910284280776977539e-01
2.814148664474487305e-01
3.497278690338134766e-01
7.897415161132812500e-01
7.897450923919677734e-01
7.897450923919677734e-01
7.897450923919677734e-01
7.897450923919677734e-01
7.897450923919677734e-01
7.897450923919677734e-01
7.897450923919677734e-01
7.897450923919677734e-01
7.897450923919677734e-01
1.112576127052307129e+00
9.310985803604125977e-01
9.309927225112915039e-01
9.276481866836547852e-01
7.897450923919677734e-01
7.897450923919677734e-01
7.897450923919677734e-01
7.897450923919677734e-01
7.897450923919677734e-01
7.897450923919677734e-01
7.897450923919677734e-01
7.897450923919677734e-01
7.897450923919677734e-01
7.897450923919677734e-01
7.897450923919677734e-01
7.897450923919677734e-01
7.897450923919677734e-01
7.897450923919677734e-01
7.897450923919677734e-01
7.897450923919677734e-01
7.897450923919677734e-01
7.897450923919677734e-01
7.897450923919677734e-01
7.897450923919677734e-01
7.897450923919677734e-01
2.814148664474487305e-01
2.814148664474487305e-01
2.814148664474487305e-01
2.814148664474487305e-01
2.814148664474487305e-01
2.814148664474487305e-01
2.814148664474487305e-01
2.814148664474487305e-01
2.814148664474487305e-01
2.814148664474487305e-01
2.814148664474487305e-01
2.814148664474487305e-01
2.814155817031860352e-01
2.845023870468139648e-01
3.552950620651245117e-01
2.814148664474487305e-01
1.309298634529113770e+00
1.309298634529113770e+00
7.129616737365722656e-01
4.084728956222534180e-01
6.522244215011596680e-01
6.522244215011596680e-01
6.522333621978759766e-01
1.021497845649719238e+00
1.235580801963806152e+00
1.229643464088439941e+00
1.017046570777893066e+00
6.476098299026489258e-01
6.454827785491943359e-01
7.897905111312866211e-01
7.897512912750244141e-01
7.897459268569946289e-01
5.851444005966186523e-01
1.112576127052307129e+00
1.309298634529113770e+00
1.309298634529113770e+00
1.309298634529113770e+00
1.309298634529113770e+00
1.307628273963928223e+00
9.859286546707153320e-01
9.864640235900878906e-01
7.822231054306030273e-01
7.819387912750244141e-01
7.819387912750244141e-01
7.819387912750244141e-01
7.819387912750244141e-01
7.819387912750244141e-01
1.252875924110412598e+00
7.860313653945922852e-01
7.941901683807373047e-01
7.806199789047241211e-01
4.201948642730712891e-01
4.069331884384155273e-01
8.422813415527343750e-01
8.136506080627441406e-01
8.092063665390014648e-01
8.085906505584716797e-01
7.897629737854003906e-01
7.897475957870483398e-01
7.897454500198364258e-01
7.906961441040039062e-01
7.897452116012573242e-01
7.897452116012573242e-01
7.953654527664184570e-01
7.897450923919677734e-01
7.897450923919677734e-01
7.897450923919677734e-01
7.897450923919677734e-01
7.897450923919677734e-01
7.897450923919677734e-01
7.897450923919677734e-01
7.897450923919677734e-01
7.897450923919677734e-01
7.897450923919677734e-01
7.897458076477050781e-01
7.897450923919677734e-01
7.897450923919677734e-01
7.897450923919677734e-01
7.897450923919677734e-01
7.897450923919677734e-01
7.897450923919677734e-01
7.897392511367797852e-01
2.814575433731079102e-01
2.814148664474487305e-01
2.814148664474487305e-01
2.814824581146240234e-01
6.444314718246459961e-01
6.451476812362670898e-01
6.451474428176879883e-01
1.140978455543518066e+00
1.174204707145690918e+00
8.363374471664428711e-01
7.967699766159057617e-01
7.907108068466186523e-01
7.898761034011840820e-01
7.897628545761108398e-01
7.897475957870483398e-01
7.897454500198364258e-01
7.897452116012573242e-01
7.897498607635498047e-01
7.897450923919677734e-01
7.897450923919677734e-01
7.897450923919677734e-01
7.897450923919677734e-01
7.897450923919677734e-01
1.309298634529113770e+00
8.366450071334838867e-01
7.968217134475708008e-01
7.907179594039916992e-01
7.898770570755004883e-01
7.897629737854003906e-01
7.897475957870483398e-01
7.897454500198364258e-01
7.897452116012573242e-01
7.897452116012573242e-01
7.897450923919677734e-01
7.897450923919677734e-01
7.897450923919677734e-01
7.897450923919677734e-01
7.897450923919677734e-01
7.897450923919677734e-01
7.897450923919677734e-01
7.897450923919677734e-01
7.897450923919677734e-01
7.897450923919677734e-01
1.112576127052307129e+00
1.153050541877746582e+00
1.309298634529113770e+00
9.698097705841064453e-01
7.819387912750244141e-01
7.819387912750244141e-01
7.819387912750244141e-01
7.819387912750244141e-01
7.819387912750244141e-01
7.819380760192871094e-01
7.807036638259887695e-01
4.069319963455200195e-01
4.069315195083618164e-01
4.069319963455200195e-01
4.069319963455200195e-01
4.069319963455200195e-01
4.069288969039916992e-01
1.175767779350280762e+00
1.371083855628967285e+00
1.571553826332092285e+00
1.443927407264709473e+00
1.515090107917785645e+00
1.545774102210998535e+00
1.570745110511779785e+00
1.515200257301330566e+00
9.809966087341308594e-01
8.385627269744873047e-01
4.797009229660034180e-01
1.284218430519104004e+00
8.366450071334838867e-01
8.837378025054931641e-01
7.907179594039916992e-01
3.554271459579467773e-01
7.215031385421752930e-01
7.897629737854003906e-01
7.897475957870483398e-01
7.897454500198364258e-01
7.953653335571289062e-01
8.066891431808471680e-01
9.829298257827758789e-01
1.155978798866271973e+00
7.321518659591674805e-01
6.287604570388793945e-01
8.932008743286132812e-01
1.191783070564270020e+00
7.969964742660522461e-01
7.907423973083496094e-01
1.113573193550109863e+00
7.898803949356079102e-01
2.817279100418090820e-01
7.897475957870483398e-01
7.897454500198364258e-01
7.897452116012573242e-01
7.897452116012573242e-01
7.897450923919677734e-01
7.897450923919677734e-01
7.897450923919677734e-01
7.897450923919677734e-01
7.897450923919677734e-01
7.897450923919677734e-01
7.897450923919677734e-01
7.897450923919677734e-01
7.897450923919677734e-01
7.897450923919677734e-01
7.897450923919677734e-01
7.897450923919677734e-01
7.897450923919677734e-01
7.897450923919677734e-01
7.897450923919677734e-01
7.897450923919677734e-01
7.897449731826782227e-01
4.911206960678100586e-01
7.897450923919677734e-01
7.897450923919677734e-01
7.897450923919677734e-01
7.897450923919677734e-01
7.897450923919677734e-01
7.897450923919677734e-01
7.897450923919677734e-01
7.897450923919677734e-01
7.897450923919677734e-01
7.897450923919677734e-01
7.897450923919677734e-01
7.897450923919677734e-01
7.897450923919677734e-01
7.897450923919677734e-01
7.897450923919677734e-01
7.897450923919677734e-01
7.897450923919677734e-01
7.897450923919677734e-01
7.897450923919677734e-01
7.897450923919677734e-01
7.897450923919677734e-01
7.897450923919677734e-01
4.894716739654541016e-01
3.496799468994140625e-01
4.107830524444580078e-01
7.897450923919677734e-01
7.897450923919677734e-01
7.708355188369750977e-01
7.897450923919677734e-01
7.897450923919677734e-01
7.897449731826782227e-01
9.310988187789916992e-01
7.897452116012573242e-01
1.004930377006530762e+00
9.310988187789916992e-01
9.155694246292114258e-01
7.218898534774780273e-01
7.217959165573120117e-01
7.464469671249389648e-01
9.301604032516479492e-01
9.311138391494750977e-01
9.396338462829589844e-01
9.736632108688354492e-01
8.750199079513549805e-01
1.112576127052307129e+00
1.359231114387512207e+00
1.373077034950256348e+00
1.490969777107238770e+00
1.134736418724060059e+00
1.134003758430480957e+00
4.069286584854125977e-01
4.069286584854125977e-01
4.069310426712036133e-01
4.069319963455200195e-01
4.069319963455200195e-01
4.069319963455200195e-01
1.052496552467346191e+00
4.475876092910766602e-01
1.472194314002990723e+00
1.960580945014953613e+00
1.373420357704162598e+00
1.724985003471374512e+00
2.589061260223388672e+00
1.578232884407043457e+00
1.572227597236633301e+00
2.162312030792236328e+00
1.251723885536193848e+00
1.583294987678527832e+00
1.251358866691589355e+00
1.126264214515686035e+00
1.039624571800231934e+00
9.689012765884399414e-01
7.816301584243774414e-01
7.989885807037353516e-01
4.185851812362670898e-01
9.062036275863647461e-01
1.578181862831115723e+00
2.170610427856445312e+00
1.338631033897399902e+00
2.447247505187988281e+00
2.461344718933105469e+00
2.291609287261962891e+00
2.263602733612060547e+00
2.257019996643066406e+00
1.851792454719543457e+00
2.173884868621826172e+00
1.637308716773986816e+00
1.648217797279357910e+00
1.622866749763488770e+00
1.111816525459289551e+00
1.069334626197814941e+00
1.057250142097473145e+00
1.169806838035583496e+00
1.044607758522033691e+00
1.174093842506408691e+00
1.150329470634460449e+00
1.044313311576843262e+00
1.044086575508117676e+00
1.079227328300476074e+00
1.412205815315246582e+00
2.050703525543212891e+00
2.157803058624267578e+00
1.393790364265441895e+00
1.290092110633850098e+00
9.759924411773681641e-01
1.243998885154724121e+00
6.920477151870727539e-01
9.348375797271728516e-01
7.907179594039916992e-01
7.954974174499511719e-01
8.484059572219848633e-01
7.897475957870483398e-01
7.897440195083618164e-01
7.897452116012573242e-01
7.948715686798095703e-01
7.897450923919677734e-01
7.897485494613647461e-01
7.897450923919677734e-01
7.897450923919677734e-01
7.897450923919677734e-01
7.215033769607543945e-01
3.056355714797973633e-01
6.412569284439086914e-01
7.898374795913696289e-01
6.451476812362670898e-01
2.814685106277465820e-01
-1.614648103713989258e-01
4.236749410629272461e-01
5.992645025253295898e-01
7.897450923919677734e-01
7.897450923919677734e-01
7.897450923919677734e-01
7.897450923919677734e-01
7.897450923919677734e-01
7.897450923919677734e-01
7.897450923919677734e-01
7.252856492996215820e-01
7.897450923919677734e-01
7.897515296936035156e-01
7.897450923919677734e-01
7.895203828811645508e-01
7.897450923919677734e-01
7.897404432296752930e-01
1.112233757972717285e+00
7.897450923919677734e-01
7.897450923919677734e-01
7.897450923919677734e-01
7.897450923919677734e-01
7.897450923919677734e-01
7.897465229034423828e-01
1.309298634529113770e+00
1.309298634529113770e+00
1.309298634529113770e+00
1.309263348579406738e+00
7.819387912750244141e-01
7.819387912750244141e-01
6.600137948989868164e-01
9.954501390457153320e-01
1.166996836662292480e+00
1.207601189613342285e+00
1.174578547477722168e+00
1.244879603385925293e+00
1.250451683998107910e+00
1.251235604286193848e+00
1.175796151161193848e+00
1.699759602546691895e+00
1.428045868873596191e+00
1.219375252723693848e+00
1.366664290428161621e+00
7.820988893508911133e-01
8.162596225738525391e-01
7.935554981231689453e-01
7.902652025222778320e-01
7.898155450820922852e-01
7.897546291351318359e-01
7.897464036941528320e-01
9.175122976303100586e-01
7.897452116012573242e-01
7.897450923919677734e-01
7.897450923919677734e-01
7.897450923919677734e-01
8.636251688003540039e-01
8.749489784240722656e-01
8.765089511871337891e-01
5.319730043411254883e-01
2.102093696594238281e-01
2.102093696594238281e-01
4.069319963455200195e-01
8.096238374710083008e-01
6.545130014419555664e-01
7.227721214294433594e-01
8.718183040618896484e-01
6.807361841201782227e-01
7.897689342498779297e-01
7.897483110427856445e-01
7.897455692291259766e-01
7.897452116012573242e-01
7.897452116012573242e-01
7.897450923919677734e-01
7.897450923919677734e-01
7.897450923919677734e-01
7.897450923919677734e-01
7.897450923919677734e-01
7.897450923919677734e-01
7.897450923919677734e-01
7.897450923919677734e-01
7.897450923919677734e-01
7.897437810897827148e-01
7.851250171661376953e-01
3.283146619796752930e-01
3.605431318283081055e-01
7.968128919601440430e-01
1.309298634529113770e+00
1.309298634529113770e+00
1.309298634529113770e+00
1.309298634529113770e+00
1.309298634529113770e+00
1.309298634529113770e+00
1.309298634529113770e+00
1.309298634529113770e+00
1.309298634529113770e+00
1.309298634529113770e+00
1.309298634529113770e+00
1.309296250343322754e+00
8.766824007034301758e-01
7.819387912750244141e-01
7.819387912750244141e-01
9.864678382873535156e-01
8.283979892730712891e-01
6.522299051284790039e-01
2.823885679244995117e-01
7.176374197006225586e-01
6.451624631881713867e-01
1.227183938026428223e+00
1.224985718727111816e+00
1.219375252723693848e+00
1.219375252723693848e+00
1.791406750679016113e+00
1.596688866615295410e+00
1.212065577507019043e+00
6.920475959777832031e-01
2.884923219680786133e-01
7.907179594039916992e-01
7.898770570755004883e-01
7.897629737854003906e-01
7.897475957870483398e-01
7.897454500198364258e-01
7.897452116012573242e-01
7.897452116012573242e-01
7.897450923919677734e-01
7.897450923919677734e-01
7.897450923919677734e-01
7.897450923919677734e-01
9.864678382873535156e-01
5.379139184951782227e-01
6.522244215011596680e-01
7.897628545761108398e-01
7.898770570755004883e-01
7.897629737854003906e-01
7.897475957870483398e-01
7.897454500198364258e-01
7.897452116012573242e-01
4.910293817520141602e-01
7.894533872604370117e-01
3.501995801925659180e-01
3.534338474273681641e-01
7.897450923919677734e-01
7.897450923919677734e-01
7.897450923919677734e-01
7.897450923919677734e-01
7.897450923919677734e-01
7.897450923919677734e-01
7.897450923919677734e-01
7.897450923919677734e-01
7.897450923919677734e-01
1.112317681312561035e+00
1.309267640113830566e+00
9.864761829376220703e-01
9.779640436172485352e-01
4.797117710113525391e-01
7.891024351119995117e-01
7.898770570755004883e-01
7.897629737854003906e-01
7.897475957870483398e-01
7.897454500198364258e-01
7.897452116012573242e-01
7.897452116012573242e-01
7.897450923919677734e-01
7.897450923919677734e-01
7.897450923919677734e-01
7.897450923919677734e-01
7.897450923919677734e-01
7.897450923919677734e-01
7.897453308105468750e-01
9.310988187789916992e-01
9.310989379882812500e-01
7.897450923919677734e-01
8.366448879241943359e-01
9.449201822280883789e-01
2.824295759201049805e-01
7.215806245803833008e-01
2.814514636993408203e-01
6.451500654220581055e-01
6.782618761062622070e-01
7.842739820480346680e-01
5.370672941207885742e-01
8.471478223800659180e-01
1.494809746742248535e+00
2.370981693267822266e+00
1.851838707923889160e+00
1.438507437705993652e+00
2.048742294311523438e+00
1.004600644111633301e+00
1.942808747291564941e+00
2.293191909790039062e+00
2.289377689361572266e+00
1.993596673011779785e+00
1.713812947273254395e+00
1.759300351142883301e+00
1.940088391304016113e+00
1.981216549873352051e+00
1.562747120857238770e+00
1.562747120857238770e+00
4.929692745208740234e-01
2.179657220840454102e-01
9.088946580886840820e-01
1.597030282020568848e+00
1.438016295433044434e+00
8.366450071334838867e-01
7.968217134475708008e-01
2.824676036834716797e-01
2.815468311309814453e-01
7.897629737854003906e-01
9.612830877304077148e-01
5.330386161804199219e-01
2.102094888687133789e-01
4.040640592575073242e-01
4.069329500198364258e-01
7.819387912750244141e-01
1.274081349372863770e+00
1.276338696479797363e+00
1.514992356300354004e+00
1.597067475318908691e+00
1.810602784156799316e+00
1.423831582069396973e+00
1.423714280128479004e+00
1.423904061317443848e+00
8.469384908676147461e-01
9.101337194442749023e-01
8.447632789611816406e-01
9.080700874328613281e-01
6.912399530410766602e-01
7.966781854629516602e-01
7.906979322433471680e-01
7.898743152618408203e-01
7.897626161575317383e-01
7.897474765777587891e-01
7.897454500198364258e-01
2.114239931106567383e-01
2.102094888687133789e-01
1.309297204017639160e+00
1.309298634529113770e+00
7.486742734909057617e-01
3.085038661956787109e-01
6.461189985275268555e-01
7.898770570755004883e-01
2.814327478408813477e-01
7.225614786148071289e-01
7.897454500198364258e-01
7.897452116012573242e-01
7.897452116012573242e-01
4.909496307373046875e-01
2.814148664474487305e-01
2.814148664474487305e-01
7.897602319717407227e-01
5.852161645889282227e-01
7.897450923919677734e-01
9.091464281082153320e-01
4.847718477249145508e-01
2.814151048660278320e-01
7.897450923919677734e-01
7.887331247329711914e-01
3.738225698471069336e-01
4.974317550659179688e-01
7.819368839263916016e-01
6.321356296539306641e-01
7.968215942382812500e-01
3.506475687026977539e-01
9.863994121551513672e-01
1.205876708030700684e+00
1.255233645439147949e+00
6.942180395126342773e-01
6.928590536117553711e-01
6.920545101165771484e-01
7.533373832702636719e-01
6.522246599197387695e-01
6.461205482482910156e-01
7.898770570755004883e-01
7.897629737854003906e-01
7.897475957870483398e-01
7.897454500198364258e-01
7.897452116012573242e-01
7.895625829696655273e-01
4.697536230087280273e-01
7.897450923919677734e-01
7.897450923919677734e-01
7.897450923919677734e-01
7.897450923919677734e-01
7.897450923919677734e-01
7.897450923919677734e-01
7.897450923919677734e-01
7.897450923919677734e-01
7.897450923919677734e-01
7.897450923919677734e-01
7.897450923919677734e-01
7.897450923919677734e-01
7.897450923919677734e-01
7.897450923919677734e-01
7.897453308105468750e-01
2.814148664474487305e-01
2.814731597900390625e-01
2.816365957260131836e-01
1.231710553169250488e+00
1.656365513801574707e+00
7.942622900009155273e-01
7.659521102905273438e-01
1.309298634529113770e+00
6.920475959777832031e-01
1.234258294105529785e+00
1.016674637794494629e+00
6.460739374160766602e-01
4.917885065078735352e-01
3.871463537216186523e-01
7.897608280181884766e-01
7.897472381591796875e-01
7.897454500198364258e-01
7.897452116012573242e-01
4.910284280776977539e-01
2.820628881454467773e-01
7.888305187225341797e-01
3.533320426940917969e-01
7.897450923919677734e-01
7.897450923919677734e-01
7.897450923919677734e-01
9.310988187789916992e-01
7.897450923919677734e-01
7.897450923919677734e-01
7.897450923919677734e-01
7.897450923919677734e-01
7.897450923919677734e-01
7.897450923919677734e-01
7.897450923919677734e-01
7.897450923919677734e-01
7.897450923919677734e-01
7.897450923919677734e-01
7.897450923919677734e-01
2.814148664474487305e-01
4.910262823104858398e-01
7.819387912750244141e-01
9.771770238876342773e-01
9.381656646728515625e-01
7.907179594039916992e-01
7.898790836334228516e-01
7.897629737854003906e-01
3.496865034103393555e-01
4.910283088684082031e-01
7.897452116012573242e-01
7.897452116012573242e-01
9.591042995452880859e-01
1.112576127052307129e+00
1.557337880134582520e+00
1.667088150978088379e+00
2.262047290802001953e+00
2.280480861663818359e+00
1.309298634529113770e+00
1.309298634529113770e+00
9.864678382873535156e-01
7.819387912750244141e-01
7.819387912750244141e-01
7.108814716339111328e-01
6.474950313568115234e-01
1.597899079322814941e+00
9.071282148361206055e-01
-8.396460413932800293e-01
1.736348509788513184e+00
1.649368882179260254e+00
1.103381276130676270e+00
1.112655282020568848e+00
1.426455140113830566e+00
2.059242248535156250e+00
2.081864833831787109e+00
2.171642303466796875e+00
1.933181881904602051e+00
1.751702427864074707e+00
-5.009257793426513672e-02
4.472672939300537109e-02
2.639865875244140625e-02
9.773828983306884766e-01
-6.336921453475952148e-01
9.771803617477416992e-01
9.862219095230102539e-01
-6.337233781814575195e-01
-7.307912111282348633e-01
1.480041146278381348e+00
1.968868374824523926e+00
2.494089603424072266e+00
6.726130247116088867e-01
1.172638297080993652e+00
1.369207024574279785e+00
1.310026764869689941e+00
1.022430062294006348e+00
1.250589966773986816e+00
1.416244626045227051e+00
2.370412349700927734e+00
1.964243531227111816e+00
1.450301527976989746e+00
6.887396574020385742e-01
6.522244215011596680e-01
7.907179594039916992e-01
4.486155509948730469e-01
1.211251378059387207e+00
1.242425799369812012e+00
1.224973320960998535e+00
1.040567040443420410e+00
1.219377636909484863e+00
1.138004183769226074e+00
8.362579345703125000e-01
7.056374549865722656e-01
6.912965774536132812e-01
7.966963052749633789e-01
7.914955615997314453e-01
7.879315614700317383e-01
7.898746728897094727e-01
7.897626161575317383e-01
7.897474765777587891e-01
7.181283235549926758e-01
2.814148664474487305e-01
2.814148664474487305e-01
6.450082063674926758e-01
6.451476812362670898e-01
8.619219064712524414e-01
1.219375252723693848e+00
1.744645476341247559e+00
1.219380497932434082e+00
1.219375252723693848e+00
1.219375252723693848e+00
1.229365944862365723e+00
6.340584754943847656e-01
1.219369292259216309e+00
2.019950866699218750e+00
1.636343598365783691e+00
1.386844754219055176e+00
8.366450071334838867e-01
7.407566308975219727e-01
7.907179594039916992e-01
7.898770570755004883e-01
7.691974639892578125e-01
8.366428613662719727e-01
2.885011434555053711e-01
7.907179594039916992e-01
7.898770570755004883e-01
7.897629737854003906e-01
7.897475957870483398e-01
7.897454500198364258e-01
7.897452116012573242e-01
7.897452116012573242e-01
7.897450923919677734e-01
7.897450923919677734e-01
7.897450923919677734e-01
7.897450923919677734e-01
7.897450923919677734e-01
7.897450923919677734e-01
7.897450923919677734e-01
7.897450923919677734e-01
7.897450923919677734e-01
7.897450923919677734e-01
7.897450923919677734e-01
7.897450923919677734e-01
7.897450923919677734e-01
7.897450923919677734e-01
7.897450923919677734e-01
7.897450923919677734e-01
7.897450923919677734e-01
7.897450923919677734e-01
7.897450923919677734e-01
7.897450923919677734e-01
7.897450923919677734e-01
7.897450923919677734e-01
7.897450923919677734e-01
7.897450923919677734e-01
7.897450923919677734e-01
7.897450923919677734e-01
7.897450923919677734e-01
7.897450923919677734e-01
7.897450923919677734e-01
7.897450923919677734e-01
7.897450923919677734e-01
7.897450923919677734e-01
7.897450923919677734e-01
7.897450923919677734e-01
7.897450923919677734e-01
7.897450923919677734e-01
7.897450923919677734e-01
7.897450923919677734e-01
7.897450923919677734e-01
7.897450923919677734e-01
7.897450923919677734e-01
4.910284280776977539e-01
3.789809942245483398e-01
4.910284280776977539e-01
9.864678382873535156e-01
8.366450071334838867e-01
7.968217134475708008e-01
7.907179594039916992e-01
7.898770570755004883e-01
7.897629737854003906e-01
7.897475957870483398e-01
7.897454500198364258e-01
7.897452116012573242e-01
7.897452116012573242e-01
7.897448539733886719e-01
3.497422933578491211e-01
3.496748208999633789e-01
7.897450923919677734e-01
9.838254451751708984e-01
5.368298292160034180e-01
4.160443544387817383e-01
4.918380975723266602e-01
4.910544157028198242e-01
3.533991575241088867e-01
2.814172506332397461e-01
4.158272743225097656e-01
4.904838800430297852e-01
4.910281896591186523e-01
1.188784003257751465e+00
1.512109875679016113e+00
1.423904061317443848e+00
1.423904061317443848e+00
1.423904061317443848e+00
1.302522778511047363e+00
1.308277726173400879e+00
8.786231279373168945e-01
4.781376123428344727e-01
4.806194305419921875e-01
5.378965139389038086e-01
4.980989694595336914e-01
4.919863939285278320e-01
4.717721939086914062e-01
4.907604455947875977e-01
7.897475957870483398e-01
7.897622585296630859e-01
7.897452116012573242e-01
9.125782251358032227e-01
7.897450923919677734e-01
7.897450923919677734e-01
4.910284280776977539e-01
2.814153432846069336e-01
7.897450923919677734e-01
7.897450923919677734e-01
7.897450923919677734e-01
7.897450923919677734e-01
7.897450923919677734e-01
7.897450923919677734e-01
7.897450923919677734e-01
7.897450923919677734e-01
7.897450923919677734e-01
3.496747016906738281e-01
4.820953607559204102e-01
4.903794527053833008e-01
4.909977912902832031e-01
4.910284280776977539e-01
4.910284280776977539e-01
7.897440195083618164e-01
7.897450923919677734e-01
7.897450923919677734e-01
1.297260403633117676e+00
8.318142890930175781e-01
9.373551607131958008e-01
7.906060218811035156e-01
7.898617982864379883e-01
7.897609472274780273e-01
7.897472381591796875e-01
7.897454500198364258e-01
7.897452116012573242e-01
7.897450923919677734e-01
7.897450923919677734e-01
7.897450923919677734e-01
7.897450923919677734e-01
7.897450923919677734e-01
7.897449731826782227e-01
3.510028123855590820e-01
7.897450923919677734e-01
9.310988187789916992e-01
7.897450923919677734e-01
5.246282815933227539e-01
5.843554735183715820e-01
1.309218049049377441e+00
6.241704225540161133e-01
3.730026483535766602e-01
7.907172441482543945e-01
1.164090037345886230e+00
1.309298634529113770e+00
1.309298634529113770e+00
1.308780550956726074e+00
9.864673614501953125e-01
7.819389104843139648e-01
7.819387912750244141e-01
4.964880943298339844e-01
2.884914875030517578e-01
7.903871536254882812e-01
7.898770570755004883e-01
4.910464286804199219e-01
7.897475957870483398e-01
7.897454500198364258e-01
7.897452116012573242e-01
7.897452116012573242e-01
1.112576127052307129e+00
5.852204561233520508e-01
5.458468198776245117e-01
6.920378208160400391e-01
6.923345327377319336e-01
1.061284422874450684e+00
1.274074673652648926e+00
1.062369942665100098e+00
1.102553963661193848e+00
1.025961518287658691e+00
3.561733961105346680e-01
7.899347543716430664e-01
7.897707223892211914e-01
7.214883565902709961e-01
2.814153432846069336e-01
6.451479196548461914e-01
1.423902869224548340e+00
1.390517354011535645e+00
1.423904061317443848e+00
8.418704271316528320e-01
6.907340288162231445e-01
2.884914875030517578e-01
7.819387912750244141e-01
1.159475922584533691e+00
7.819387912750244141e-01
-3.306591510772705078e-02
1.423904061317443848e+00
1.423902630805969238e+00
1.302496552467346191e+00
1.513493657112121582e+00
1.525966048240661621e+00
1.661110997200012207e+00
1.249881386756896973e+00
1.144099354743957520e+00
1.459273457527160645e+00
1.250252366065979004e+00
1.126363158226013184e+00
1.076473593711853027e+00
1.105362057685852051e+00
1.126442074775695801e+00
1.082467675209045410e+00
1.138147950172424316e+00
1.614481091499328613e+00
1.004959940910339355e+00
1.074970364570617676e+00
1.082309365272521973e+00
1.082739949226379395e+00
2.096268653869628906e+00
1.235212445259094238e+00
1.217303395271301270e+00
1.216828465461730957e+00
1.147923111915588379e+00
1.147925019264221191e+00
1.445834994316101074e+00
1.126230359077453613e+00
2.469971656799316406e+00
1.323151230812072754e+00
1.613134264945983887e+00
1.103383660316467285e+00
1.705080151557922363e+00
1.103383660316467285e+00
1.119971871376037598e+00
1.206038117408752441e+00
1.290594220161437988e+00
1.508487582206726074e+00
1.512299656867980957e+00
1.296712517738342285e+00
1.752906680107116699e+00
1.613133788108825684e+00
1.484122872352600098e+00
2.718112468719482422e+00
1.310868859291076660e+00
2.507385253906250000e+00
3.003541946411132812e+00
1.532509207725524902e+00
1.532504200935363770e+00
1.580929875373840332e+00
1.799080729484558105e+00
2.440236568450927734e+00
3.367486476898193359e+00
3.549200057983398438e+00
3.547889709472656250e+00
2.800379753112792969e+00
1.282357335090637207e+00
2.213818073272705078e+00
1.364274382591247559e+00
1.875752329826354980e+00
1.941592097282409668e+00
1.834807753562927246e+00
1.770289063453674316e+00
1.484875559806823730e+00
1.233839631080627441e+00
5.486360788345336914e-01
5.708112716674804688e-01
-6.102716922760009766e-02
-5.767192244529724121e-01
6.791080236434936523e-01
8.765268325805664062e-01
7.897475957870483398e-01
1.108864426612854004e+00
7.897452116012573242e-01
7.897452116012573242e-01
7.897450923919677734e-01
7.897450923919677734e-01
7.897450923919677734e-01
7.897450923919677734e-01
7.897450923919677734e-01
7.897450923919677734e-01
7.897450923919677734e-01
7.897450923919677734e-01
7.897450923919677734e-01
7.897450923919677734e-01
7.897450923919677734e-01
7.897450923919677734e-01
7.897450923919677734e-01
7.897450923919677734e-01
7.897450923919677734e-01
7.897450923919677734e-01
7.897450923919677734e-01
7.897450923919677734e-01
7.953654527664184570e-01
6.166338920593261719e-01
7.897450923919677734e-01
7.897450923919677734e-01
7.897450923919677734e-01
7.897450923919677734e-01
7.897450923919677734e-01
7.897450923919677734e-01
7.897450923919677734e-01
7.897450923919677734e-01
7.897450923919677734e-01
7.897450923919677734e-01
7.905040979385375977e-01
7.897450923919677734e-01
7.897450923919677734e-01
7.897450923919677734e-01
7.897450923919677734e-01
7.897450923919677734e-01
7.897450923919677734e-01
7.897450923919677734e-01
7.897450923919677734e-01
7.897450923919677734e-01
7.897450923919677734e-01
7.897450923919677734e-01
7.897450923919677734e-01
7.897450923919677734e-01
7.897450923919677734e-01
7.897450923919677734e-01
7.897450923919677734e-01
7.897450923919677734e-01
7.897450923919677734e-01
7.897450923919677734e-01
7.897450923919677734e-01
7.897450923919677734e-01
7.897450923919677734e-01
7.897450923919677734e-01
7.897450923919677734e-01
7.897450923919677734e-01
7.897450923919677734e-01
7.897450923919677734e-01
7.897450923919677734e-01
7.897450923919677734e-01
7.897450923919677734e-01
7.897450923919677734e-01
7.897450923919677734e-01
7.897450923919677734e-01
7.897450923919677734e-01
7.897450923919677734e-01
7.897450923919677734e-01
7.897450923919677734e-01
7.897450923919677734e-01
1.107820868492126465e+00
7.897450923919677734e-01
7.897450923919677734e-01
7.897450923919677734e-01
7.897450923919677734e-01
7.897452116012573242e-01
1.309298634529113770e+00
1.308993220329284668e+00
7.903116941452026367e-01
7.819387912750244141e-01
7.819387912750244141e-01
7.444744110107421875e-01
4.069353342056274414e-01
4.069319963455200195e-01
7.819387912750244141e-01
6.920475959777832031e-01
7.968217134475708008e-01
7.907179594039916992e-01
5.853482484817504883e-01
5.852340459823608398e-01
7.897425889968872070e-01
7.897254228591918945e-01
7.897454500198364258e-01
2.814155817031860352e-01
7.897452116012573242e-01
2.814148664474487305e-01
7.897450923919677734e-01
7.897450923919677734e-01
7.897450923919677734e-01
7.897450923919677734e-01
7.897450923919677734e-01
7.897450923919677734e-01
7.897450923919677734e-01
7.897450923919677734e-01
7.897450923919677734e-01
7.897450923919677734e-01
2.102093696594238281e-01
2.102093696594238281e-01
4.069319963455200195e-01
4.069319963455200195e-01
4.069319963455200195e-01
6.020543575286865234e-01
3.283272981643676758e-01
7.982164621353149414e-01
7.907179594039916992e-01
7.898770570755004883e-01
7.897629737854003906e-01
9.423545598983764648e-01
7.897454500198364258e-01
7.897452116012573242e-01
7.897452116012573242e-01
7.897450923919677734e-01
7.897450923919677734e-01
7.897450923919677734e-01
7.897450923919677734e-01
7.897450923919677734e-01
7.897450923919677734e-01
7.897450923919677734e-01
7.897450923919677734e-01
7.897450923919677734e-01
7.897450923919677734e-01
7.897450923919677734e-01
7.897450923919677734e-01
7.897450923919677734e-01
1.309267163276672363e+00
1.309298634529113770e+00
1.309298634529113770e+00
1.309298634529113770e+00
1.309298634529113770e+00
1.309298634529113770e+00
1.309298157691955566e+00
9.865194559097290039e-01
9.864302873611450195e-01
9.508364200592041016e-01
6.920517683029174805e-01
3.283146619796752930e-01
8.333804607391357422e-01
7.958819866180419922e-01
7.898770570755004883e-01
7.897629737854003906e-01
7.897475957870483398e-01
7.897454500198364258e-01
7.897452116012573242e-01
2.814148664474487305e-01
2.814148664474487305e-01
2.814148664474487305e-01
2.814148664474487305e-01
2.814148664474487305e-01
2.814149856567382812e-01
4.069319963455200195e-01
8.366450071334838867e-01
7.968217134475708008e-01
7.907179594039916992e-01
7.898770570755004883e-01
7.897629737854003906e-01
7.897475957870483398e-01
7.897454500198364258e-01
7.897452116012573242e-01
7.897452116012573242e-01
7.897450923919677734e-01
7.897450923919677734e-01
1.112025141716003418e+00
1.112576127052307129e+00
7.897450923919677734e-01
7.897450923919677734e-01
7.897450923919677734e-01
7.897450923919677734e-01
7.897450923919677734e-01
7.897450923919677734e-01
7.214850187301635742e-01
7.897450923919677734e-01
7.897450923919677734e-01
7.897450923919677734e-01
7.897450923919677734e-01
7.897450923919677734e-01
7.897450923919677734e-01
7.897450923919677734e-01
7.897450923919677734e-01
2.814155817031860352e-01
7.897450923919677734e-01
7.897450923919677734e-01
7.897450923919677734e-01
7.897450923919677734e-01
7.897450923919677734e-01
7.897450923919677734e-01
7.897450923919677734e-01
7.897450923919677734e-01
7.897450923919677734e-01
7.897450923919677734e-01
2.866214513778686523e-01
7.897450923919677734e-01
7.897450923919677734e-01
7.897490262985229492e-01
7.897450923919677734e-01
7.897450923919677734e-01
7.897450923919677734e-01
7.897450923919677734e-01
7.897450923919677734e-01
7.897450923919677734e-01
7.897450923919677734e-01
7.897450923919677734e-01
7.897450923919677734e-01
7.897450923919677734e-01
7.897450923919677734e-01
7.897450923919677734e-01
9.310988187789916992e-01
7.897450923919677734e-01
7.897450923919677734e-01
7.897450923919677734e-01
5.860823392868041992e-01
1.112576127052307129e+00
8.324354887008666992e-01
3.283146619796752930e-01
2.884914875030517578e-01
2.823877334594726562e-01
7.898770570755004883e-01
7.897629737854003906e-01
7.897475957870483398e-01
2.814152240753173828e-01
9.753283262252807617e-01
5.419450998306274414e-01
5.106128454208374023e-01
5.108245611190795898e-01
2.814148664474487305e-01
2.814148664474487305e-01
2.915146350860595703e-01
6.451476812362670898e-01
6.451476812362670898e-01
1.227181553840637207e+00
7.842729091644287109e-01
7.777278423309326172e-01
9.083936214447021484e-01
7.842738628387451172e-01
7.842738628387451172e-01
7.842738628387451172e-01
8.767521381378173828e-01
1.037321448326110840e+00
1.037321448326110840e+00
1.387193799018859863e+00
1.123057961463928223e+00
9.809966087341308594e-01
9.809966087341308594e-01
9.809966087341308594e-01
9.809966087341308594e-01
9.809966087341308594e-01
9.809966087341308594e-01
9.809967279434204102e-01
1.563995957374572754e+00
1.219375252723693848e+00
1.219414830207824707e+00
7.706663608551025391e-01
8.438887596130371094e-01
7.968097925186157227e-01
7.224577665328979492e-01
7.216157913208007812e-01
7.897629737854003906e-01
7.897475957870483398e-01
7.897454500198364258e-01
7.897452116012573242e-01
7.897452116012573242e-01
2.102094888687133789e-01
3.836842775344848633e-01
4.069319963455200195e-01
4.069319963455200195e-01
4.069319963455200195e-01
4.069319963455200195e-01
4.069319963455200195e-01
4.069319963455200195e-01
4.069322347640991211e-01
4.096401929855346680e-01
7.338491678237915039e-01
1.104055523872375488e+00
1.104769825935363770e+00
1.105126500129699707e+00
1.106335282325744629e+00
7.842043638229370117e-01
5.999417304992675781e-01
6.920475959777832031e-01
6.522244215011596680e-01
1.154239773750305176e+00
7.900825738906860352e-01
7.897907495498657227e-01
7.897512912750244141e-01
7.897459268569946289e-01
7.897452116012573242e-01
7.897452116012573242e-01
7.897450923919677734e-01
7.897450923919677734e-01
7.897450923919677734e-01
7.897450923919677734e-01
7.897450923919677734e-01
7.897450923919677734e-01
7.897450923919677734e-01
7.897450923919677734e-01
7.897450923919677734e-01
7.897450923919677734e-01
7.897450923919677734e-01
7.897450923919677734e-01
7.897450923919677734e-01
7.897450923919677734e-01
7.897450923919677734e-01
7.897450923919677734e-01
7.897450923919677734e-01
7.897450923919677734e-01
7.897450923919677734e-01
7.897450923919677734e-01
7.897450923919677734e-01
7.897450923919677734e-01
7.897450923919677734e-01
7.897450923919677734e-01
7.897450923919677734e-01
7.897450923919677734e-01
7.897450923919677734e-01
7.897450923919677734e-01
7.897450923919677734e-01
7.897450923919677734e-01
7.897450923919677734e-01
7.897450923919677734e-01
7.897450923919677734e-01
7.897450923919677734e-01
7.897450923919677734e-01
7.897450923919677734e-01
7.897450923919677734e-01
7.897450923919677734e-01
7.897450923919677734e-01
7.897450923919677734e-01
7.897450923919677734e-01
7.897450923919677734e-01
1.112576127052307129e+00
7.902879714965820312e-01
2.814148664474487305e-01
2.814148664474487305e-01
2.814148664474487305e-01
2.814148664474487305e-01
4.436571598052978516e-01
-3.313827514648437500e-02
5.370303392410278320e-01
3.567812442779541016e-01
7.907179594039916992e-01
7.898770570755004883e-01
5.858061313629150391e-01
5.899891853332519531e-01
7.897454500198364258e-01
7.897452116012573242e-01
7.897452116012573242e-01
7.911633253097534180e-01
9.310971498489379883e-01
7.897450923919677734e-01
7.214833498001098633e-01
7.897450923919677734e-01
7.897453308105468750e-01
5.755585432052612305e-01
1.112575888633728027e+00
7.897450923919677734e-01
2.814148664474487305e-01
7.897450923919677734e-01
1.168372750282287598e+00
1.309282660484313965e+00
9.864667654037475586e-01
8.366448879241943359e-01
2.884914875030517578e-01
7.401338815689086914e-01
3.584246635437011719e-01
2.814327478408813477e-01
2.814172506332397461e-01
-3.313821554183959961e-02
8.352285623550415039e-01
3.939473628997802734e-01
3.563448190689086914e-01
6.460214853286743164e-01
2.815376520156860352e-01
2.814315557479858398e-01
2.814171314239501953e-01
2.814152240753173828e-01
7.897452116012573242e-01
7.787151336669921875e-01
7.897450923919677734e-01
7.897450923919677734e-01
7.897479534149169922e-01
7.897450923919677734e-01
7.897450923919677734e-01
7.897450923919677734e-01
1.112575650215148926e+00
7.897450923919677734e-01
7.897450923919677734e-01
7.897450923919677734e-01
7.897450923919677734e-01
7.897450923919677734e-01
7.897450923919677734e-01
7.897450923919677734e-01
7.897450923919677734e-01
7.897450923919677734e-01
7.897450923919677734e-01
7.897450923919677734e-01
7.897450923919677734e-01
7.897450923919677734e-01
7.897450923919677734e-01
7.897450923919677734e-01
7.897450923919677734e-01
7.897450923919677734e-01
7.897450923919677734e-01
7.897450923919677734e-01
7.897452116012573242e-01
9.900423288345336914e-01
8.753017187118530273e-01
8.764642477035522461e-01
8.767144680023193359e-01
8.767484426498413086e-01
8.767529726028442383e-01
8.767536878585815430e-01
8.767536878585815430e-01
1.199584126472473145e+00
1.567080378532409668e+00
2.354950428009033203e+00
1.309298634529113770e+00
1.132125973701477051e+00
7.968217134475708008e-01
7.907179594039916992e-01
7.898770570755004883e-01
7.897629737854003906e-01
7.897475957870483398e-01
7.897454500198364258e-01
7.897458076477050781e-01
1.307895541191101074e+00
8.510378599166870117e-01
8.023382425308227539e-01
7.907083034515380859e-01
1.290457367897033691e+00
1.296895623207092285e+00
1.309218525886535645e+00
7.819387912750244141e-01
7.251031398773193359e-01
4.069319963455200195e-01
4.069319963455200195e-01
2.874451875686645508e-01
-3.301805257797241211e-02
8.418704271316528320e-01
1.087477326393127441e+00
6.522225141525268555e-01
7.907179594039916992e-01
1.112706780433654785e+00
1.112593770027160645e+00
7.897475957870483398e-01
7.897454500198364258e-01
7.897452116012573242e-01
7.897658348083496094e-01
7.953649759292602539e-01
8.066891431808471680e-01
8.082698583602905273e-01
3.683904409408569336e-01
6.451476812362670898e-01
7.818391323089599609e-01
7.035788297653198242e-01
9.101744890213012695e-01
4.069319963455200195e-01
8.366450071334838867e-01
7.968217134475708008e-01
7.907179594039916992e-01
7.898770570755004883e-01
7.897629737854003906e-01
7.897475957870483398e-01
7.897454500198364258e-01
7.897452116012573242e-01
7.897452116012573242e-01
7.897450923919677734e-01
7.897450923919677734e-01
7.897450923919677734e-01
7.897450923919677734e-01
7.897450923919677734e-01
7.897450923919677734e-01
7.897450923919677734e-01
7.897450923919677734e-01
7.897450923919677734e-01
7.897450923919677734e-01
1.103833079338073730e+00
1.114964127540588379e+00
7.819387912750244141e-01
7.819111347198486328e-01
-3.313446044921875000e-02
3.361369371414184570e-01
1.423904061317443848e+00
1.274081826210021973e+00
1.273200154304504395e+00
6.922645568847656250e-01
6.522607803344726562e-01
7.907229661941528320e-01
7.898777723312377930e-01
7.897630929946899414e-01
7.897475957870483398e-01
7.897454500198364258e-01
7.897452116012573242e-01
7.897452116012573242e-01
7.897450923919677734e-01
7.897450923919677734e-01
7.897450923919677734e-01
7.897450923919677734e-01
7.897450923919677734e-01
7.897450923919677734e-01
1.066307663917541504e+00
7.897450923919677734e-01
7.897450923919677734e-01
7.897450923919677734e-01
7.897450923919677734e-01
7.897450923919677734e-01
7.897450923919677734e-01
7.897450923919677734e-01
7.876807451248168945e-01
3.436590433120727539e-01
2.814148664474487305e-01
9.310876131057739258e-01
9.861959218978881836e-01
1.159361720085144043e+00
3.261979818344116211e-01
-3.313833475112915039e-02
1.308623433113098145e+00
9.398065805435180664e-01
1.086588978767395020e+00
1.141326308250427246e+00
9.755245447158813477e-01
1.872585654258728027e+00
2.673415660858154297e+00
2.674448490142822266e+00
2.669071197509765625e+00
1.831457734107971191e+00
1.412096142768859863e+00
8.385624885559082031e-01
1.211199641227722168e+00
1.307030320167541504e+00
8.366450071334838867e-01
7.968217134475708008e-01
3.036782741546630859e-01
6.452773809432983398e-01
2.815655469894409180e-01
8.351417779922485352e-01
9.859662055969238281e-01
8.366442918777465820e-01
7.968217134475708008e-01
9.320701360702514648e-01
7.954987287521362305e-01
7.897629737854003906e-01
7.897475957870483398e-01
7.897454500198364258e-01
7.897452116012573242e-01
7.897452116012573242e-01
7.897450923919677734e-01
7.897450923919677734e-01
7.897450923919677734e-01
7.897450923919677734e-01
7.897450923919677734e-01
7.897450923919677734e-01
7.897450923919677734e-01
7.897450923919677734e-01
7.897450923919677734e-01
7.897450923919677734e-01
7.897385358810424805e-01
9.300001859664916992e-01
7.897450923919677734e-01
7.897450923919677734e-01
7.897450923919677734e-01
9.118005037307739258e-01
7.897450923919677734e-01
7.897450923919677734e-01
7.897450923919677734e-01
3.892320394515991211e-01
7.897450923919677734e-01
7.897450923919677734e-01
7.897450923919677734e-01
2.814149856567382812e-01
7.897450923919677734e-01
7.897450923919677734e-01
2.814148664474487305e-01
2.814873456954956055e-01
2.814148664474487305e-01
2.814258337020874023e-01
2.814196348190307617e-01
4.910279512405395508e-01
9.301807880401611328e-01
8.172353506088256836e-01
7.937047481536865234e-01
7.902857065200805664e-01
7.898184061050415039e-01
7.897549867630004883e-01
7.897464036941528320e-01
7.897453308105468750e-01
7.897452116012573242e-01
1.127907156944274902e+00
1.114723324775695801e+00
5.855180025100708008e-01
7.819387912750244141e-01
7.819387912750244141e-01
7.819387912750244141e-01
7.819387912750244141e-01
3.283149003982543945e-01
9.380867481231689453e-01
7.907179594039916992e-01
7.824708223342895508e-01
1.101741433143615723e+00
1.308606982231140137e+00
1.309298634529113770e+00
1.309298634529113770e+00
1.309298634529113770e+00
1.309298634529113770e+00
1.309298634529113770e+00
1.309298634529113770e+00
1.309298634529113770e+00
9.864678382873535156e-01
9.686883687973022461e-01
7.968217134475708008e-01
7.907179594039916992e-01
7.898770570755004883e-01
7.897629737854003906e-01
1.112578511238098145e+00
7.897454500198364258e-01
7.897452116012573242e-01
7.897452116012573242e-01
7.897450923919677734e-01
7.897450923919677734e-01
7.897450923919677734e-01
7.897450923919677734e-01
7.897450923919677734e-01
7.897450923919677734e-01
7.897450923919677734e-01
7.897450923919677734e-01
7.897450923919677734e-01
8.271826505661010742e-01
2.814148664474487305e-01
2.814148664474487305e-01
2.814148664474487305e-01
6.540864706039428711e-01
5.350602865219116211e-01
3.567529916763305664e-01
3.506487607955932617e-01
3.503142595291137695e-01
6.522766351699829102e-01
7.881543636322021484e-01
5.852185487747192383e-01
7.897454500198364258e-01
7.897452116012573242e-01
7.897452116012573242e-01
7.897450923919677734e-01
7.897450923919677734e-01
7.897450923919677734e-01
7.897450923919677734e-01
7.897450923919677734e-01
7.897450923919677734e-01
7.897450923919677734e-01
7.897450923919677734e-01
7.897450923919677734e-01
7.897450923919677734e-01
7.897450923919677734e-01
9.384599924087524414e-01
1.309268116950988770e+00
1.309298634529113770e+00
1.309298634529113770e+00
1.306661963462829590e+00
9.864679574966430664e-01
6.870709657669067383e-01
6.919658184051513672e-01
7.945142984390258789e-01
7.907179594039916992e-01
7.898770570755004883e-01
7.897629737854003906e-01
7.897475957870483398e-01
7.897454500198364258e-01
7.897452116012573242e-01
7.897452116012573242e-01
9.310990571975708008e-01
7.897450923919677734e-01
7.897450923919677734e-01
4.910258054733276367e-01
7.897450923919677734e-01
7.897444963455200195e-01
4.910284280776977539e-01
7.897450923919677734e-01
7.897450923919677734e-01
7.897450923919677734e-01
7.897450923919677734e-01
3.800892829895019531e-01
2.814148664474487305e-01
2.814148664474487305e-01
5.231575965881347656e-01
4.910284280776977539e-01
4.910279512405395508e-01
2.814148664474487305e-01
3.117252588272094727e-01
3.498463630676269531e-01
4.481431245803833008e-01
4.670022726058959961e-01
9.863231182098388672e-01
8.365842103958129883e-01
7.968114614486694336e-01
7.907165288925170898e-01
7.898768186569213867e-01
7.897629737854003906e-01
7.897475957870483398e-01
7.897454500198364258e-01
1.129401803016662598e+00
1.114957451820373535e+00
1.018367886543273926e+00
9.575283527374267578e-01
8.531643152236938477e-01
9.864678382873535156e-01
3.824428319931030273e-01
4.949167966842651367e-01
9.864674806594848633e-01
9.864677190780639648e-01
4.781681299209594727e-01
6.920475959777832031e-01
5.060180425643920898e-01
7.920156717300415039e-01
7.900539636611938477e-01
1.281470894813537598e+00
1.309298634529113770e+00
1.309298634529113770e+00
1.309298634529113770e+00
9.864678382873535156e-01
5.379148721694946289e-01
5.803936719894409180e-01
7.907179594039916992e-01
7.898770570755004883e-01
7.897629737854003906e-01
7.897475957870483398e-01
7.897454500198364258e-01
7.899216413497924805e-01
7.897452116012573242e-01
7.897417545318603516e-01
1.112576127052307129e+00
9.864526987075805664e-01
9.864678382873535156e-01
3.283146619796752930e-01
3.283172845840454102e-01
6.775379180908203125e-01
6.887397766113281250e-01
6.541825532913208008e-01
8.645416498184204102e-01
7.216585874557495117e-01
7.897629737854003906e-01
7.897475957870483398e-01
7.897454500198364258e-01
7.897452116012573242e-01
7.936843633651733398e-01
7.292399406433105469e-01
7.897450923919677734e-01
7.897450923919677734e-01
7.897450923919677734e-01
7.897450923919677734e-01
7.897450923919677734e-01
2.814164161682128906e-01
7.953654527664184570e-01
8.066891431808471680e-01
3.681787252426147461e-01
2.814148664474487305e-01
2.814624309539794922e-01
2.814718484878540039e-01
7.819188833236694336e-01
8.366366624832153320e-01
7.968202829360961914e-01
7.963382005691528320e-01
8.065501451492309570e-01
2.854158878326416016e-01
7.897475957870483398e-01
2.814152240753173828e-01
7.897452116012573242e-01
7.897452116012573242e-01
7.897450923919677734e-01
7.897450923919677734e-01
7.897450923919677734e-01
7.897450923919677734e-01
7.897450923919677734e-01
7.897450923919677734e-01
7.897450923919677734e-01
7.897450923919677734e-01
7.880297899246215820e-01
1.136793017387390137e+00
1.309298634529113770e+00
7.682679891586303711e-01
7.968217134475708008e-01
1.113548874855041504e+00
1.113711714744567871e+00
7.899146080017089844e-01
7.897659540176391602e-01
7.897479534149169922e-01
7.897454500198364258e-01
7.897452116012573242e-01
7.897452116012573242e-01
7.897452116012573242e-01
2.814153432846069336e-01
7.897450923919677734e-01
7.897450923919677734e-01
7.897450923919677734e-01
7.897450923919677734e-01
7.897450923919677734e-01
7.897450923919677734e-01
7.897450923919677734e-01
7.897450923919677734e-01
1.112302660942077637e+00
1.133229374885559082e+00
7.852088212966918945e-01
7.819387912750244141e-01
7.819387912750244141e-01
7.818566560745239258e-01
4.069319963455200195e-01
4.069319963455200195e-01
4.069319963455200195e-01
4.069319963455200195e-01
4.069319963455200195e-01
4.069319963455200195e-01
4.069265127182006836e-01
4.069324731826782227e-01
4.069333076477050781e-01
4.072633981704711914e-01
7.772657871246337891e-01
1.569769501686096191e+00
1.219375252723693848e+00
9.764072895050048828e-01
9.809966087341308594e-01
1.261860966682434082e+00
1.316325306892395020e+00
6.629101037979125977e-01
7.922466993331909180e-01
7.900855541229248047e-01
7.900379896163940430e-01
7.897514104843139648e-01
7.897459268569946289e-01
7.265435457229614258e-01
2.814153432846069336e-01
2.814148664474487305e-01
6.451476812362670898e-01
6.451479196548461914e-01
1.145671486854553223e+00
1.262260079383850098e+00
6.917653083801269531e-01
7.968217134475708008e-01
7.907179594039916992e-01
7.898770570755004883e-01
7.897629737854003906e-01
7.953678369522094727e-01
8.066895008087158203e-01
8.082492351531982422e-01
3.683904409408569336e-01
3.713020086288452148e-01
5.108571052551269531e-01
7.897450923919677734e-01
7.897450923919677734e-01
7.897450923919677734e-01
7.897450923919677734e-01
7.897450923919677734e-01
2.814148664474487305e-01
2.820152044296264648e-01
7.231025695800781250e-01
2.815536260604858398e-01
7.822790145874023438e-01
7.905465364456176758e-01
8.122777938842773438e-01
7.968217134475708008e-01
7.907179594039916992e-01
7.898770570755004883e-01
7.897629737854003906e-01
7.897475957870483398e-01
7.897454500198364258e-01
7.897452116012573242e-01
7.897452116012573242e-01
7.897450923919677734e-01
7.897450923919677734e-01
7.897450923919677734e-01
2.814148664474487305e-01
7.897450923919677734e-01
7.897450923919677734e-01
7.897450923919677734e-01
7.897347211837768555e-01
5.980037450790405273e-01
7.816014289855957031e-01
5.914248228073120117e-01
4.069319963455200195e-01
7.819387912750244141e-01
5.016223192214965820e-01
7.968183755874633789e-01
2.823877334594726562e-01
7.898770570755004883e-01
7.897629737854003906e-01
8.429142236709594727e-01
7.897454500198364258e-01
7.897452116012573242e-01
7.897452116012573242e-01
7.904142141342163086e-01
7.897450923919677734e-01
7.897450923919677734e-01
7.897450923919677734e-01
7.897450923919677734e-01
7.897450923919677734e-01
2.814148664474487305e-01
7.953654527664184570e-01
7.311389446258544922e-01
6.451476812362670898e-01
6.451476812362670898e-01
1.287763476371765137e+00
1.219375252723693848e+00
1.423904061317443848e+00
1.274084687232971191e+00
1.423904061317443848e+00
1.423904061317443848e+00
1.274081349372863770e+00
1.423904061317443848e+00
1.423904061317443848e+00
1.423904061317443848e+00
1.423902153968811035e+00
1.419951558113098145e+00
1.223057866096496582e+00
6.360492706298828125e-01
9.398027658462524414e-01
1.138760209083557129e+00
1.641656994819641113e+00
1.582999348640441895e+00
1.290167450904846191e+00
1.578230977058410645e+00
2.265182733535766602e-01
6.103301048278808594e-02
1.930486559867858887e+00
9.969693422317504883e-01
6.848105192184448242e-01
1.132464289665222168e+00
1.500138163566589355e+00
1.005942225456237793e+00
1.007446408271789551e+00
1.590123295783996582e+00
6.207106113433837891e-01
1.007681965827941895e+00
1.590150475502014160e+00
1.564567208290100098e+00
1.564565300941467285e+00
1.007682442665100098e+00
7.171075344085693359e-01
1.205186486244201660e+00
1.147018074989318848e+00
1.044203639030456543e+00
1.067123770713806152e+00
-4.626598954200744629e-01
9.047583341598510742e-01
9.249323606491088867e-01
1.806584000587463379e+00
6.992502212524414062e-01
8.366450071334838867e-01
7.968218326568603516e-01
6.978621482849121094e-01
1.007492661476135254e+00
8.652455806732177734e-01
7.819387912750244141e-01
7.819387912750244141e-01
7.819185256958007812e-01
4.069987535476684570e-01
8.097561597824096680e-01
1.423904061317443848e+00
1.219375252723693848e+00
1.219375729560852051e+00
1.056459069252014160e+00
1.061210274696350098e+00
1.423904061317443848e+00
1.210956454277038574e+00
8.572922945022583008e-01
7.968221902847290039e-01
7.907179594039916992e-01
7.898770570755004883e-01
7.897629737854003906e-01
7.897475957870483398e-01
7.897454500198364258e-01
7.897351980209350586e-01
3.588346242904663086e-01
1.145675063133239746e+00
7.897344827651977539e-01
7.897450923919677734e-01
7.897450923919677734e-01
7.897450923919677734e-01
6.451698541641235352e-01
1.227181553840637207e+00
1.227093815803527832e+00
1.525143742561340332e+00
9.415566921234130859e-01
1.119664788246154785e+00
1.249522805213928223e+00
1.063020825386047363e+00
1.576768755912780762e+00
1.582506299018859863e+00
1.581067204475402832e+00
1.288441538810729980e+00
1.251519560813903809e+00
1.287041306495666504e+00
1.119665265083312988e+00
1.125357031822204590e+00
