4.158688783645629883e-01
2.065921872854232788e-01
8.762471377849578857e-02
-9.130272865295410156e-01
-6.684969663619995117e-01
-8.728014230728149414e-01
-2.710755467414855957e-01
-9.346018731594085693e-02
-3.960354626178741455e-02
1.102828502655029297e+00
-2.632709145545959473e-01
1.419044584035873413e-01
7.883075475692749023e-01
-8.387634754180908203e-01
6.011495590209960938e-01
-1.814381778240203857e-01
5.203256011009216309e-02
-2.110591679811477661e-01
-1.403892278671264648e+00
-2.101950347423553467e-02
-1.229754447937011719e+00
-1.078085660934448242e+00
-2.085048705339431763e-01
-1.207431107759475708e-01
-6.564129889011383057e-02
-6.786499917507171631e-02
-7.999159395694732666e-02
-9.748281538486480713e-02
-1.204533427953720093e-01
-8.196175098419189453e-01
-5.842791199684143066e-01
-4.562814831733703613e-01
-4.838088154792785645e-01
-5.342053771018981934e-01
-8.639745712280273438e-01
-1.186244606971740723e+00
-9.895095229148864746e-01
-8.979727029800415039e-01
-6.601282358169555664e-01
-7.213144302368164062e-01
-7.346845269203186035e-01
-7.058355808258056641e-01
-6.722786426544189453e-01
-6.340358257293701172e-01
-5.794958472251892090e-01
-5.053302049636840820e-01
-4.214242100715637207e-01
-3.446773886680603027e-01
-2.868903875350952148e-01
-2.494128793478012085e-01
-2.282557040452957153e-01
-2.179635316133499146e-01
-2.164113670587539673e-01
-2.207830697298049927e-01
-2.306852787733078003e-01
-2.393931299448013306e-01
-2.550592422485351562e-01
-2.662501931190490723e-01
-2.807032465934753418e-01
-2.956402897834777832e-01
-3.109826445579528809e-01
-3.267234563827514648e-01
-3.445331454277038574e-01
-3.577673435211181641e-01
-3.744419217109680176e-01
-3.894321322441101074e-01
-6.974224746227264404e-02
2.116014003753662109e+00
2.719770669937133789e-01
-9.416053295135498047e-01
-5.340947508811950684e-01
-4.340598583221435547e-01
-3.773633241653442383e-01
-1.387695670127868652e-01
-1.768693178892135620e-01
2.054228305816650391e+00
9.193805456161499023e-01
-3.563498258590698242e-01
1.892400145530700684e+00
2.632318139076232910e-01
-6.348027586936950684e-01
-1.006610989570617676e+00
-1.516823410987854004e+00
-2.038636207580566406e+00
-1.797469973564147949e+00
-1.257554173469543457e+00
-1.713881343603134155e-01
-6.555278301239013672e-01
-1.370988607406616211e+00
-1.270923733711242676e+00
-9.870390892028808594e-01
-7.431495189666748047e-01
-5.486072301864624023e-01
-6.466221213340759277e-01
-7.337931394577026367e-01
-6.745655536651611328e-01
-6.880544424057006836e-01
-1.376583933830261230e+00
4.440586268901824951e-02
-5.724120140075683594e-01
1.227136254310607910e-01
-6.957010030746459961e-01
-4.988422393798828125e-01
2.430470436811447144e-01
-7.512463331222534180e-01
-9.581652283668518066e-01
-9.207375049591064453e-01
-8.884679675102233887e-01
-8.475285172462463379e-01
-6.376744508743286133e-01
-5.385721921920776367e-01
-8.075401782989501953e-01
-8.134367465972900391e-01
-8.127455115318298340e-01
-8.096204996109008789e-01
-8.061249256134033203e-01
-8.034309148788452148e-01
-8.020551800727844238e-01
-8.023692965507507324e-01
-8.043907880783081055e-01
-8.078350424766540527e-01
-8.122726678848266602e-01
-8.173700571060180664e-01
-8.228354454040527344e-01
-8.285639286041259766e-01
-8.343920111656188965e-01
-8.401654362678527832e-01
-8.457986116409301758e-01
-8.512122631072998047e-01
-8.564666509628295898e-01
-8.614336252212524414e-01
-8.663246035575866699e-01
-8.707181215286254883e-01
-8.768490552902221680e-01
-8.837507963180541992e-01
-8.843355178833007812e-01
-7.890201807022094727e-01
-5.268307328224182129e-01
-4.993814826011657715e-01
-6.335291862487792969e-01
-7.656137943267822266e-01
-3.134233355522155762e-01
-7.288534939289093018e-02
-7.951606810092926025e-02
-1.280618458986282349e-01
-2.493500858545303345e-01
-8.631398081779479980e-01
1.823677122592926025e-02
4.880331754684448242e-01
-2.594515681266784668e-03
-1.399204283952713013e-01
3.433079719543457031e-01
6.709627509117126465e-01
8.543754816055297852e-01
-2.519358694553375244e-02
-3.174409389495849609e+00
-2.255608081817626953e+00
-2.163777589797973633e+00
-1.782732129096984863e+00
-1.166448831558227539e+00
-6.221547722816467285e-01
-8.851460218429565430e-01
-1.391127586364746094e+00
-1.004757523536682129e+00
-7.997688055038452148e-01
-1.806605219841003418e+00
-1.583416581153869629e+00
-1.008243560791015625e+00
-1.898269295692443848e+00
-1.177785754203796387e+00
5.427907705307006836e-01
-1.761578470468521118e-01
-2.035314083099365234e+00
-2.328643560409545898e+00
-3.150009155273437500e+00
-3.055484771728515625e+00
-2.049492120742797852e+00
-8.660886287689208984e-01
-2.398963451385498047e+00
-2.074668884277343750e+00
-8.642574548721313477e-01
3.403994441032409668e-01
-2.112451195716857910e-02
-4.941692203283309937e-02
4.946224391460418701e-03
-2.500914931297302246e-01
-7.386061549186706543e-02
2.840288877487182617e-01
2.343765348196029663e-01
-3.664601445198059082e-01
-5.270889401435852051e-01
-4.833475351333618164e-01
-7.024495601654052734e-01
-1.607772707939147949e+00
-3.592434525489807129e-01
1.447104096412658691e+00
5.582239627838134766e-01
-3.788729906082153320e-01
-4.243187308311462402e-01
1.492126226425170898e+00
3.309885263442993164e-01
4.297292232513427734e-01
2.109640687704086304e-01
2.321082592010498047e+00
4.081555008888244629e-01
-1.905058026313781738e+00
-6.884795427322387695e-01
-7.901221513748168945e-01
6.622999906539916992e-01
2.195691317319869995e-01
-1.576519161462783813e-01
1.609707713127136230e+00
3.754166960716247559e-01
1.631374955177307129e+00
4.662652611732482910e-01
-1.217446088790893555e+00
1.127406835556030273e+00
-5.596602559089660645e-01
-1.478002667427062988e+00
-1.477649688720703125e+00
1.868580222129821777e+00
-2.316289097070693970e-01
6.990398168563842773e-01
7.616179585456848145e-01
-8.710815012454986572e-02
2.803415060043334961e-02
-2.754176259040832520e-01
-3.825812935829162598e-01
-5.366913080215454102e-01
-5.995845198631286621e-01
3.870976567268371582e-01
5.807999372482299805e-01
3.880408406257629395e-01
-3.614072799682617188e-01
-2.930477857589721680e-01
2.394464612007141113e-02
6.366591155529022217e-02
-6.887463927268981934e-01
-1.363070756196975708e-01
8.309721946716308594e-03
-4.632501602172851562e-01
-2.669875621795654297e-01
-4.955165088176727295e-02
3.313003480434417725e-02
6.225923299789428711e-01
-4.803555011749267578e-01
-7.354393005371093750e-01
-6.893041729927062988e-01
-4.893331527709960938e-01
-4.711269140243530273e-01
2.238637059926986694e-01
-6.908071041107177734e-01
-1.301529765129089355e+00
2.531188726425170898e-01
6.524784564971923828e-01
2.376475185155868530e-01
1.067617982625961304e-01
3.214143216609954834e-02
-4.414277076721191406e-01
-8.759216070175170898e-01
-1.850400716066360474e-01
-5.829953551292419434e-01
3.638331592082977295e-02
-7.144421339035034180e-01
-1.408438086509704590e+00
-1.592030525207519531e+00
-1.465809106826782227e+00
-4.127110242843627930e-01
-9.372742176055908203e-01
-7.022744417190551758e-01
-8.188546299934387207e-01
-6.980261206626892090e-01
-5.505932569503784180e-01
-7.289948463439941406e-01
-8.831646442413330078e-01
5.146120488643646240e-02
-5.390714406967163086e-01
-5.118724107742309570e-01
-4.779651165008544922e-01
-1.007365942001342773e+00
1.185104548931121826e-01
-1.436620950698852539e-04
3.663393855094909668e-01
9.197731614112854004e-01
1.198846101760864258e+00
-3.826235532760620117e-01
-1.518129229545593262e+00
-1.272796630859375000e+00
-1.646821618080139160e+00
-1.659691214561462402e+00
-1.520016551017761230e+00
-9.563071727752685547e-01
8.246612548828125000e-01
-2.532152831554412842e-02
-5.535176992416381836e-01
-4.564623832702636719e-01
-4.989606142044067383e-01
-5.379791855812072754e-01
-3.145259618759155273e-01
2.756707072257995605e-01
-3.909186720848083496e-01
-8.561710119247436523e-01
7.691350579261779785e-01
8.691660165786743164e-01
7.928861379623413086e-01
6.173317432403564453e-01
-7.984855771064758301e-02
5.386334061622619629e-01
-1.360779553651809692e-01
3.787073493003845215e-01
3.165617585182189941e-01
4.706865549087524414e-01
-3.104346990585327148e-01
1.191994994878768921e-01
4.673144817352294922e-01
8.969583511352539062e-01
9.346584975719451904e-02
-1.554293036460876465e+00
-2.126036643981933594e+00
-7.893762588500976562e-01
8.605224490165710449e-01
1.187907338142395020e+00
1.537313342094421387e+00
-1.082180380821228027e+00
-6.471107602119445801e-01
1.093910634517669678e-02
1.020513176918029785e-01
-1.531608402729034424e-02
3.987870216369628906e-01
3.522188663482666016e-01
-1.091375112533569336e+00
-9.029134511947631836e-01
1.645975232124328613e+00
1.232560038566589355e+00
8.354312181472778320e-01
8.928239345550537109e-01
3.095700740814208984e-01
3.588743209838867188e-01
3.521749377250671387e-01
3.121242523193359375e-01
5.067427158355712891e-01
1.703083753585815430e+00
1.919422030448913574e+00
1.468962430953979492e+00
7.162637710571289062e-01
2.787401080131530762e-01
1.874911308288574219e+00
1.856040358543395996e+00
-9.882574081420898438e-01
2.527526021003723145e-01
-2.043762654066085815e-01
-4.158366918563842773e-01
-2.105640918016433716e-01
5.379576981067657471e-02
3.883655667304992676e-01
1.848914861679077148e+00
1.387968420982360840e+00
9.437073469161987305e-01
4.013693332672119141e-02
8.603973686695098877e-02
1.110787987709045410e+00
3.642367720603942871e-01
3.180458545684814453e-01
1.056695580482482910e+00
4.346522092819213867e-01
9.050343632698059082e-01
1.431023478507995605e+00
7.206366658210754395e-01
-1.278819590806961060e-01
3.661087751388549805e-01
5.215905308723449707e-01
1.590190827846527100e-02
4.965575039386749268e-02
1.110270768404006958e-01
1.608262509107589722e-01
1.692920476198196411e-01
1.361185163259506226e-01
1.799538284540176392e-01
6.319739818572998047e-01
9.596012830734252930e-01
8.722550868988037109e-01
3.342567682266235352e-01
-9.938709437847137451e-02
2.707847952842712402e-01
1.068190336227416992e-01
2.862441539764404297e-01
6.438520550727844238e-01
5.494952201843261719e-01
3.735618591308593750e-01
-8.268125355243682861e-02
1.060815155506134033e-02
2.004783600568771362e-01
2.003999799489974976e-01
4.973235726356506348e-01
5.212010741233825684e-01
4.778987169265747070e-01
2.118004709482192993e-01
6.137775182723999023e-01
1.089240789413452148e+00
1.005914092063903809e+00
-1.632539927959442139e-01
3.385863304138183594e-01
1.593090742826461792e-01
-4.082065224647521973e-01
-1.180925130844116211e+00
-7.195380330085754395e-01
1.361394226551055908e-01
4.073882102966308594e-01
1.686173230409622192e-01
-1.078674048185348511e-01
-1.317699402570724487e-01
-2.987005710601806641e-01
-6.006948351860046387e-01
-7.696548700332641602e-01
-9.576777815818786621e-01
-1.303329110145568848e+00
-1.487133860588073730e+00
-1.373497486114501953e+00
-3.489130735397338867e-01
1.422706007957458496e+00
-1.009458303451538086e+00
1.224518060684204102e+00
-1.291002035140991211e+00
1.407160043716430664e+00
9.042699933052062988e-01
-1.087003201246261597e-01
-1.942608952522277832e-01
-4.325674176216125488e-01
-6.145237684249877930e-01
6.860430538654327393e-02
-4.882009625434875488e-01
-3.889936804771423340e-01
-6.972707509994506836e-01
-7.323400378227233887e-01
-6.094961762428283691e-01
-7.645764350891113281e-01
-2.386435717344284058e-01
-1.850055009126663208e-01
-7.101496458053588867e-01
-4.701740145683288574e-01
-2.454300075769424438e-01
8.823200464248657227e-01
2.475121766328811646e-01
-2.686730623245239258e-01
-1.202199310064315796e-01
-9.917663037776947021e-02
-2.066828161478042603e-01
3.337910175323486328e-01
8.645728230476379395e-03
-8.243873715400695801e-03
-4.281205534934997559e-01
-3.525914549827575684e-01
-6.548621654510498047e-01
5.658406019210815430e-01
-1.144622117280960083e-01
-2.982034385204315186e-01
-7.769241929054260254e-03
-3.439690470695495605e-01
-1.005114555358886719e+00
-2.666133046150207520e-01
-3.381682932376861572e-02
1.052044779062271118e-01
9.224729537963867188e-01
-1.273586899042129517e-01
-2.487315684556961060e-01
-1.794459372758865356e-01
-1.840439587831497192e-01
-9.706421196460723877e-02
-3.220522999763488770e-01
-9.599556028842926025e-02
-3.916321992874145508e-01
-9.673269093036651611e-02
-1.226587295532226562e-01
-1.137138754129409790e-01
-1.059917211532592773e-01
-5.168977379798889160e-02
-4.273176193237304688e-02
-1.525599807500839233e-01
1.839766949415206909e-01
1.524588614702224731e-01
3.427662849426269531e-01
2.823801040649414062e-01
1.426519304513931274e-01
6.802426278591156006e-02
-2.935476899147033691e-01
-5.079445242881774902e-01
-3.630389571189880371e-01
-2.332595735788345337e-01
-2.735915184020996094e-01
-5.304743647575378418e-01
-7.136327028274536133e-01
-6.989513635635375977e-01
-8.335109055042266846e-02
1.224363893270492554e-01
9.493671357631683350e-02
9.473513364791870117e-01
1.041702747344970703e+00
2.708134174346923828e+00
2.078238964080810547e+00
1.855227351188659668e+00
1.602835059165954590e+00
2.289655685424804688e+00
2.459108352661132812e+00
3.158378601074218750e+00
1.363192558288574219e+00
3.264023065567016602e-01
7.403553724288940430e-01
-5.955516695976257324e-01
1.592554152011871338e-01
-2.335670739412307739e-01
-8.126952052116394043e-01
-8.156856894493103027e-02
7.526452541351318359e-01
8.470370173454284668e-01
1.028721690177917480e+00
9.598666429519653320e-01
-8.502194881439208984e-01
-9.796171188354492188e-01
-6.249616742134094238e-01
-3.808808326721191406e-01
9.691704511642456055e-01
1.134673357009887695e+00
8.996094465255737305e-01
3.987607955932617188e-01
3.052354454994201660e-01
2.693419218063354492e+00
-4.294285774230957031e-01
1.088293910026550293e+00
6.982567310333251953e-01
4.847525358200073242e-01
9.570665359497070312e-01
2.487583398818969727e+00
2.460410594940185547e+00
2.282196283340454102e+00
1.526335120201110840e+00
9.198620915412902832e-01
-2.454534471035003662e-01
1.140220999717712402e+00
-3.374727070331573486e-02
1.260824203491210938e-01
2.118242233991622925e-01
-1.067493796348571777e+00
-7.576212882995605469e-01
-2.301552891731262207e-02
-9.008726477622985840e-02
-6.734327971935272217e-02
-1.493567675352096558e-01
-1.737781316041946411e-01
-1.650105714797973633e-01
-1.715848147869110107e-01
8.810639381408691406e-03
9.228453040122985840e-03
-1.377001404762268066e-01
9.477620124816894531e-01
2.596542239189147949e-01
2.336163967847824097e-01
4.396185874938964844e-01
1.212738603353500366e-01
-6.232935190200805664e-02
-2.033423036336898804e-01
2.356792539358139038e-01
5.418308377265930176e-01
3.072248697280883789e-01
-1.360025554895401001e-01
-3.718442916870117188e-01
-4.842149615287780762e-01
-9.762300550937652588e-02
-1.694506406784057617e+00
-2.213543415069580078e+00
-2.618162631988525391e+00
-1.833238720893859863e+00
-1.452006220817565918e+00
-6.821411252021789551e-01
-1.399917244911193848e+00
-1.396050572395324707e+00
-1.337847352027893066e+00
-9.139966964721679688e-01
-2.028867602348327637e-01
-7.759062945842742920e-02
-1.516139954328536987e-01
1.533382385969161987e-01
-8.491293191909790039e-01
-6.976063251495361328e-01
2.265139102935791016e+00
2.186425209045410156e+00
-5.480989813804626465e-01
-7.808355987071990967e-02
1.046904921531677246e-01
4.075549542903900146e-02
5.661138892173767090e-02
-3.617211580276489258e-01
-3.330982327461242676e-01
-3.079398274421691895e-01
-3.576337695121765137e-01
-2.881835699081420898e-01
-2.748728394508361816e-01
-2.790921926498413086e-01
-2.968548238277435303e-01
-3.081085383892059326e-01
-3.149808049201965332e-01
-3.243829011917114258e-01
-3.328015208244323730e-01
-3.346031904220581055e-01
8.285233974456787109e-01
8.550549745559692383e-01
9.695290327072143555e-01
8.300169706344604492e-01
8.531454801559448242e-01
7.348231673240661621e-01
4.919164180755615234e-01
2.925369739532470703e-01
1.930720061063766479e-01
2.885575890541076660e-01
-7.310517132282257080e-02
-5.051665306091308594e-01
-4.042367935180664062e-01
-4.053700566291809082e-01
-1.463632941246032715e+00
-3.092189311981201172e+00
-3.252507925033569336e+00
-1.870059132575988770e+00
-7.253030538558959961e-01
-7.805429697036743164e-01
1.051249146461486816e+00
2.064971685409545898e+00
1.734375119209289551e+00
2.188297510147094727e+00
2.328946352005004883e+00
2.289445877075195312e+00
9.378845691680908203e-01
8.115310072898864746e-01
-7.402040064334869385e-02
-2.455127239227294922e-01
-5.702771544456481934e-01
7.700623571872711182e-02
-8.390606939792633057e-02
-3.498039245605468750e-01
-1.085233837366104126e-01
-1.672731995582580566e+00
-7.405403852462768555e-01
2.470259517431259155e-01
2.072710245847702026e-01
4.461425542831420898e-01
3.810710906982421875e-01
-2.231308966875076294e-01
-1.515724807977676392e-01
-2.015212297439575195e+00
-2.794277071952819824e-01
-2.034430027008056641e+00
-1.189372181892395020e+00
-2.176109254360198975e-01
-1.428796410560607910e+00
-1.320867300033569336e+00
-6.181565523147583008e-01
-1.653228282928466797e+00
-1.103449225425720215e+00
-1.114545583724975586e+00
-1.434798121452331543e+00
-5.641921758651733398e-01
7.436168193817138672e-01
-7.783344984054565430e-01
-9.511432647705078125e-01
-7.728494405746459961e-01
-9.433935880661010742e-01
-1.023825049400329590e+00
-7.697646617889404297e-01
-1.050391912460327148e+00
-1.220000386238098145e+00
-1.045095086097717285e+00
6.224101781845092773e-01
2.889279127120971680e-01
-4.239829182624816895e-01
-1.723283082246780396e-01
3.463463485240936279e-02
-4.363022744655609131e-02
-2.951154708862304688e-01
-4.026954174041748047e-01
-2.234306782484054565e-01
-2.395939081907272339e-01
-1.447529941797256470e-01
5.281909108161926270e-01
1.962763816118240356e-01
4.534418880939483643e-02
-3.238906711339950562e-02
-1.033215969800949097e-01
-1.500272750854492188e-01
-1.516422331333160400e-01
-1.342487037181854248e-01
-1.829224228858947754e-01
-1.410954892635345459e-01
-8.950076997280120850e-02
-1.156818345189094543e-01
-1.128022745251655579e-01
-1.139349639415740967e-01
5.702030658721923828e-02
1.675861924886703491e-01
8.429135382175445557e-02
2.118656784296035767e-01
2.169768065214157104e-01
2.065809220075607300e-01
3.873878717422485352e-01
2.984297871589660645e-01
2.730981111526489258e-01
3.787530064582824707e-01
2.485038489103317261e-01
6.305897235870361328e-01
-5.906100869178771973e-01
4.953123331069946289e-01
-7.666505575180053711e-01
-8.719036579132080078e-01
-6.055170297622680664e-01
-4.192481637001037598e-01
-3.584167361259460449e-01
-3.965603113174438477e-01
-4.746490716934204102e-01
-5.159944295883178711e-01
-4.835698604583740234e-01
-3.780688643455505371e-01
-2.311302870512008667e-01
2.041994780302047729e-01
6.510696411132812500e-01
8.557078242301940918e-01
9.133567810058593750e-01
8.120397329330444336e-01
6.743062138557434082e-01
-1.224008202552795410e+00
-1.098343729972839355e+00
-6.489800214767456055e-01
-1.601803541183471680e+00
-3.229133129119873047e+00
-3.342799663543701172e+00
-9.746800661087036133e-01
4.386175274848937988e-01
1.059407472610473633e+00
1.961457848548889160e+00
1.194719791412353516e+00
1.945590615272521973e+00
1.904773592948913574e+00
2.722751617431640625e+00
2.850008726119995117e+00
1.155098557472229004e+00
1.843734383583068848e+00
2.877768516540527344e+00
2.104203224182128906e+00
2.007465362548828125e+00
2.340272426605224609e+00
2.061940670013427734e+00
2.173812389373779297e+00
2.333588123321533203e+00
2.451066970825195312e+00
2.555463790893554688e+00
1.427393436431884766e+00
1.336960792541503906e+00
1.701246261596679688e+00
1.183310985565185547e+00
1.340704321861267090e+00
1.478688478469848633e+00
1.485407948493957520e+00
1.062900185585021973e+00
1.524622678756713867e+00
1.312646627426147461e+00
1.304381012916564941e+00
1.101182222366333008e+00
1.185206055641174316e+00
1.373672127723693848e+00
1.535170078277587891e+00
1.573062419891357422e+00
1.612697243690490723e+00
9.903266429901123047e-01
6.410127878189086914e-01
6.057966947555541992e-01
1.651202321052551270e+00
1.643392682075500488e+00
1.863121628761291504e+00
-6.222349405288696289e-01
1.693761795759201050e-01
1.524444222450256348e+00
-3.988193273544311523e-01
-5.764214396476745605e-01
-6.494687795639038086e-01
-1.457857728004455566e+00
-9.463496208190917969e-01
-1.413411855697631836e+00
-9.428989291191101074e-01
-1.865331053733825684e+00
4.388044774532318115e-02
-1.489873528480529785e+00
-1.518416523933410645e+00
-6.287032961845397949e-01
-1.521430134773254395e+00
-4.973121881484985352e-01
-1.174244523048400879e+00
-6.571193933486938477e-01
-1.012892246246337891e+00
-1.166403412818908691e+00
-2.055543810129165649e-01
1.022638529539108276e-01
3.873556256294250488e-01
-2.162348270416259766e+00
-2.214750766754150391e+00
-1.221174955368041992e+00
-5.542772412300109863e-01
-1.345153450965881348e+00
-5.558367371559143066e-01
-7.791864275932312012e-01
-1.339870452880859375e+00
-1.344820141792297363e+00
-4.660882949829101562e-01
-1.057955980300903320e+00
-1.114393949508666992e+00
-1.455567002296447754e+00
-8.268741965293884277e-01
-7.811238765716552734e-01
-1.122662067413330078e+00
-2.449243217706680298e-01
-7.742516696453094482e-02
-5.435431599617004395e-01
8.618309497833251953e-01
1.253457903861999512e+00
-4.517940878868103027e-01
-1.595507502555847168e+00
-9.346796274185180664e-01
-7.154966592788696289e-01
-9.994752407073974609e-01
-9.791833162307739258e-01
9.872205257415771484e-01
6.308721303939819336e-01
-8.251287043094635010e-02
-1.299255132675170898e+00
-1.821649432182312012e+00
-1.909151673316955566e+00
-1.382680535316467285e+00
-1.008245825767517090e+00
-4.172426462173461914e-01
1.674785971641540527e+00
2.748537540435791016e+00
2.221213579177856445e+00
1.205841422080993652e+00
7.880222201347351074e-01
2.035436153411865234e+00
1.398800253868103027e+00
3.775967359542846680e-01
-5.145183205604553223e-01
1.138649106025695801e+00
2.938818335533142090e-01
-1.845607519149780273e+00
-1.095520734786987305e+00
-1.121824622154235840e+00
-1.360526919364929199e+00
-1.397095203399658203e+00
-1.291802048683166504e+00
-8.422911763191223145e-01
-8.442344665527343750e-01
-1.533192992210388184e+00
-1.223456025123596191e+00
6.841779351234436035e-01
8.489915132522583008e-01
3.159631490707397461e-01
8.083890378475189209e-02
-1.465864062309265137e+00
-1.627273410558700562e-01
-7.347645163536071777e-01
-2.164043664932250977e+00
-6.837545335292816162e-02
-3.296224772930145264e-02
5.937780737876892090e-01
-8.724420666694641113e-01
-8.264290690422058105e-01
-2.670816183090209961e-01
-3.520081639289855957e-01
-5.270557999610900879e-01
-2.233236879110336304e-01
-1.050980210304260254e+00
-9.957242012023925781e-01
-6.161475181579589844e-01
-7.836976051330566406e-01
-6.654338836669921875e-01
-6.578220725059509277e-01
-4.146434664726257324e-01
-7.414306402206420898e-01
-7.689926624298095703e-01
-1.620083302259445190e-01
8.785144090652465820e-01
9.154809713363647461e-01
1.730193734169006348e+00
2.971165418624877930e+00
-7.103319168090820312e-01
-1.087158679962158203e+00
-7.321643233299255371e-01
-6.895233392715454102e-01
-9.539539813995361328e-01
-3.510209321975708008e-01
5.621705949306488037e-02
-1.305526971817016602e+00
-1.469879746437072754e+00
-1.440189003944396973e+00
-1.594506502151489258e+00
-9.017702341079711914e-01
-6.084234118461608887e-01
-1.522092819213867188e+00
-1.798253655433654785e+00
-2.000733613967895508e+00
-1.334948897361755371e+00
-1.023045420646667480e+00
4.930343627929687500e-01
-1.627215296030044556e-01
-1.845431625843048096e-01
4.305596351623535156e-01
3.193380832672119141e-01
-7.128556966781616211e-01
1.743637025356292725e-02
-5.416330099105834961e-01
3.920154571533203125e-01
-8.698257207870483398e-01
-3.997019529342651367e-01
1.749776601791381836e+00
1.098214745521545410e+00
-1.052221298217773438e+00
-3.687894344329833984e-01
-5.632069110870361328e-01
-4.484342336654663086e-01
-4.462252855300903320e-01
-2.798797190189361572e-01
1.231067478656768799e-01
-4.363819956779479980e-02
-4.372207522392272949e-01
-3.935398161411285400e-02
-4.960994422435760498e-02
1.192662596702575684e+00
1.902210235595703125e+00
1.795965790748596191e+00
1.428679525852203369e-01
1.084295958280563354e-01
-2.353207916021347046e-01
-4.042598605155944824e-01
-1.805517077445983887e-01
3.229722380638122559e-01
3.865140080451965332e-01
2.050868123769760132e-01
1.042493134737014771e-01
-1.272142678499221802e-02
9.362028837203979492e-01
5.006666183471679688e-01
-8.387094736099243164e-02
-1.814003437757492065e-01
-9.055291116237640381e-02
4.377421736717224121e-02
2.196029871702194214e-01
2.491734921932220459e-02
-5.139672756195068359e-01
-2.931239008903503418e-01
-7.749781012535095215e-01
-4.719786643981933594e-01
-2.863161265850067139e-02
-3.357040882110595703e-01
-1.127058118581771851e-01
-6.723499298095703125e-01
-7.749570906162261963e-02
-5.303676724433898926e-01
-6.119968891143798828e-01
-5.754018425941467285e-01
-5.817352533340454102e-01
-9.313126802444458008e-01
-1.077919125556945801e+00
-8.637114167213439941e-01
-2.697613239288330078e-01
-2.833008766174316406e-01
-3.396265506744384766e-01
-5.179559588432312012e-01
-1.039324522018432617e+00
-1.135304689407348633e+00
5.332285165786743164e-01
1.544186949729919434e+00
9.529815614223480225e-02
6.823343038558959961e-01
-4.374126791954040527e-01
-3.338181972503662109e-01
-1.073386788368225098e+00
-5.582852959632873535e-01
-1.085420131683349609e+00
-1.068926006555557251e-01
1.226187586784362793e+00
1.255716681480407715e+00
5.517401695251464844e-01
-4.133619070053100586e-01
2.071896046400070190e-01
9.640874862670898438e-01
2.680490016937255859e-01
4.798133969306945801e-01
6.534639596939086914e-01
-2.105684429407119751e-01
1.497610658407211304e-01
1.578299850225448608e-01
1.580493301153182983e-01
2.028186172246932983e-01
3.207240104675292969e-01
3.578513860702514648e-01
3.611115217208862305e-01
3.284933567047119141e-01
3.511548042297363281e-01
8.470791578292846680e-01
6.674334406852722168e-01
-1.359650850296020508e+00
1.053413867950439453e+00
-2.889893651008605957e-01
1.375804662704467773e+00
6.367608308792114258e-01
-1.338195949792861938e-01
-1.448032498359680176e+00
3.452794551849365234e-01
3.152561783790588379e-01
1.321891397237777710e-01
-4.890764951705932617e-01
-1.305225729942321777e+00
2.382737547159194946e-01
3.090504169464111328e+00
2.288315534591674805e+00
2.540451049804687500e+00
2.535138845443725586e+00
1.526266098022460938e+00
1.293776154518127441e+00
1.077900230884552002e-01
-2.948370575904846191e-01
8.075633645057678223e-02
1.176905870437622070e+00
1.012838631868362427e-01
-1.140720963478088379e+00
-1.328921437263488770e+00
-8.251516819000244141e-01
-6.556130051612854004e-01
-6.208944916725158691e-01
-5.575391650199890137e-01
-4.973198771476745605e-01
-1.096079468727111816e+00
6.352435350418090820e-01
3.068441748619079590e-01
-5.346207618713378906e-01
1.319268345832824707e+00
8.873193860054016113e-01
-1.005114167928695679e-01
-2.664290070533752441e-01
7.188938856124877930e-01
6.444002985954284668e-01
-3.460094928741455078e-01
-3.643162250518798828e-01
5.863614380359649658e-03
-3.855996131896972656e-01
2.744702100753784180e-01
8.859621882438659668e-01
4.586582183837890625e-01
8.852376937866210938e-01
1.108927130699157715e-01
-5.293181538581848145e-01
-2.610530257225036621e-01
-4.203649163246154785e-01
-6.552482843399047852e-01
-5.633960366249084473e-01
8.174072206020355225e-02
4.069571495056152344e-01
7.344103455543518066e-01
2.340704917907714844e+00
2.106141805648803711e+00
3.475960493087768555e-01
5.719386339187622070e-01
1.239043474197387695e+00
2.061391115188598633e+00
1.942129254341125488e+00
1.247129678726196289e+00
1.092042565345764160e+00
7.916749119758605957e-01
4.993438720703125000e-01
1.573902815580368042e-01
-6.992310285568237305e-02
-8.234553784132003784e-02
3.196395635604858398e-01
3.786019682884216309e-01
3.185233473777770996e-01
4.676818251609802246e-01
5.116889476776123047e-01
6.127671003341674805e-01
8.350678682327270508e-01
8.460667133331298828e-01
4.357935786247253418e-01
3.913948535919189453e-01
3.019511103630065918e-01
4.504294991493225098e-01
5.040038824081420898e-01
3.320715427398681641e-01
2.005995661020278931e-01
1.556664407253265381e-01
2.815330028533935547e-01
2.680999636650085449e-01
2.246637195348739624e-01
2.141052335500717163e-01
1.293790578842163086e+00
1.435947179794311523e+00
3.443331718444824219e-01
3.974074721336364746e-01
-5.400261878967285156e-01
-7.130719721317291260e-02
3.262438774108886719e-01
2.034225702285766602e+00
2.280707836151123047e+00
2.280351161956787109e+00
1.431160926818847656e+00
1.739565581083297729e-01
5.020754337310791016e-01
1.809654355049133301e+00
9.699169397354125977e-01
2.694144248962402344e-01
3.232042193412780762e-01
4.109939932823181152e-01
2.296465486288070679e-01
8.254771232604980469e-01
7.617496252059936523e-01
1.934640258550643921e-01
6.504017710685729980e-01
7.178397178649902344e-01
1.138468086719512939e-01
8.050383627414703369e-02
3.898667097091674805e-01
-1.808515638113021851e-01
-7.790742814540863037e-02
1.088350862264633179e-01
2.728463411331176758e-01
-3.751897215843200684e-01
1.551966518163681030e-01
-1.052515357732772827e-01
-2.805189788341522217e-02
3.515552282333374023e-01
2.574046850204467773e-01
7.757874131202697754e-01
1.357216089963912964e-01
3.336769342422485352e-01
-1.557716280221939087e-01
-2.532976865768432617e-01
-8.374275565147399902e-01
-6.726399660110473633e-01
-2.370180189609527588e-02
-6.094558835029602051e-01
3.965351581573486328e-01
-2.499113976955413818e-02
-6.021399796009063721e-02
-9.945276975631713867e-01
3.388898372650146484e-01
1.025687694549560547e+00
1.614807963371276855e+00
2.109462976455688477e+00
2.130091667175292969e+00
-8.869364261627197266e-01
-8.702106773853302002e-02
1.497063040733337402e-01
-4.417347311973571777e-01
-1.366837382316589355e+00
-1.356724858283996582e+00
-1.272842168807983398e+00
-4.346725344657897949e-01
4.246826171875000000e-01
1.106199979782104492e+00
3.264801025390625000e+00
1.883673667907714844e+00
1.652969717979431152e+00
2.133734941482543945e+00
2.245208263397216797e+00
2.972238540649414062e+00
3.257953643798828125e+00
2.215539216995239258e+00
2.956257104873657227e+00
2.795892477035522461e+00
2.871335506439208984e+00
3.247164249420166016e+00
3.395924568176269531e+00
3.314496755599975586e+00
3.267553806304931641e+00
3.033696651458740234e+00
3.188838958740234375e+00
3.291055202484130859e+00
4.353446006774902344e+00
3.010202407836914062e+00
2.088658809661865234e+00
2.344886302947998047e+00
3.084169864654541016e+00
3.767577648162841797e+00
2.304418087005615234e+00
2.606473445892333984e+00
2.578436374664306641e+00
2.562717437744140625e+00
2.533786058425903320e+00
1.990705609321594238e+00
1.819329500198364258e+00
2.589746475219726562e+00
2.604420423507690430e+00
2.167347908020019531e+00
-8.624494075775146484e-01
-9.166291952133178711e-01
-5.418676137924194336e-01
2.359782218933105469e+00
2.427320480346679688e+00
2.886554718017578125e+00
1.133410692214965820e+00
1.623101353645324707e+00
2.047327280044555664e+00
1.682945370674133301e+00
1.560900956392288208e-01
-3.074965000152587891e+00
-2.430673599243164062e+00
-1.954235792160034180e+00
-1.319894313812255859e+00
-1.635941743850708008e+00
-1.650887727737426758e+00
-1.125563859939575195e+00
-3.000438809394836426e-01
1.482154279947280884e-01
1.077510267496109009e-01
-5.229184627532958984e-01
-2.819492220878601074e-01
1.489801764488220215e+00
-3.618633747100830078e-01
-7.166190445423126221e-02
1.717865318059921265e-01
-2.004127949476242065e-01
3.272108435630798340e-01
-2.571777999401092529e-02
4.380384683609008789e-01
9.284855723381042480e-01
9.442607164382934570e-01
-5.291060805320739746e-01
1.397234678268432617e+00
1.003223776817321777e+00
-4.871654510498046875e-01
-7.386990785598754883e-01
-5.497264266014099121e-01
1.427322745323181152e+00
9.490882158279418945e-01
3.322865962982177734e-01
3.636865317821502686e-02
3.839035630226135254e-01
5.508948564529418945e-01
-3.213614821434020996e-01
-2.022440582513809204e-01
-2.091901153326034546e-01
-3.046169877052307129e-04
-2.074022591114044189e-01
-1.482751369476318359e-01
5.429315567016601562e-02
1.235254704952239990e-01
-4.442381858825683594e-02
-6.944310665130615234e-02
1.829019635915756226e-01
3.697870373725891113e-01
-7.448568940162658691e-03
3.450524806976318359e-02
5.179598182439804077e-02
5.160416662693023682e-02
5.304501950740814209e-02
5.949586629867553711e-02
7.049770653247833252e-02
8.332602679729461670e-02
9.492658078670501709e-02
1.032804995775222778e-01
9.763984382152557373e-02
2.532392740249633789e-03
9.995080530643463135e-03
-7.997807115316390991e-03
7.332815229892730713e-02
1.379285454750061035e-01
1.762969344854354858e-01
1.812528669834136963e-01
1.611500084400177002e-01
1.311372071504592896e-01
2.476081997156143188e-01
4.883597493171691895e-01
2.851634621620178223e-01
3.853550553321838379e-01
4.362111687660217285e-01
4.356737732887268066e-01
3.910337686538696289e-01
3.577100634574890137e-01
3.426383733749389648e-01
4.097896218299865723e-01
6.746393442153930664e-01
7.054316401481628418e-01
7.825130820274353027e-01
5.771907567977905273e-01
-1.323907822370529175e-01
2.880917191505432129e-01
4.780334234237670898e-01
6.725385189056396484e-01
5.336399078369140625e-01
3.152363300323486328e-01
3.098744153976440430e-01
3.047280311584472656e-01
2.733241319656372070e-01
4.833066463470458984e-02
5.316829681396484375e-01
6.154730319976806641e-01
9.677774906158447266e-01
1.077680349349975586e+00
7.625086307525634766e-01
-1.047289520502090454e-01
3.541908264160156250e-01
9.264237284660339355e-01
1.130607724189758301e+00
1.170694947242736816e+00
1.265085458755493164e+00
1.770176887512207031e+00
1.084347128868103027e+00
4.199348092079162598e-01
2.883069515228271484e-01
6.733555197715759277e-01
-1.912157684564590454e-01
3.181014060974121094e-01
1.692625135183334351e-01
1.981973797082901001e-01
1.938061416149139404e-02
-1.113242626190185547e+00
-9.916015863418579102e-01
-1.133104562759399414e+00
-1.027049183845520020e+00
-5.990269184112548828e-01
-4.481926560401916504e-01
3.000451624393463135e-02
6.321553587913513184e-01
4.664937853813171387e-01
-8.285721540451049805e-01
-1.384428888559341431e-01
-1.813151091337203979e-01
-6.723704338073730469e-01
-1.221515059471130371e+00
-1.572155952453613281e+00
-1.065497517585754395e+00
4.341394305229187012e-01
3.699437975883483887e-01
-5.350357294082641602e-01
-8.044500350952148438e-01
1.408476084470748901e-01
3.381675481796264648e-01
2.026780396699905396e-01
-2.897344231605529785e-01
-5.890104770660400391e-01
-8.686421513557434082e-01
4.348077774047851562e-01
6.834641098976135254e-01
8.720139861106872559e-01
5.074843168258666992e-01
7.934533953666687012e-01
1.224006533622741699e+00
1.434827804565429688e+00
1.205276846885681152e+00
4.085704088211059570e-01
-8.456174135208129883e-01
8.029367327690124512e-01
4.607902765274047852e-01
5.233191847801208496e-01
5.922722220420837402e-01
-2.302515208721160889e-01
-2.938545048236846924e-01
4.588060081005096436e-02
1.948777586221694946e-01
2.456248253583908081e-01
2.805873155593872070e-01
-2.517653107643127441e-01
-2.546970248222351074e-01
3.381573557853698730e-01
4.579265117645263672e-01
7.229176163673400879e-01
-3.588312864303588867e-01
-4.260848164558410645e-01
-4.055590629577636719e-01
3.353288173675537109e-01
-3.741047978401184082e-01
-8.150709867477416992e-01
-3.064744770526885986e-01
2.783834934234619141e-01
-2.228834182024002075e-01
-4.360283911228179932e-02
-6.881911158561706543e-01
-2.888118326663970947e-01
8.203521966934204102e-01
2.862198352813720703e-01
-1.414186805486679077e-01
-5.063337087631225586e-01
-1.251066803932189941e+00
-2.893235385417938232e-01
-8.030927181243896484e-02
-5.059003233909606934e-01
2.313473969697952271e-01
-2.779589891433715820e-01
-5.281836986541748047e-01
-1.279426962137222290e-01
3.654967248439788818e-02
2.686074376106262207e-01
5.005911588668823242e-01
7.605655491352081299e-02
1.058314591646194458e-01
-2.035751491785049438e-01
1.293871253728866577e-01
1.728429675102233887e+00
5.962628722190856934e-01
3.402306437492370605e-01
2.562781810760498047e+00
5.374741554260253906e-01
1.273491978645324707e+00
6.591506600379943848e-01
9.335221052169799805e-01
2.338629484176635742e+00
2.004988670349121094e+00
-2.587656378746032715e-01
-2.125023126602172852e+00
-1.673563361167907715e+00
-2.040695428848266602e+00
1.451778858900070190e-01
1.375879645347595215e+00
1.779224723577499390e-01
1.263728588819503784e-01
-8.716661930084228516e-01
-2.236900329589843750e+00
-4.702927172183990479e-02
1.483806490898132324e+00
-1.310405254364013672e+00
-1.667326331138610840e+00
-2.019398212432861328e+00
-1.656619668006896973e+00
-1.123716384172439575e-01
1.459296107292175293e+00
-6.375837326049804688e-01
-7.891464829444885254e-01
-7.739918231964111328e-01
-5.277736186981201172e-01
-1.167538762092590332e+00
-1.245528817176818848e+00
-9.717079997062683105e-01
2.115222066640853882e-01
-1.317000269889831543e+00
-1.274195313453674316e+00
-1.174847006797790527e+00
-1.183226943016052246e+00
-1.160745501518249512e+00
-1.040622353553771973e+00
-7.203516960144042969e-01
-3.666600584983825684e-01
1.097822636365890503e-01
1.002974361181259155e-01
1.938171535730361938e-01
4.967483282089233398e-01
6.820367574691772461e-01
8.601083755493164062e-01
9.671063423156738281e-01
9.526631832122802734e-01
1.354202389717102051e+00
9.500249624252319336e-01
1.861834883689880371e+00
1.648369193077087402e+00
1.822631239891052246e+00
1.865150690078735352e+00
1.900891184806823730e+00
1.940718770027160645e+00
1.987974047660827637e+00
1.583365797996520996e+00
2.966076612472534180e+00
2.315379381179809570e+00
2.309669256210327148e+00
1.385969996452331543e+00
2.379954576492309570e+00
2.322559356689453125e+00
2.465069293975830078e+00
3.682829141616821289e+00
2.743954420089721680e+00
1.214805126190185547e+00
2.147606849670410156e+00
2.080775499343872070e+00
2.251927614212036133e+00
2.252238273620605469e+00
2.021762132644653320e+00
9.451233148574829102e-01
2.496923208236694336e+00
1.400869250297546387e+00
1.589874148368835449e+00
1.320763349533081055e+00
1.112165927886962891e+00
1.078430771827697754e+00
1.069304585456848145e+00
1.035970211029052734e+00
1.884641528129577637e+00
1.420182228088378906e+00
1.233409047126770020e+00
1.209871172904968262e+00
9.423797130584716797e-01
1.364327788352966309e+00
-7.615025639533996582e-01
-4.176375865936279297e-01
-5.915707349777221680e-01
-5.296338796615600586e-01
-6.765059828758239746e-01
-6.800214052200317383e-01
-6.330104470252990723e-01
-5.583137273788452148e-01
-4.936738610267639160e-01
-4.601438045501708984e-01
-9.834370017051696777e-01
-5.412437319755554199e-01
-1.377793431282043457e+00
-5.266249179840087891e-01
-5.185557603836059570e-01
-1.218423843383789062e+00
-5.195056200027465820e-01
-5.503050684928894043e-01
-5.366433858871459961e-01
-5.254660844802856445e-01
-5.416892170906066895e-01
-1.060356974601745605e+00
-1.041701674461364746e+00
-6.915020942687988281e-01
-3.477120995521545410e-01
-6.534643769264221191e-01
-3.816388249397277832e-01
-2.509635686874389648e-01
-1.736553162336349487e-01
-1.311687678098678589e-01
-1.339131742715835571e-01
-1.970197260379791260e-02
8.984745144844055176e-01
1.428094506263732910e+00
1.512434601783752441e+00
1.339499503374099731e-01
8.270357549190521240e-02
7.187914848327636719e-01
1.082631707191467285e+00
1.142158150672912598e+00
1.034889101982116699e+00
2.380032837390899658e-02
-4.948281049728393555e-01
-7.588447630405426025e-02
-1.980749219655990601e-01
-8.106399774551391602e-01
1.798979938030242920e-02
-3.263384103775024414e-01
-2.287606745958328247e-01
-1.616893559694290161e-01
-1.594377905130386353e-01
-1.264454275369644165e-01
-1.198102682828903198e-01
-3.417072892189025879e-01
-1.083003878593444824e+00
-9.623231887817382812e-01
-9.176907539367675781e-01
-8.333711624145507812e-01
-8.435466885566711426e-01
-9.844514131546020508e-01
-6.127796769142150879e-01
-2.180650830268859863e-03
-2.232588380575180054e-01
-2.054159194231033325e-01
-5.973617732524871826e-02
-1.402602046728134155e-01
-7.109691202640533447e-02
-1.041461378335952759e-01
-2.186053246259689331e-01
-3.124269843101501465e-01
-4.062793850898742676e-01
-5.459467172622680664e-01
-7.014436721801757812e-01
-6.791326999664306641e-01
2.543770074844360352e-01
4.516945779323577881e-02
-1.262350380420684814e-02
-4.091380834579467773e-01
6.189565658569335938e-01
5.464430451393127441e-01
-6.343770027160644531e-01
-8.881427049636840820e-01
-1.012295246124267578e+00
-1.138297915458679199e+00
-1.273417115211486816e+00
-1.450739979743957520e+00
-1.785750150680541992e+00
-1.902972698211669922e+00
-2.015793323516845703e+00
-1.030105352401733398e+00
-7.688679695129394531e-01
-5.725679397583007812e-01
-5.917168259620666504e-01
-8.269441127777099609e-01
-1.188615083694458008e+00
-9.393506646156311035e-01
-1.285200953483581543e+00
-9.622272253036499023e-01
-5.935901999473571777e-01
-1.404510587453842163e-01
-9.735554456710815430e-01
-5.431867837905883789e-01
-7.365868091583251953e-01
-4.172453284263610840e-01
-4.594072699546813965e-01
-4.211772680282592773e-01
-4.079361557960510254e-01
-4.942980408668518066e-01
-5.310434103012084961e-01
7.886803746223449707e-01
-1.356516242027282715e+00
-1.116354465484619141e+00
-1.345522284507751465e+00
-1.971085071563720703e+00
-2.374930620193481445e+00
-8.107450008392333984e-01
8.161666393280029297e-01
6.877956986427307129e-01
-5.982250571250915527e-01
8.210180699825286865e-02
-2.861717343330383301e-01
1.058169603347778320e-01
-1.151677072048187256e-01
-3.049581050872802734e-01
-3.993496298789978027e-01
-4.182438850402832031e-01
-3.120776414871215820e-01
-3.044430017471313477e-01
-2.187367826700210571e-01
-1.837943345308303833e-01
-4.155786037445068359e-01
-2.389313429594039917e-01
-3.965036869049072266e-01
-4.193318486213684082e-01
-4.100660085678100586e-01
-3.551713824272155762e-01
-4.343683123588562012e-01
2.327753603458404541e-02
-5.846620798110961914e-01
-3.900120854377746582e-01
-2.696807384490966797e-01
-1.074633374810218811e-01
-3.621663451194763184e-01
-8.209981918334960938e-01
-1.338460683822631836e+00
-4.987652301788330078e-01
-3.797392249107360840e-01
1.044693112373352051e+00
1.471060156822204590e+00
1.477494239807128906e+00
6.611564159393310547e-01
1.353913784027099609e+00
9.600487947463989258e-01
5.463047027587890625e-01
-1.675162464380264282e-01
-7.198060154914855957e-01
-5.349759459495544434e-01
-5.286915302276611328e-01
-7.164689302444458008e-01
-7.983624935150146484e-01
-8.229122161865234375e-01
-2.549930810928344727e-01
-1.152996897697448730e+00
1.378707766532897949e+00
-3.772402405738830566e-01
-2.551804780960083008e-01
-4.074470698833465576e-02
-2.292512804269790649e-01
-3.090144395828247070e-01
-3.874191045761108398e-01
-4.456554055213928223e-01
-3.591120839118957520e-01
-3.400267362594604492e-01
-2.827094197273254395e-01
9.758378565311431885e-02
2.397154420614242554e-01
1.439878195524215698e-01
-5.938349962234497070e-01
-4.385810494422912598e-01
-1.251631826162338257e-01
-4.873516559600830078e-01
-8.179824948310852051e-01
-2.093870937824249268e-01
-6.066494584083557129e-01
-1.424405574798583984e-01
-3.737140297889709473e-01
-6.404486894607543945e-01
-5.109352469444274902e-01
-7.144173383712768555e-01
-6.427737474441528320e-01
-5.994691252708435059e-01
-5.296242833137512207e-01
-1.449870765209197998e-01
-6.659258604049682617e-01
-3.006024956703186035e-01
-3.338135480880737305e-01
-3.920329213142395020e-01
-4.729496836662292480e-01
-1.464979946613311768e-01
-3.975573182106018066e-01
-6.488598585128784180e-01
-3.723343610763549805e-01
-2.537304162979125977e-02
-5.569593906402587891e-01
-2.518047690391540527e-01
-2.428561449050903320e-02
3.544832766056060791e-02
-2.798675000667572021e-02
-5.589888989925384521e-02
-3.773085772991180420e-02
-2.641297876834869385e-02
-1.295691579580307007e-01
1.004977673292160034e-01
-1.364218741655349731e-01
-1.298788338899612427e-01
8.936569094657897949e-03
-7.567723095417022705e-02
-1.865746080875396729e-02
-7.907137870788574219e-01
-4.364730119705200195e-01
-6.213976740837097168e-01
-5.514590740203857422e-01
3.436540365219116211e-01
-3.640152215957641602e-01
-4.839743375778198242e-01
1.145197629928588867e+00
6.792706847190856934e-01
1.360467076301574707e+00
6.242740750312805176e-01
-5.052732825279235840e-01
-3.777777552604675293e-01
-3.632221221923828125e-01
-1.885662913322448730e+00
-2.079937934875488281e+00
-2.073419094085693359e+00
-2.123145341873168945e+00
-1.793587565422058105e+00
-1.412132143974304199e+00
-1.884335160255432129e+00
-2.083291292190551758e+00
-1.728523492813110352e+00
-1.154408693313598633e+00
-1.566185593605041504e+00
-1.759366154670715332e+00
-1.775241971015930176e+00
-5.011944770812988281e-01
-7.404638826847076416e-02
-2.424096018075942993e-01
-5.161385536193847656e-01
-6.553264856338500977e-01
-7.017965316772460938e-01
-1.426309704780578613e+00
-6.767103672027587891e-01
-1.541128307580947876e-01
3.304729461669921875e-01
3.725174665451049805e-01
4.788187742233276367e-01
5.693277120590209961e-01
6.702643632888793945e-01
7.596740722656250000e-01
1.181350648403167725e-02
-1.454362869262695312e+00
-1.043078184127807617e+00
9.982354640960693359e-01
1.087487578392028809e+00
3.269944190979003906e-01
4.327923059463500977e-01
4.157690405845642090e-01
-3.719717860221862793e-01
-3.727963566780090332e-01
9.449325501918792725e-02
9.527491331100463867e-01
-4.153104424476623535e-01
1.449076890945434570e+00
-9.419064521789550781e-01
-1.426297307014465332e+00
-1.468917369842529297e+00
-2.722037553787231445e+00
-2.913516044616699219e+00
-2.688372373580932617e+00
-3.869619369506835938e+00
-2.705702304840087891e+00
-1.401497006416320801e+00
-4.179707169532775879e-01
-4.092347025871276855e-01
-5.152583122253417969e-01
-5.478047728538513184e-01
-8.790988922119140625e-01
-8.212081193923950195e-01
-3.374059796333312988e-01
1.398124456405639648e+00
2.362226963043212891e+00
1.322236895561218262e+00
1.233309507369995117e+00
5.134688317775726318e-02
1.895824521780014038e-01
-1.486745029687881470e-01
-2.014871984720230103e-01
-1.954139918088912964e-01
-3.375198841094970703e-01
-3.208867311477661133e-01
-5.205841660499572754e-01
-6.820906698703765869e-02
-2.390300184488296509e-01
-3.406081795692443848e-01
-1.014677733182907104e-01
-2.017353624105453491e-01
-3.463786244392395020e-01
-3.557361960411071777e-01
-4.634458422660827637e-01
-6.116088628768920898e-01
-6.984324455261230469e-01
-7.275000810623168945e-01
-7.423939108848571777e-01
-8.828643560409545898e-01
-7.865251302719116211e-01
-8.183335065841674805e-01
-8.566061854362487793e-01
-9.083003401756286621e-01
-9.346100091934204102e-01
-7.070604562759399414e-01
-3.170629739761352539e-01
-8.891028165817260742e-01
-1.065168738365173340e+00
-8.781875967979431152e-01
-8.476318717002868652e-01
-8.423922657966613770e-01
-1.011312246322631836e+00
-8.084365129470825195e-01
-7.616343498229980469e-01
-7.181357145309448242e-01
-6.928233504295349121e-01
-6.833415031433105469e-01
-1.094960093498229980e+00
-1.137656331062316895e+00
-1.029126524925231934e+00
-9.965031147003173828e-01
-9.821407198905944824e-01
-9.791481494903564453e-01
-9.749047756195068359e-01
-8.751851320266723633e-01
3.703265786170959473e-01
-4.926730394363403320e-01
3.949456810951232910e-01
6.758853793144226074e-02
-4.634543061256408691e-01
2.382127493619918823e-01
6.760058999061584473e-01
-1.576577067375183105e+00
-4.854025244712829590e-01
-1.046690493822097778e-01
6.088141202926635742e-01
6.764282584190368652e-01
1.617617011070251465e+00
1.038940310478210449e+00
6.477317810058593750e-01
-1.472329795360565186e-01
-7.149134874343872070e-01
-3.609999418258666992e-01
-1.902487426996231079e-01
-1.674182713031768799e-01
-2.661184668540954590e-01
-7.873545587062835693e-02
6.839013695716857910e-01
-4.397594928741455078e-01
2.501790523529052734e-01
9.208250045776367188e-02
-6.246829032897949219e-01
-3.280435204505920410e-01
-3.083861470222473145e-01
-5.590874552726745605e-01
-4.660545587539672852e-01
-4.380922019481658936e-02
3.686334937810897827e-02
-8.683438301086425781e-01
-4.172397255897521973e-01
-2.780671715736389160e-01
-4.626639187335968018e-02
-2.469280481338500977e+00
-1.927078962326049805e+00
-6.584754586219787598e-01
-7.185823917388916016e-01
4.405282139778137207e-01
1.095941066741943359e+00
8.505864739418029785e-01
2.172912508249282837e-01
5.174958109855651855e-01
6.022933721542358398e-01
5.508031845092773438e-01
9.027462005615234375e-01
3.940771818161010742e-01
-2.104865014553070068e-02
1.001538187265396118e-01
2.010771632194519043e-02
5.542770773172378540e-02
1.640975624322891235e-01
7.395775318145751953e-01
-5.825035572052001953e-01
-7.733762264251708984e-01
-4.309929609298706055e-01
1.542576849460601807e-01
-8.123946934938430786e-02
-3.366724252700805664e-01
-6.515590548515319824e-01
-3.886944651603698730e-01
-3.896329998970031738e-01
-3.929643034934997559e-01
-3.611425757408142090e-01
-3.086507320404052734e-01
-2.529430985450744629e-01
-2.247390002012252808e-01
-2.066126912832260132e-01
-2.169646471738815308e-01
-1.673606187105178833e-01
-2.660180926322937012e-01
-5.591753721237182617e-01
-7.370880842208862305e-01
-6.160983443260192871e-01
-4.494163990020751953e-01
-2.738835811614990234e-01
-1.156163364648818970e-01
8.342102169990539551e-03
9.441660344600677490e-02
1.708562523126602173e-01
4.624187350273132324e-01
-4.761238396167755127e-02
7.761276364326477051e-01
-4.050013422966003418e-01
9.003525376319885254e-01
-1.458699852228164673e-01
-3.884474039077758789e-01
-1.312091946601867676e-01
4.405142664909362793e-01
-5.009238719940185547e-01
-1.124132424592971802e-01
9.414075314998626709e-02
1.057079195976257324e+00
8.478832244873046875e-01
2.954533100128173828e-01
2.341043204069137573e-01
-1.402750760316848755e-01
-1.603906601667404175e-01
-1.876776963472366333e-01
-1.447088867425918579e-01
-3.450332880020141602e-01
-1.388978123664855957e+00
-1.687458395957946777e+00
-7.433038949966430664e-01
-1.734147429466247559e+00
3.521964550018310547e-01
1.009850144386291504e+00
1.972351670265197754e+00
-6.683433651924133301e-01
2.689749598503112793e-01
4.293106794357299805e-01
-3.450361490249633789e-01
-6.914918422698974609e-01
-5.364422798156738281e-01
-6.478083133697509766e-01
-2.727942168712615967e-02
1.120484918355941772e-01
-1.546604275703430176e+00
-1.491201043128967285e+00
-6.408789157867431641e-01
-1.366192698478698730e+00
-9.565956592559814453e-01
-1.390311241149902344e+00
-2.763343095779418945e+00
1.334297508001327515e-01
5.880011320114135742e-01
-5.160498619079589844e-01
-1.092499017715454102e+00
-4.972543120384216309e-01
-7.169852256774902344e-01
-1.194384336471557617e+00
-1.038931369781494141e+00
-9.884984493255615234e-01
-1.151579976081848145e+00
-1.000562787055969238e+00
-1.034108161926269531e+00
-1.024236202239990234e+00
-9.365145564079284668e-01
-8.752753734588623047e-01
-1.184316635131835938e+00
-1.257843732833862305e+00
-1.272621989250183105e+00
-8.769553303718566895e-01
1.060850262641906738e+00
-5.174596905708312988e-01
-2.805571556091308594e-01
-9.608758687973022461e-01
-2.516343832015991211e+00
-2.292953014373779297e+00
-1.454061388969421387e+00
1.111533522605895996e+00
9.499813318252563477e-01
1.101560592651367188e+00
5.135501623153686523e-01
-4.946968555450439453e-01
-1.886047422885894775e-03
2.272643297910690308e-01
-1.736315190792083740e-01
-4.847133159637451172e-01
-4.839919209480285645e-01
-4.682646393775939941e-01
-5.203512907028198242e-01
-6.970493793487548828e-01
-5.563562512397766113e-01
-4.073505997657775879e-01
-1.838063150644302368e-01
-2.352543324232101440e-01
-1.109744608402252197e-02
-1.131392866373062134e-01
-1.151153892278671265e-01
-1.356483101844787598e-01
-7.101391255855560303e-02
-4.993252456188201904e-02
-2.379049509763717651e-01
-2.749018669128417969e-01
4.640661478042602539e-01
1.172150969505310059e+00
1.870326638221740723e+00
7.292924523353576660e-01
7.339274287223815918e-01
-7.406726479530334473e-03
-3.004946708679199219e-01
-1.675552964210510254e+00
-5.703614950180053711e-01
6.437222659587860107e-02
1.622243762016296387e+00
5.194728076457977295e-02
1.878104656934738159e-01
8.401171565055847168e-01
1.786734819412231445e+00
1.863323092460632324e+00
1.656641483306884766e+00
1.558144450187683105e+00
1.663489699363708496e+00
1.994820475578308105e+00
-8.207318782806396484e-01
-1.584297776222229004e+00
1.034205198287963867e+00
1.388898342847824097e-01
9.504656791687011719e-01
1.430303454399108887e+00
7.786032557487487793e-01
-1.783942341804504395e+00
-2.637118816375732422e+00
3.305116891860961914e-01
7.191274166107177734e-01
-8.593557029962539673e-02
-1.828365027904510498e-02
-6.868269443511962891e-01
-9.864873886108398438e-01
-1.134726047515869141e+00
-5.711315870285034180e-01
-4.008568525314331055e-01
-6.752477288246154785e-01
-4.423433542251586914e-01
-5.646334290504455566e-01
-6.734312772750854492e-01
-6.216316223144531250e-01
-1.756875365972518921e-01
-4.334935545921325684e-01
-5.878338813781738281e-01
-2.468916326761245728e-01
-5.369577407836914062e-01
-8.298246562480926514e-02
-8.190411329269409180e-02
-2.271273881196975708e-01
-5.204384326934814453e-01
-5.880300998687744141e-01
-5.878211557865142822e-02
-2.315598875284194946e-01
-1.528112143278121948e-01
-2.442374825477600098e-03
3.175006508827209473e-01
-1.292467564344406128e-01
-4.794577956199645996e-01
-7.649258971214294434e-01
-7.842423021793365479e-02
-4.020283818244934082e-01
7.576604187488555908e-02
7.021481990814208984e-01
6.610733866691589355e-01
1.479023098945617676e-01
3.605065345764160156e-01
5.898211002349853516e-01
2.045497447252273560e-01
6.597772240638732910e-01
9.443863630294799805e-01
1.533905565738677979e-01
1.374282687902450562e-01
2.813884615898132324e-01
-9.449431300163269043e-02
-1.141023412346839905e-01
-2.907827496528625488e-03
2.904648780822753906e-01
-3.603060245513916016e-01
3.358815312385559082e-01
3.820227384567260742e-01
5.979281663894653320e-01
6.309634447097778320e-01
5.627911686897277832e-01
6.782896518707275391e-01
5.452947020530700684e-01
4.454392194747924805e-01
1.639821380376815796e-01
-1.740292012691497803e-01
-1.403041630983352661e-01
-4.298195838928222656e-01
-6.487338542938232422e-01
-7.313131690025329590e-01
-7.592223882675170898e-01
-7.597426176071166992e-01
-7.557552456855773926e-01
-7.225065827369689941e-01
-6.630095243453979492e-01
-2.824078202247619629e-01
-2.782082557678222656e-01
-9.195268750190734863e-01
-6.193766593933105469e-01
-8.770450353622436523e-01
-9.689172506332397461e-01
-1.167352497577667236e-02
-3.186564147472381592e-02
-6.763616800308227539e-01
-2.665960788726806641e-01
-9.064431488513946533e-02
-4.918360710144042969e-02
-1.225862354040145874e-01
-3.350450992584228516e-01
-4.598290920257568359e-01
-7.606181502342224121e-01
-6.366386413574218750e-01
-5.901750326156616211e-01
-3.582455515861511230e-01
-4.061729311943054199e-01
-5.619421601295471191e-02
2.628841400146484375e-01
1.170403003692626953e+00
3.406684100627899170e-02
-2.660596370697021484e-01
-6.776447296142578125e-01
-1.182582616806030273e+00
-9.098075032234191895e-01
-8.184944391250610352e-01
-1.189826011657714844e+00
-1.284075498580932617e+00
5.131136178970336914e-01
1.425857990980148315e-01
3.506709933280944824e-01
4.895538091659545898e-01
2.730657458305358887e-01
4.806239604949951172e-01
2.861728668212890625e-01
3.155648708343505859e-01
2.480798810720443726e-01
1.631074696779251099e-01
3.127451539039611816e-01
6.510759890079498291e-02
2.556074857711791992e-01
-4.655678570270538330e-02
2.880268096923828125e-01
-7.824574112892150879e-01
6.358131766319274902e-02
4.422169923782348633e-01
3.023219108581542969e-01
7.505303621292114258e-02
-8.542846441268920898e-01
-1.162726998329162598e+00
-2.468279153108596802e-01
4.414781928062438965e-03
-1.417117267847061157e-01
-5.140025615692138672e-01
-5.045464634895324707e-01
-1.041066169738769531e+00
-1.012274384498596191e+00
-6.523591279983520508e-01
-4.991832971572875977e-01
-4.367023110389709473e-01
-3.901121020317077637e-01
-4.953856468200683594e-01
-2.985490858554840088e-02
-3.951142728328704834e-02
7.625612020492553711e-01
-4.548475742340087891e-01
-3.466935157775878906e-01
-1.070945411920547485e-01
-3.179150819778442383e-01
-6.936897635459899902e-01
-7.129895091056823730e-01
2.636837959289550781e-01
3.134207427501678467e-02
-3.043897449970245361e-02
1.179100722074508667e-01
3.270939588546752930e-01
4.752551019191741943e-02
-2.714604139328002930e-01
4.253034293651580811e-02
1.301978081464767456e-01
-9.736122488975524902e-01
8.343653082847595215e-01
4.442984461784362793e-01
4.707174003124237061e-02
-4.565833210945129395e-01
-1.343278735876083374e-01
-2.666918635368347168e-01
-9.627671539783477783e-02
-6.250358223915100098e-01
1.983795911073684692e-01
3.786426186561584473e-01
6.571435332298278809e-01
-1.891236901283264160e-01
5.858807265758514404e-02
-7.592543363571166992e-01
-1.341802477836608887e+00
-6.894084215164184570e-01
-9.971885085105895996e-01
-1.386458516120910645e+00
-1.413565427064895630e-01
-3.319011330604553223e-01
1.952420622110366821e-01
2.174773961305618286e-01
1.225125938653945923e-01
3.263486027717590332e-01
-4.236560463905334473e-01
-9.732024669647216797e-01
-1.108965277671813965e+00
4.788087606430053711e-01
2.452278584241867065e-01
4.660643339157104492e-01
5.634510517120361328e-01
1.025689393281936646e-01
-2.942968904972076416e-02
-2.743681073188781738e-01
-3.892533779144287109e-01
1.051583737134933472e-01
3.201218843460083008e-01
6.467682123184204102e-01
-2.572739720344543457e-01
-1.013312041759490967e-01
7.374510169029235840e-03
2.756707370281219482e-02
8.647464513778686523e-01
9.900614023208618164e-01
2.192458629608154297e+00
1.586158871650695801e+00
8.037501573562622070e-01
6.999208927154541016e-01
8.338768482208251953e-01
8.452929258346557617e-01
2.011803835630416870e-01
-6.569669246673583984e-01
-8.957539796829223633e-01
-7.876275777816772461e-01
-9.800870418548583984e-01
-8.785068988800048828e-01
-7.734411954879760742e-01
-8.382866382598876953e-01
-4.085057973861694336e-01
-1.018579006195068359e+00
-1.484278082847595215e+00
-2.024537324905395508e+00
-2.000216007232666016e+00
-1.878220677375793457e+00
-4.019228816032409668e-01
1.885996758937835693e-02
-8.362278342247009277e-03
-6.561450362205505371e-01
-3.664886355400085449e-01
-4.538761973381042480e-01
-4.934870600700378418e-01
-1.915403604507446289e-01
3.552583456039428711e-01
2.087689936161041260e-02
-9.189420342445373535e-01
-3.195902705192565918e-01
-1.684559583663940430e-01
-3.155921101570129395e-01
-2.819061279296875000e-01
-3.402132391929626465e-01
-4.669074416160583496e-01
3.959615826606750488e-01
-5.119672417640686035e-01
3.888568282127380371e-01
-1.038262099027633667e-01
2.434995323419570923e-01
-1.638310313224792480e+00
-1.405511021614074707e+00
-1.446434110403060913e-01
2.192755192518234253e-01
-8.931933343410491943e-02
-1.091712951660156250e+00
-9.881108999252319336e-01
-9.806475043296813965e-01
-4.588183760643005371e-01
-1.251702010631561279e-01
-6.212177872657775879e-01
-6.709356307983398438e-01
-1.015498161315917969e+00
-6.341305375099182129e-01
-6.578777432441711426e-01
-3.652240633964538574e-01
-7.260790467262268066e-01
-7.172479629516601562e-01
-7.634087204933166504e-01
4.847951531410217285e-01
6.540942192077636719e-01
8.017940521240234375e-01
3.850196599960327148e-01
1.594560980796813965e+00
4.876352548599243164e-01
-1.628453880548477173e-01
-2.944652557373046875e+00
-2.596653461456298828e+00
-1.689026594161987305e+00
-2.637907028198242188e+00
-2.860084056854248047e+00
-3.025131464004516602e+00
-2.579813718795776367e+00
-1.912717103958129883e+00
-1.963806986808776855e+00
-1.860551714897155762e+00
-1.568085432052612305e+00
-1.233225464820861816e+00
-1.762711286544799805e+00
9.286378622055053711e-01
3.133590221405029297e-01
-1.771451532840728760e-02
-1.325562149286270142e-01
-6.267086267471313477e-01
-1.893179774284362793e+00
-4.299654960632324219e-01
-7.322786748409271240e-02
-5.673713088035583496e-01
-1.027978658676147461e+00
-4.805166721343994141e-01
-1.543234288692474365e-02
5.684521794319152832e-01
4.642149209976196289e-01
-7.124676704406738281e-01
-1.534371733665466309e+00
-4.180899858474731445e-01
-1.590057909488677979e-01
-1.228295087814331055e+00
-9.618083238601684570e-01
-8.699400424957275391e-01
-7.146043777465820312e-01
-8.613690733909606934e-03
3.939446210861206055e-01
8.366060853004455566e-01
6.779117584228515625e-01
5.238301753997802734e-01
-1.037101894617080688e-01
6.858590841293334961e-01
-9.283590316772460938e-01
-6.040155887603759766e-01
-7.626860141754150391e-01
-8.390251398086547852e-01
2.112144231796264648e-02
-2.899576723575592041e-01
-3.114917278289794922e-01
1.440402120351791382e-01
-1.700362086296081543e+00
4.249165654182434082e-01
2.035661458969116211e+00
-5.127819180488586426e-01
-4.149081707000732422e-01
-7.576479017734527588e-02
1.242607682943344116e-01
-2.668176293373107910e-01
-2.484455108642578125e-01
-2.636148929595947266e-01
-2.146332710981369019e-01
-1.851987093687057495e-01
-4.288370609283447266e-01
-2.125346213579177856e-01
-4.251167178153991699e-03
7.772855460643768311e-02
5.980114638805389404e-02
-3.147859573364257812e-01
-5.265545845031738281e-01
-5.092368125915527344e-01
-3.063185811042785645e-01
-5.116329789161682129e-01
-1.252941846847534180e+00
-1.388120889663696289e+00
-1.670149445533752441e+00
-1.700921505689620972e-01
-1.203558146953582764e-01
-6.442645192146301270e-01
-3.763504028320312500e-01
-2.591241002082824707e-01
-2.118921130895614624e-01
-5.574598312377929688e-01
-5.727787017822265625e-01
-7.108215093612670898e-01
5.477294325828552246e-03
-3.464121818542480469e-01
2.154254168272018433e-01
1.601987332105636597e-01
-3.573439717292785645e-01
-4.728894233703613281e-01
-3.684109449386596680e-01
8.140504360198974609e-04
3.813467919826507568e-02
8.340553939342498779e-02
3.790620565414428711e-01
7.643758654594421387e-01
1.510984897613525391e+00
1.606066465377807617e+00
5.835145711898803711e-04
-7.518038749694824219e-01
1.102522015571594238e+00
-6.113991737365722656e-01
-8.527334928512573242e-01
3.504023551940917969e-01
-4.175775051116943359e-01
-3.843141198158264160e-01
-5.952895879745483398e-01
-2.009560018777847290e-01
-3.063676953315734863e-01
-1.498013287782669067e-01
8.162085711956024170e-02
9.812454879283905029e-02
5.163289308547973633e-01
6.460652351379394531e-01
9.792786836624145508e-01
6.667000651359558105e-01
6.563242673873901367e-01
9.324109554290771484e-01
1.053100228309631348e+00
2.092431068420410156e+00
2.370594024658203125e+00
1.574982166290283203e+00
1.615411639213562012e+00
1.331246942281723022e-01
-1.990466266870498657e-01
1.182297587394714355e+00
-1.739801913499832153e-01
-3.949946761131286621e-01
-3.534751534461975098e-01
-4.474921524524688721e-02
1.195860385894775391e+00
1.358891844749450684e+00
1.326940774917602539e+00
1.291819453239440918e+00
1.223884701728820801e+00
1.461176723241806030e-01
-2.122286707162857056e-01
-1.574300974607467651e-01
-1.888291686773300171e-01
-2.454011917114257812e+00
4.001576900482177734e-01
-1.401139944791793823e-01
2.900512516498565674e-02
4.322210550308227539e-01
1.738607734441757202e-01
-1.874392181634902954e-01
-1.963517665863037109e+00
-3.113388061523437500e+00
-3.147300243377685547e+00
-9.327186942100524902e-01
-1.220439553260803223e+00
1.991826653480529785e+00
1.599983096122741699e+00
-6.574906110763549805e-01
1.632680535316467285e+00
1.344948053359985352e+00
-1.127599030733108521e-01
-3.013011217117309570e-01
-2.248206615447998047e+00
-1.582187771797180176e+00
-1.605632424354553223e+00
-1.681593656539916992e+00
-1.498599886894226074e+00
-1.314548969268798828e+00
-1.394984841346740723e+00
-7.560349702835083008e-01
-7.251509428024291992e-01
-6.186633706092834473e-01
5.158133506774902344e-01
8.189858496189117432e-02
-2.874757051467895508e-01
1.196327328681945801e+00
3.036761760711669922e+00
3.513683795928955078e+00
1.778107881546020508e+00
-1.437612920999526978e-01
2.707783877849578857e-02
8.045887351036071777e-01
2.062380552291870117e+00
2.169349193572998047e+00
8.123487234115600586e-01
9.157153964042663574e-01
1.081412672996520996e+00
9.742717742919921875e-01
1.403414487838745117e+00
1.154568314552307129e+00
4.068112969398498535e-01
