1.298553347587585449e+00
6.346594095230102539e-01
5.130162835121154785e-01
1.189819216728210449e+00
4.895890355110168457e-01
1.213343977928161621e+00
1.212589502334594727e+00
1.156782746315002441e+00
1.026835560798645020e+00
1.485766887664794922e+00
1.649335741996765137e+00
9.669925570487976074e-01
1.146247744560241699e+00
-1.151384472846984863e+00
3.435040116310119629e-01
-5.636181235313415527e-01
1.762250781059265137e+00
1.853439211845397949e-01
-2.008855342864990234e+00
-7.500422596931457520e-01
-9.680606722831726074e-01
-9.853497147560119629e-01
-9.457276463508605957e-01
-7.294420003890991211e-01
-9.545772671699523926e-01
-7.311251759529113770e-01
-7.744022011756896973e-01
-1.100272297859191895e+00
-1.476769089698791504e+00
-1.517073035240173340e+00
-9.557439684867858887e-01
-1.054460644721984863e+00
-8.569806814193725586e-01
-9.682818651199340820e-01
-1.036159396171569824e+00
-7.883909344673156738e-01
-1.117461562156677246e+00
3.815322518348693848e-01
-4.024171233177185059e-01
-1.062961220741271973e+00
8.917248249053955078e-01
1.634190678596496582e-01
-3.157346248626708984e-01
3.984621167182922363e-01
2.910531163215637207e-01
1.353214979171752930e-01
6.020630598068237305e-01
2.476504445075988770e-01
1.742886304855346680e-01
5.370814204216003418e-01
2.644189000129699707e-01
2.953771948814392090e-01
4.770476222038269043e-01
2.071793675422668457e-01
3.297716975212097168e-01
4.592232108116149902e-01
2.674342989921569824e-01
3.549667000770568848e-01
2.960743308067321777e-01
1.601549983024597168e-01
2.038696408271789551e-01
7.996020838618278503e-03
-1.914638876914978027e-01
-2.418467402458190918e-01
-3.952713608741760254e-01
-5.370898842811584473e-01
8.641749620437622070e-01
-1.272612214088439941e-01
1.597437143325805664e+00
2.646176218986511230e-01
-2.609094858169555664e+00
-1.062535047531127930e+00
1.124967336654663086e+00
4.632917642593383789e-01
-1.073985457420349121e+00
2.020613193511962891e+00
1.582262158393859863e+00
6.535519957542419434e-01
1.931929111480712891e+00
8.167106509208679199e-01
2.768067717552185059e-01
8.189350366592407227e-02
4.758860468864440918e-01
4.272751212120056152e-01
6.212400794029235840e-01
-3.789248466491699219e-01
-2.952762246131896973e-01
3.892933949828147888e-02
-2.455645203590393066e-01
7.480221390724182129e-01
2.815193533897399902e-01
5.883959531784057617e-01
4.613568186759948730e-01
7.250100374221801758e-02
2.604352831840515137e-01
2.106475234031677246e-01
-8.994799852371215820e-02
2.608253359794616699e-01
-4.689040780067443848e-01
1.286064147949218750e+00
6.195102334022521973e-01
1.017208695411682129e+00
4.974393248558044434e-01
8.136662840843200684e-01
1.139293789863586426e+00
-1.330025315284729004e+00
-1.630865693092346191e+00
-1.097528219223022461e+00
-1.509113430976867676e+00
-6.455557942390441895e-01
-6.930950284004211426e-01
-8.918004631996154785e-01
-1.608994603157043457e+00
-9.549506306648254395e-01
-1.260607004165649414e+00
-1.462008118629455566e+00
-1.489086866378784180e+00
-1.465607166290283203e+00
-1.459685802459716797e+00
-1.421339511871337891e+00
-1.331825375556945801e+00
-1.206987261772155762e+00
-1.060637831687927246e+00
-8.990463018417358398e-01
-7.195187211036682129e-01
-5.225304961204528809e-01
-3.258109092712402344e-01
-1.432252526283264160e-01
-2.633752766996622086e-03
3.722065314650535583e-02
-1.338631100952625275e-02
-1.097012758255004883e-01
-2.381636500358581543e-01
-3.809658288955688477e-01
-5.214434862136840820e-01
-6.467876434326171875e-01
-6.391276717185974121e-01
4.093974530696868896e-01
-6.714779138565063477e-01
-1.079521417617797852e+00
-8.708631992340087891e-02
1.792258858680725098e+00
9.100985527038574219e-01
1.228208661079406738e+00
1.582318425178527832e+00
1.717948555946350098e+00
-1.057962179183959961e-01
-1.051913619041442871e+00
-8.687191605567932129e-01
-1.565963216125965118e-02
-1.552759051322937012e+00
-5.473809838294982910e-01
8.686303496360778809e-01
1.588601112365722656e+00
5.223211273550987244e-02
-2.922879219055175781e+00
-1.658761858940124512e+00
-6.573888063430786133e-01
-2.751519381999969482e-01
-7.862648367881774902e-01
-5.005100369453430176e-01
-1.062332749366760254e+00
-1.067877650260925293e+00
7.168708443641662598e-01
-6.927040219306945801e-01
-7.606358528137207031e-01
-2.217420578002929688e+00
-9.580257534980773926e-01
-5.075315237045288086e-01
-2.146745920181274414e+00
-4.607895016670227051e-01
7.420356869697570801e-01
5.840368866920471191e-01
-1.088374018669128418e+00
-1.550736665725708008e+00
-2.639555215835571289e+00
-2.791808843612670898e+00
-3.443641424179077148e+00
-2.275252342224121094e+00
-3.493939161300659180e+00
-2.083052635192871094e+00
-1.907921075820922852e+00
-1.701974511146545410e+00
-3.536221385002136230e-01
-1.299113631248474121e+00
-1.214969038963317871e+00
-6.999375820159912109e-01
3.451461195945739746e-01
-1.692371070384979248e-01
9.684835672378540039e-01
-4.170164465904235840e-01
-8.651700615882873535e-01
-4.203076958656311035e-01
7.831963300704956055e-01
1.113425731658935547e+00
2.182469844818115234e+00
2.805039167404174805e+00
2.995880544185638428e-01
-8.723666071891784668e-01
1.399906873703002930e+00
9.568107724189758301e-01
5.935053229331970215e-01
-8.813603520393371582e-01
1.294087290763854980e+00
-1.310637116432189941e+00
-2.542619943618774414e+00
-1.306812524795532227e+00
-1.139688134193420410e+00
2.371927499771118164e-01
6.086009740829467773e-01
-4.638077914714813232e-01
-7.336503863334655762e-01
2.033376216888427734e+00
5.546198412775993347e-02
1.284964680671691895e+00
1.091100335121154785e+00
-1.146648406982421875e+00
-4.747976660728454590e-01
-3.717629909515380859e-01
-1.803883910179138184e-01
2.352641224861145020e-01
-6.566855907440185547e-01
-1.867678523063659668e+00
-6.501792073249816895e-01
2.434526979923248291e-01
-1.051263928413391113e+00
-9.374217391014099121e-01
-1.182303547859191895e+00
8.893460035324096680e-02
1.806595683097839355e+00
4.238508045673370361e-01
3.770409822463989258e-01
2.578278481960296631e-01
-4.776041805744171143e-01
-1.546122431755065918e+00
8.792111873626708984e-01
3.717164993286132812e-01
1.657420396804809570e+00
-1.809658169746398926e+00
-9.631556868553161621e-01
-1.378067374229431152e+00
-2.104647159576416016e+00
-1.659211039543151855e+00
-6.784518361091613770e-01
3.281154632568359375e-01
1.380169987678527832e+00
6.598511338233947754e-01
-3.437681794166564941e-01
-1.053999066352844238e+00
-1.574487805366516113e+00
-8.635149002075195312e-01
-4.706715047359466553e-01
1.928673684597015381e-01
8.576690554618835449e-01
1.510759472846984863e+00
2.602901458740234375e+00
2.390297889709472656e+00
1.622061491012573242e+00
-4.245979189872741699e-01
-1.323783516883850098e+00
-2.352882027626037598e-01
-1.911941170692443848e-01
-1.361030340194702148e-01
-8.576514124870300293e-01
-1.483511447906494141e+00
-7.000423073768615723e-01
-3.702657222747802734e-01
1.959206938743591309e+00
6.834095120429992676e-01
-4.818270802497863770e-01
-6.833855509757995605e-01
-9.186969399452209473e-01
-6.260638833045959473e-01
3.120189309120178223e-01
2.925336360931396484e-01
-4.452599883079528809e-01
6.731145977973937988e-01
3.182612955570220947e-01
-5.037351250648498535e-01
-1.170281767845153809e+00
2.965759634971618652e-01
2.813421726226806641e+00
2.312889337539672852e+00
1.262649655342102051e+00
1.387779712677001953e+00
-4.433506727218627930e-01
-1.462784409523010254e+00
-7.224835753440856934e-01
3.344142064452171326e-02
-4.237305521965026855e-01
-3.705039024353027344e-01
1.181336045265197754e-01
8.539535403251647949e-01
1.047283530235290527e+00
5.400008559226989746e-01
-7.892061769962310791e-02
-8.647217154502868652e-01
-4.190280437469482422e-01
-4.912493824958801270e-01
-7.365857064723968506e-02
6.955428123474121094e-01
-1.058245301246643066e-01
1.339139103889465332e+00
3.128101110458374023e+00
-2.114215493202209473e-01
-4.615140333771705627e-02
8.430463075637817383e-02
9.726349711418151855e-01
-2.237989306449890137e-01
3.195856571197509766e+00
2.566160440444946289e+00
5.935626849532127380e-02
-1.265635609626770020e+00
1.678093314170837402e+00
2.651168346405029297e+00
1.886934041976928711e+00
7.318119406700134277e-01
9.802312254905700684e-01
8.683525919914245605e-01
6.493135094642639160e-01
-1.262265324592590332e+00
-7.106861472129821777e-02
1.874814629554748535e+00
6.726617217063903809e-01
-2.258687973022460938e+00
3.906663060188293457e-01
-1.657684922218322754e+00
-1.734013557434082031e+00
-1.302747607231140137e+00
9.326819777488708496e-01
2.486956715583801270e-01
-1.750028252601623535e+00
2.696861743927001953e+00
1.469523787498474121e+00
1.052052497863769531e+00
4.045097231864929199e-01
-6.052927970886230469e-01
5.971847176551818848e-01
7.721834778785705566e-01
-1.269677639007568359e+00
1.753276824951171875e+00
1.046881079673767090e+00
2.639873027801513672e+00
8.010350167751312256e-02
6.466603875160217285e-01
2.301899433135986328e+00
7.821465134620666504e-01
2.228837251663208008e+00
-1.031401515007019043e+00
-5.390293598175048828e-01
3.625775277614593506e-01
1.681331872940063477e+00
1.949488401412963867e+00
1.407527923583984375e-01
1.168148279190063477e+00
1.725549340248107910e+00
3.499067425727844238e-01
-1.930141091346740723e+00
-1.975395441055297852e+00
-1.051309704780578613e-01
8.594691157341003418e-01
3.704871535301208496e-01
-7.440546154975891113e-01
2.058239698410034180e+00
1.506593823432922363e-01
6.941737532615661621e-01
1.447120070457458496e+00
6.970400214195251465e-01
-6.808272004127502441e-01
-1.006390690803527832e+00
6.631230115890502930e-01
-8.636580109596252441e-01
-3.199685215950012207e-01
-1.248805522918701172e-01
-1.584887690842151642e-02
2.111098766326904297e+00
1.841790787875652313e-02
1.457142233848571777e+00
1.647804975509643555e-01
1.093888163566589355e+00
4.637863859534263611e-02
2.797274827957153320e+00
1.152872920036315918e+00
-2.823075056076049805e-01
2.050492525100708008e+00
2.144330739974975586e+00
4.624525904655456543e-01
6.191712021827697754e-01
4.556288123130798340e-01
1.838698625564575195e+00
-5.241890549659729004e-01
-3.055479526519775391e-01
-4.606806039810180664e-01
1.958125643432140350e-02
-2.163969576358795166e-01
1.491996884346008301e+00
-5.804819464683532715e-01
-2.123773992061614990e-01
8.504155278205871582e-01
1.163032531738281250e+00
-1.685893177986145020e+00
-1.147876143455505371e+00
-1.192631721496582031e+00
2.727246880531311035e-01
5.485696196556091309e-01
-1.347235083580017090e+00
6.485762000083923340e-01
3.082892894744873047e-01
7.266620993614196777e-01
5.592866539955139160e-01
-1.674761176109313965e+00
2.183185815811157227e-01
3.860216140747070312e-01
2.530817985534667969e-01
-7.073714137077331543e-01
-3.974286913871765137e-01
-2.940565943717956543e-01
-3.960368633270263672e-01
-1.757867932319641113e+00
6.005026698112487793e-01
-2.302454710006713867e-01
2.030707299709320068e-01
-3.626699447631835938e-01
1.428852558135986328e+00
4.192785024642944336e-01
-1.491156101226806641e+00
-1.259140253067016602e+00
4.390528798103332520e-01
1.047448515892028809e-01
8.000949025154113770e-01
-1.763081908226013184e+00
-1.388438105583190918e+00
-3.703710436820983887e-01
7.509892582893371582e-01
-1.945252418518066406e-01
1.990411989390850067e-02
-2.223649173974990845e-01
1.394749283790588379e+00
-5.634804368019104004e-01
9.461546540260314941e-01
1.411856770515441895e+00
2.087959766387939453e+00
7.077305912971496582e-01
-1.046187043190002441e+00
-3.806976675987243652e-01
-1.486175358295440674e-01
-1.487928032875061035e-01
-2.769279666244983673e-02
-4.896957054734230042e-02
1.093461871147155762e+00
-7.700861096382141113e-01
-4.034273624420166016e-01
7.522003650665283203e-01
-2.365061521530151367e+00
-1.182837009429931641e+00
-9.785463213920593262e-01
-2.290173172950744629e-01
-2.231860399246215820e+00
9.211327433586120605e-01
-1.303824130445718765e-03
-3.080643415451049805e-01
4.773431643843650818e-02
-2.246056199073791504e-01
3.456662297248840332e-01
-2.168932557106018066e-01
-5.839415192604064941e-01
-5.148835852742195129e-02
3.104004822671413422e-02
-1.689652353525161743e-01
-2.868239581584930420e-01
7.319384813308715820e-01
-2.735906839370727539e-01
-3.000576496124267578e-01
-3.965432047843933105e-01
-1.631134934723377228e-02
-4.507445693016052246e-01
2.048569023609161377e-01
-3.633061647415161133e-01
1.065489053726196289e+00
1.037002801895141602e-01
-1.918976008892059326e-01
4.231278896331787109e-01
8.411341309547424316e-01
2.484870910644531250e+00
1.119157433509826660e+00
3.344770073890686035e-01
-3.494763970375061035e-01
-1.242288947105407715e-01
2.190828919410705566e-01
-2.251585125923156738e-01
-1.126978993415832520e-01
4.452019557356834412e-02
1.249976754188537598e-01
4.776079654693603516e-01
1.568361759185791016e+00
2.520549058914184570e+00
3.943066000938415527e-01
1.480023264884948730e+00
8.479702472686767578e-01
2.428519487380981445e+00
-2.971379160881042480e-01
-5.656946301460266113e-01
1.145940899848937988e+00
1.276846051216125488e+00
1.734276175498962402e+00
-2.632450461387634277e-01
-2.380506396293640137e-01
-4.300922751426696777e-01
-3.633953928947448730e-01
4.512260556221008301e-01
-2.750123977661132812e+00
-4.500355124473571777e-01
-4.402541518211364746e-01
-6.204603314399719238e-01
-9.942519068717956543e-01
-1.181133747100830078e+00
-5.852451920509338379e-01
-2.552867650985717773e+00
5.202299356460571289e-01
-2.593588590621948242e+00
-1.360461473464965820e+00
-2.556997537612915039e-01
-2.537224292755126953e+00
-2.794083595275878906e+00
-9.309262037277221680e-01
1.858623623847961426e+00
-2.944616794586181641e+00
-9.818589091300964355e-01
4.962954521179199219e-01
-1.162192225456237793e+00
-3.416640460491180420e-01
-5.196661949157714844e-01
-1.410593390464782715e+00
-1.222007751464843750e+00
-1.685760378837585449e+00
-8.234280943870544434e-01
-1.083493530750274658e-01
1.813729643821716309e+00
-2.141324520111083984e+00
1.512067914009094238e+00
-9.752410650253295898e-02
-2.476560831069946289e+00
-8.513960242271423340e-01
-2.296037435531616211e+00
-2.193022668361663818e-01
1.142822504043579102e-01
1.492280364036560059e+00
5.756854638457298279e-02
4.185295104980468750e-01
4.540885090827941895e-01
1.746534109115600586e-01
-9.205788969993591309e-01
-1.901248455047607422e+00
-1.290814518928527832e+00
-7.742946147918701172e-01
-7.711468935012817383e-01
-1.160245060920715332e+00
-2.718716263771057129e-01
7.805814146995544434e-01
7.536194920539855957e-01
-1.292907476425170898e+00
-2.014174699783325195e+00
-1.497704148292541504e+00
-8.179867863655090332e-01
-6.201966404914855957e-01
-3.747948408126831055e-01
-3.488302230834960938e-01
1.194401502609252930e+00
-1.134160280227661133e+00
-1.034009337425231934e+00
1.286726593971252441e+00
1.101054549217224121e+00
2.284882545471191406e+00
-1.634016633033752441e-01
1.084377288818359375e+00
-5.296049714088439941e-01
4.722792804241180420e-01
1.461159110069274902e+00
-1.681218743324279785e-01
-1.519324779510498047e+00
-1.396976113319396973e+00
-3.148080110549926758e-01
-1.989696145057678223e+00
2.113467693328857422e+00
1.817418217658996582e+00
-9.902117848396301270e-01
2.084123790264129639e-01
5.026483163237571716e-02
1.755047559738159180e+00
4.571055769920349121e-01
-7.303816676139831543e-01
-1.050971627235412598e+00
-1.475473642349243164e-01
-1.685923218727111816e+00
-1.015707254409790039e+00
-1.200627684593200684e+00
-1.058869719505310059e+00
-7.568811178207397461e-01
-8.414933085441589355e-01
-9.021188616752624512e-01
-9.153033494949340820e-01
-9.005604982376098633e-01
-8.347657918930053711e-01
1.933190464973449707e+00
-9.737358689308166504e-01
-1.069212146103382111e-02
-1.103001832962036133e-01
-2.368737459182739258e-01
-8.417839407920837402e-01
-1.267307519912719727e+00
-6.459861397743225098e-01
4.184628725051879883e-01
9.759457111358642578e-01
9.646055698394775391e-01
1.624660968780517578e+00
1.410617947578430176e+00
3.060050487518310547e+00
2.307623028755187988e-01
-1.542642593383789062e+00
-1.240767359733581543e+00
1.515875816345214844e+00
2.241524219512939453e+00
1.168695807456970215e+00
-1.537130236625671387e+00
1.635599493980407715e+00
2.106747388839721680e+00
2.619367122650146484e+00
5.846861004829406738e-01
1.865022659301757812e+00
1.438793897628784180e+00
1.194548368453979492e+00
1.133446812629699707e+00
7.069283723831176758e-01
2.004865884780883789e+00
-8.884975314140319824e-02
-2.056980609893798828e+00
4.347547516226768494e-02
1.874218940734863281e+00
-9.756134152412414551e-01
4.739246070384979248e-01
-1.063429713249206543e+00
-1.028821825981140137e+00
-2.510073129087686539e-03
3.195267021656036377e-01
2.281495332717895508e-01
7.482874989509582520e-01
-1.350576162338256836e+00
-4.275370240211486816e-01
-1.564506173133850098e+00
8.097468018531799316e-01
2.619761705398559570e+00
-1.130604863166809082e+00
9.091220498085021973e-01
-9.240363836288452148e-01
-2.115502595901489258e+00
-9.284460544586181641e-02
3.663435578346252441e-01
5.444962382316589355e-01
9.765601158142089844e-02
1.106238365173339844e+00
-3.559029102325439453e-01
4.153793752193450928e-01
-1.848425745964050293e+00
-9.795795083045959473e-01
-1.801768422126770020e+00
-1.495000720024108887e-01
-8.250010013580322266e-02
5.508319735527038574e-01
3.303797841072082520e-01
4.720728993415832520e-01
2.126614093780517578e+00
-1.472794294357299805e+00
-4.064494073390960693e-01
-1.341755986213684082e+00
1.131900191307067871e+00
1.110945343971252441e+00
-3.813254833221435547e-01
1.847755312919616699e+00
1.116713881492614746e+00
6.904168725013732910e-01
9.703361392021179199e-01
1.220642447471618652e+00
-6.631132960319519043e-01
1.330368280410766602e+00
8.822796344757080078e-01
1.142838358879089355e+00
-9.835543036460876465e-01
-1.192332208156585693e-01
-1.809298098087310791e-01
3.856312856078147888e-02
6.165773868560791016e-01
1.560404896736145020e-01
3.285078704357147217e-01
-1.078329682350158691e-01
-2.826929092407226562e-01
-4.567957520484924316e-01
-1.794057488441467285e-01
8.483070731163024902e-01
1.875810623168945312e-01
-1.604493260383605957e-01
2.049491167068481445e+00
1.393495202064514160e+00
6.235491633415222168e-01
7.843374609947204590e-01
-2.063103914260864258e-01
5.094830393791198730e-01
7.723907232284545898e-01
1.106000065803527832e+00
7.878564000129699707e-01
1.408890366554260254e+00
1.581112623214721680e+00
1.285383224487304688e+00
9.322370886802673340e-01
5.193606615066528320e-01
-4.256296530365943909e-02
-7.739526629447937012e-01
-1.123517513275146484e+00
-7.802539467811584473e-01
-3.089690804481506348e-01
1.148950219154357910e+00
2.013006687164306641e+00
3.095659732818603516e+00
3.459122180938720703e+00
3.252606153488159180e+00
3.049183130264282227e+00
-5.240452885627746582e-01
2.677420973777770996e-01
1.561453819274902344e+00
1.790624737739562988e+00
9.979423880577087402e-01
-1.615696191787719727e+00
-1.279477953910827637e+00
-1.415653824806213379e+00
-3.017789721488952637e-01
-7.494364380836486816e-01
-1.316619515419006348e-01
2.105969667434692383e+00
3.555118322372436523e+00
2.185065507888793945e+00
2.281527996063232422e+00
1.442895650863647461e+00
1.287953019142150879e+00
1.026878356933593750e+00
1.028991580009460449e+00
6.866377592086791992e-01
1.741888880729675293e+00
7.554211020469665527e-01
1.722096085548400879e+00
1.720362424850463867e+00
1.276709914207458496e+00
8.303702473640441895e-01
5.955302119255065918e-01
6.392045021057128906e-01
9.253525137901306152e-01
1.220164775848388672e+00
1.926712632179260254e+00
1.539255261421203613e+00
1.466445803642272949e+00
1.515280246734619141e+00
1.046332955360412598e+00
1.124846339225769043e+00
1.119638681411743164e+00
1.418469786643981934e+00
5.931337475776672363e-01
1.145840406417846680e+00
1.387777924537658691e+00
1.956322312355041504e+00
1.789260983467102051e+00
1.878717064857482910e+00
2.212567329406738281e+00
1.271570563316345215e+00
1.239082813262939453e+00
1.929525494575500488e+00
1.400953531265258789e+00
1.386588096618652344e+00
2.185726881027221680e+00
1.426440358161926270e+00
-2.231545686721801758e+00
2.982107996940612793e-01
1.421212553977966309e+00
2.915002107620239258e-01
-7.004673480987548828e-01
-2.158002376556396484e+00
1.127046704292297363e+00
4.330092072486877441e-01
2.623468637466430664e-01
8.037123084068298340e-02
1.284157276153564453e+00
7.600364089012145996e-01
8.437779545783996582e-01
2.308137267827987671e-01
3.185930252075195312e-01
3.335891962051391602e-01
-6.038814187049865723e-01
6.389716267585754395e-01
1.093867421150207520e+00
-8.698438405990600586e-01
-1.340990304946899414e+00
-2.409806847572326660e-01
-9.208791851997375488e-01
8.579178452491760254e-01
-3.182199597358703613e-01
-1.887303233146667480e+00
-2.478145122528076172e+00
3.065454363822937012e-01
-3.711221814155578613e-01
-3.988033905625343323e-02
1.207395195960998535e+00
-1.112863659858703613e+00
-1.910385489463806152e-01
-7.423673272132873535e-01
1.467514991760253906e+00
1.549659371376037598e+00
9.053811430931091309e-01
9.437723755836486816e-01
4.430862665176391602e-01
1.255788445472717285e+00
1.527265667915344238e+00
1.457946062088012695e+00
-1.536409735679626465e+00
-1.796081900596618652e+00
1.408575415611267090e+00
1.549178175628185272e-02
-7.134311795234680176e-01
1.059034109115600586e+00
1.591077685356140137e+00
2.208801269531250000e+00
1.707842230796813965e+00
6.020380854606628418e-01
7.230384945869445801e-01
7.030258178710937500e-01
1.285235404968261719e+00
3.905463218688964844e-01
3.122965395450592041e-01
-7.247458100318908691e-01
-3.226173520088195801e-01
9.495605230331420898e-01
8.823063373565673828e-01
2.382246851921081543e-01
1.135076522827148438e+00
8.070671558380126953e-01
1.846612393856048584e-01
-3.537588715553283691e-01
2.119944810867309570e+00
9.034770727157592773e-02
-2.496747016906738281e+00
1.282950758934020996e+00
-5.716372132301330566e-01
-1.083346009254455566e+00
-2.060896344482898712e-02
1.090515494346618652e+00
1.351997733116149902e+00
1.243977427482604980e+00
1.499464392662048340e+00
-2.448127269744873047e-01
-5.937961339950561523e-01
6.571960449218750000e-01
-8.352734446525573730e-01
-1.368401765823364258e+00
-8.680324554443359375e-01
4.505134224891662598e-01
1.613035202026367188e+00
9.091765284538269043e-01
-1.944170594215393066e-01
-9.008796811103820801e-01
-3.713706135749816895e-01
-2.003450393676757812e+00
-1.195588707923889160e+00
-5.629685521125793457e-01
-1.028665423393249512e+00
-1.183123946189880371e+00
-1.036339640617370605e+00
-2.072813510894775391e+00
-1.316215157508850098e+00
-1.367142200469970703e+00
-5.626935362815856934e-01
-1.187807172536849976e-01
-1.126864075660705566e+00
-9.015416502952575684e-01
2.639759182929992676e-01
2.973386943340301514e-01
8.924037218093872070e-02
1.611997246742248535e+00
1.276154398918151855e+00
6.114318966865539551e-01
-7.208974957466125488e-01
5.963428616523742676e-01
1.658554673194885254e-01
-1.135833263397216797e-01
9.036704301834106445e-01
2.771615386009216309e-01
-2.427506446838378906e-01
1.628588438034057617e-01
-1.569990754127502441e+00
-6.003419160842895508e-01
1.227950215339660645e+00
5.705239176750183105e-01
-6.275180578231811523e-01
-3.177871465682983398e+00
1.071244120597839355e+00
-1.374590873718261719e+00
4.196745753288269043e-01
2.121416926383972168e-01
1.049004197120666504e-01
-8.289633393287658691e-01
8.256182074546813965e-01
-8.530498743057250977e-01
-2.234934329986572266e+00
5.830978751182556152e-01
-1.743246912956237793e-01
-2.060742616653442383e+00
-1.526674628257751465e+00
-1.278055310249328613e+00
-1.280139327049255371e+00
-2.299986839294433594e+00
5.028682947158813477e-01
-4.948223233222961426e-01
-1.524515628814697266e+00
2.197496414184570312e+00
-3.616676330566406250e-01
2.800880908966064453e+00
3.943605720996856689e-01
1.473083496093750000e-01
5.550193190574645996e-01
-5.399728417396545410e-01
-2.112966328859329224e-01
6.824728846549987793e-01
-1.831570029258728027e+00
-4.644162058830261230e-01
6.654857993125915527e-01
6.880037188529968262e-01
-5.148366093635559082e-01
6.460856795310974121e-01
-8.967328071594238281e-02
1.579817943274974823e-02
-1.617601513862609863e-01
-4.040816426277160645e-01
-5.032715201377868652e-01
-4.864911437034606934e-01
1.195033788681030273e-01
7.480737566947937012e-01
1.969330310821533203e+00
9.294106364250183105e-01
1.036934375762939453e+00
-1.173456072807312012e+00
5.573867559432983398e-01
9.702566862106323242e-01
3.791832625865936279e-01
-1.535112261772155762e-01
1.604395508766174316e+00
7.999170422554016113e-01
-2.902734875679016113e-01
-1.422214627265930176e+00
2.724102735519409180e-01
-5.709875822067260742e-01
-1.751281619071960449e+00
-1.057862639427185059e+00
6.884716153144836426e-01
1.501109838485717773e+00
4.029863476753234863e-01
-5.189608931541442871e-01
-9.762110188603401184e-03
1.884798407554626465e+00
1.893612980842590332e+00
1.309886932373046875e+00
1.279111504554748535e+00
-1.014964461326599121e+00
4.914664030075073242e-01
-1.000555753707885742e-01
-1.215448856353759766e+00
-1.182048439979553223e+00
-6.549030542373657227e-02
1.241743922233581543e+00
1.121839165687561035e+00
2.500227212905883789e+00
-3.360781073570251465e-01
-1.633777737617492676e+00
-2.400615215301513672e+00
-1.352620363235473633e+00
-1.575992822647094727e+00
-1.406396031379699707e+00
3.590815365314483643e-01
7.740437984466552734e-01
3.586438298225402832e-01
-1.748935461044311523e+00
-1.861409306526184082e+00
-3.479547262191772461e+00
-5.797443389892578125e-01
-9.798251986503601074e-01
-1.934284806251525879e+00
-1.349493384361267090e+00
-1.727083206176757812e+00
-1.429759621620178223e+00
-1.033515214920043945e+00
-8.334816098213195801e-01
-7.337645292282104492e-01
-4.840169548988342285e-01
-5.581146851181983948e-02
1.392187476158142090e-01
2.637049555778503418e-01
3.398714661598205566e-01
4.067057371139526367e-01
-1.721379399299621582e+00
1.874925851821899414e+00
-2.860371172428131104e-01
-1.336711049079895020e+00
-1.696974933147430420e-01
1.483891010284423828e+00
1.576528310775756836e+00
3.245785236358642578e+00
2.965363740921020508e+00
2.443318367004394531e+00
1.040647745132446289e+00
1.580590605735778809e-01
4.884898066520690918e-01
1.791751742362976074e+00
4.136217117309570312e+00
2.696919918060302734e+00
3.407262325286865234e+00
7.906011939048767090e-01
3.722531497478485107e-01
-9.289442896842956543e-01
-2.352987289428710938e+00
-1.522487521171569824e+00
6.220252513885498047e-01
5.913599133491516113e-01
-6.187967658042907715e-01
-2.180483579635620117e+00
1.512821793556213379e+00
1.823508858680725098e+00
-2.441810965538024902e-01
4.706569910049438477e-01
1.964712977409362793e+00
-3.995371460914611816e-01
1.186421751976013184e+00
2.103045225143432617e+00
-2.810143828392028809e-01
1.066775321960449219e+00
1.449381470680236816e+00
-1.199330575764179230e-02
-5.869507193565368652e-01
-2.687726616859436035e-01
4.060949683189392090e-01
-8.785889744758605957e-01
6.644540429115295410e-01
4.215281605720520020e-01
7.903134226799011230e-01
-3.017897605895996094e-01
-2.301842160522937775e-02
-5.521493554115295410e-01
8.827992677688598633e-01
-2.254724502563476562e-01
2.718519449234008789e+00
-9.435209631919860840e-01
-1.194943785667419434e+00
-9.088699221611022949e-01
-2.936366200447082520e-01
6.695707440376281738e-01
2.125727891921997070e+00
2.118791580200195312e+00
1.347886204719543457e+00
1.224759459495544434e+00
-5.572474598884582520e-01
2.666813373565673828e+00
2.264752388000488281e+00
2.425504684448242188e+00
1.841716647148132324e+00
-7.956154942512512207e-01
-1.528313755989074707e-01
4.846417605876922607e-01
7.011104822158813477e-01
-8.284610509872436523e-02
-3.055751323699951172e-01
-1.118197441101074219e+00
1.082500338554382324e+00
-5.819231644272804260e-02
-4.684320986270904541e-01
-1.946486234664916992e+00
-1.203378319740295410e+00
1.213807225227355957e+00
1.852815032005310059e+00
1.312268495559692383e+00
-1.470163464546203613e-01
-6.109607219696044922e-01
1.141409993171691895e+00
-1.237410545349121094e+00
-7.150878906250000000e-01
1.833755671977996826e-01
4.653498157858848572e-02
-3.628987669944763184e-01
5.986182093620300293e-01
-3.864620923995971680e-01
-7.031332850456237793e-01
7.651889920234680176e-01
1.650113463401794434e+00
3.136408805847167969e+00
1.674032330513000488e+00
-2.110007524490356445e+00
-2.521960258483886719e+00
-2.020841360092163086e+00
-2.258923053741455078e+00
-1.086450815200805664e-01
5.254253745079040527e-01
2.971238374710083008e+00
1.454667210578918457e+00
3.400580883026123047e-01
-5.387228131294250488e-01
1.842424392700195312e+00
3.769313097000122070e-01
5.971347689628601074e-01
8.783555030822753906e-02
1.896603703498840332e-01
1.302837967872619629e+00
2.019237995147705078e+00
1.640751242637634277e+00
-5.166739597916603088e-02
2.072791099548339844e+00
3.145973086357116699e-01
2.185235500335693359e+00
1.691479563713073730e+00
1.777486443519592285e+00
4.806070327758789062e-01
2.234616577625274658e-01
1.949419617652893066e+00
1.254678845405578613e+00
2.011799097061157227e+00
-4.246579706668853760e-01
1.318776488304138184e+00
4.463073611259460449e-01
5.280650854110717773e-01
7.188389897346496582e-01
2.156392574310302734e+00
-2.990770526230335236e-02
7.504709362983703613e-01
-1.369619369506835938e+00
-2.948608994483947754e-01
-1.537276148796081543e+00
-8.938934206962585449e-01
-2.437177896499633789e+00
-6.674176454544067383e-01
9.242724776268005371e-01
3.535512387752532959e-01
1.609144806861877441e-01
-1.117015480995178223e+00
4.092300534248352051e-01
1.842423319816589355e+00
1.857101559638977051e+00
1.937029719352722168e+00
1.905480980873107910e+00
-1.884547472000122070e-01
5.472168922424316406e-01
-2.036154031753540039e+00
3.806356787681579590e-01
-1.501916170120239258e+00
-7.023345828056335449e-01
2.917574644088745117e-01
4.097643122076988220e-02
-4.817930459976196289e-01
-1.281670689582824707e+00
-5.945822596549987793e-01
-3.215076327323913574e-01
1.405185341835021973e+00
1.021892428398132324e+00
1.109735131263732910e+00
-9.318429231643676758e-02
8.526243567466735840e-01
1.254236578941345215e+00
2.360207080841064453e+00
9.155258536338806152e-01
6.853693127632141113e-01
2.727271795272827148e+00
3.417043685913085938e+00
2.725082397460937500e+00
1.676227569580078125e+00
2.318666219711303711e+00
1.715889811515808105e+00
1.431586503982543945e+00
3.272159099578857422e+00
2.073089361190795898e+00
3.410934805870056152e-01
1.436368942260742188e+00
1.658246278762817383e+00
3.347200393676757812e+00
2.460827112197875977e+00
2.618449211120605469e+00
3.254561424255371094e+00
1.976487398147583008e+00
2.306314706802368164e+00
2.941172122955322266e+00
2.146052837371826172e+00
7.797546386718750000e-01
1.319013595581054688e+00
1.727333188056945801e+00
-3.965237140655517578e-01
1.008430838584899902e+00
7.827555537223815918e-01
1.780286788940429688e+00
2.147610664367675781e+00
2.053328514099121094e+00
2.777686595916748047e+00
4.659191966056823730e-01
-1.041041851043701172e+00
-1.515607118606567383e+00
-2.216163873672485352e+00
-4.460155010223388672e+00
2.739595174789428711e-01
-8.317651152610778809e-01
-2.401157379150390625e+00
-1.411733627319335938e-01
-3.807673454284667969e-01
6.824779510498046875e-01
-6.119400262832641602e-01
-3.926105499267578125e-01
6.571218371391296387e-02
-4.250672459602355957e-01
-1.442100644111633301e+00
6.482666134834289551e-01
1.517425179481506348e-01
-5.893262568861246109e-03
1.986818909645080566e-01
1.997908651828765869e-01
-1.228394627571105957e+00
-1.629662871360778809e+00
-9.990141987800598145e-01
-1.423388719558715820e+00
1.740539669990539551e-01
-5.510553121566772461e-01
2.192790031433105469e+00
9.811432957649230957e-01
-1.022716283798217773e+00
-1.123770594596862793e+00
-1.495307087898254395e-01
-3.938282728195190430e-01
9.610466659069061279e-02
5.668614506721496582e-01
-1.213684558868408203e+00
1.083670258522033691e+00
-1.565337777137756348e-01
3.137053847312927246e-01
-5.412674546241760254e-01
-1.380120396614074707e+00
-2.085475623607635498e-01
5.145453810691833496e-01
1.839272975921630859e+00
-6.934592723846435547e-01
-1.871270656585693359e+00
1.994544982910156250e+00
2.187992572784423828e+00
-2.931786179542541504e-01
-1.679474711418151855e-01
4.375144839286804199e-01
9.580394625663757324e-01
-3.208839178085327148e+00
-1.398160576820373535e+00
5.382038950920104980e-01
1.379581570625305176e+00
-9.674543142318725586e-02
-5.035105347633361816e-01
3.809598684310913086e-01
3.800449967384338379e-01
-2.541442513465881348e-01
-4.648927450180053711e-01
-4.653726220130920410e-01
-2.709907293319702148e-01
-2.451276183128356934e-01
-9.802353382110595703e-02
-7.319569587707519531e-02
-1.111982464790344238e-01
-1.550338268280029297e-01
-1.255229115486145020e-01
-5.687674880027770996e-01
-1.166959702968597412e-01
-7.016220688819885254e-01
5.124568343162536621e-01
3.459796905517578125e-01
-1.353501677513122559e-01
2.980974968522787094e-03
-1.094772219657897949e-01
-1.014529168605804443e-01
-9.614158272743225098e-01
-5.518731847405433655e-02
-1.031419754028320312e+00
9.569522738456726074e-02
-1.358200311660766602e-01
3.068903088569641113e-01
-2.381576299667358398e-01
1.468594908714294434e+00
1.979141354560852051e+00
5.447348952293395996e-01
-1.030369758605957031e+00
3.270405530929565430e-01
-1.543587297201156616e-01
-3.434235453605651855e-01
3.579462468624114990e-01
-2.133368253707885742e-01
-4.328287839889526367e-01
-4.641994833946228027e-01
-1.256677865982055664e+00
-1.378018736839294434e+00
-1.669298529624938965e+00
7.678661942481994629e-01
1.877272129058837891e+00
2.960854053497314453e+00
3.143083572387695312e+00
2.187436103820800781e+00
3.545968532562255859e+00
2.538471937179565430e+00
2.163026332855224609e+00
1.428045988082885742e+00
7.501625418663024902e-01
7.058939337730407715e-01
7.821100354194641113e-01
1.761274337768554688e-01
9.049803018569946289e-01
1.018073081970214844e+00
-1.188067555427551270e+00
-2.843460440635681152e-01
-1.443574547767639160e+00
-5.513297915458679199e-01
1.016294836997985840e+00
7.359214425086975098e-01
8.835906982421875000e-01
1.706040740013122559e+00
2.383764505386352539e+00
-5.891932845115661621e-01
-1.717034935951232910e+00
-2.063906669616699219e+00
-1.647926568984985352e+00
-2.597450613975524902e-01
-8.098592162132263184e-01
1.182993054389953613e+00
3.784583091735839844e+00
2.862159490585327148e+00
2.341129302978515625e+00
1.157600879669189453e-01
1.846646904945373535e+00
1.273796319961547852e+00
2.160823345184326172e+00
1.747396826744079590e+00
-4.412356019020080566e-01
-7.190064787864685059e-01
3.717815279960632324e-01
3.171999156475067139e-01
1.879869818687438965e+00
7.576066851615905762e-01
1.049193024635314941e+00
1.164463520050048828e+00
1.928077697753906250e+00
1.381140828132629395e+00
8.301284313201904297e-01
-2.024498462677001953e+00
-7.853545546531677246e-01
1.843423724174499512e+00
2.211786270141601562e+00
1.658671259880065918e+00
-2.732756920158863068e-02
-1.695947051048278809e-01
1.984808087348937988e+00
7.321532368659973145e-01
3.785640895366668701e-01
3.920030295848846436e-01
5.133986473083496094e-01
-6.465440392494201660e-01
7.264063358306884766e-01
-1.832938641309738159e-01
9.312569499015808105e-01
-1.033081173896789551e+00
-6.429386734962463379e-01
-8.336312174797058105e-01
-3.461620584130287170e-02
-6.631591320037841797e-01
-1.361090064048767090e+00
-1.003944635391235352e+00
-2.506951689720153809e-01
-7.373417615890502930e-01
1.820881664752960205e-01
-5.038661360740661621e-01
-2.635574638843536377e-01
6.008056402206420898e-01
8.140305280685424805e-01
-1.035740375518798828e-01
2.585464715957641602e-01
-8.484349846839904785e-01
-4.822517931461334229e-01
7.925773262977600098e-01
-1.752521991729736328e+00
1.441197037696838379e+00
1.995895028114318848e+00
3.561139106750488281e-01
1.001147747039794922e+00
1.718272447586059570e+00
2.944783449172973633e+00
1.387035727500915527e+00
3.511318564414978027e-01
1.252867281436920166e-01
-1.043420433998107910e+00
5.832075476646423340e-01
6.758492588996887207e-01
3.982875943183898926e-01
-3.400843143463134766e-01
1.287344574928283691e+00
4.577947258949279785e-01
8.770898580551147461e-01
-1.191590189933776855e+00
-9.224247932434082031e-02
1.686913847923278809e+00
1.893041491508483887e+00
1.238367795944213867e+00
-1.445624470710754395e+00
-1.596877455711364746e+00
-2.763281345367431641e+00
9.883529543876647949e-01
1.500617980957031250e+00
-1.262791752815246582e+00
-1.030719876289367676e-01
-5.754240155220031738e-01
-9.185409545898437500e-02
-1.637950062751770020e+00
3.632011115550994873e-01
-3.461603820323944092e-01
-7.312518954277038574e-01
-1.142485260963439941e+00
-1.617200016975402832e+00
8.499059081077575684e-02
-7.273528575897216797e-01
6.891475319862365723e-01
5.115487799048423767e-02
-3.987276256084442139e-01
-7.940037846565246582e-01
-3.549150824546813965e-01
-3.129440546035766602e-01
-5.914543271064758301e-01
-8.774513602256774902e-01
-1.075510084629058838e-01
-2.735019624233245850e-01
-9.286403656005859375e-01
-8.186052441596984863e-01
-8.483727574348449707e-01
-7.793422341346740723e-01
-4.824838638305664062e-01
-5.272254347801208496e-01
9.420044422149658203e-01
-9.328866004943847656e-02
-6.291044354438781738e-01
-2.711154818534851074e-01
-2.682974338531494141e-01
-9.322053194046020508e-02
1.591815352439880371e-01
1.568253636360168457e-01
1.888774633407592773e-01
2.999953031539916992e-01
-3.289102911949157715e-01
1.021059155464172363e-01
2.798963785171508789e-01
3.213528990745544434e-01
3.493700027465820312e-01
3.349835872650146484e-01
2.957829236984252930e-01
2.929838895797729492e-01
1.068173289299011230e+00
9.838390350341796875e-01
-5.722735524177551270e-01
-1.858126044273376465e+00
-7.056310772895812988e-01
-1.166371941566467285e+00
-4.903938770294189453e-01
1.071479797363281250e+00
3.984499275684356689e-01
9.540090560913085938e-01
-2.903674244880676270e-01
-1.360109567642211914e+00
-1.386868119239807129e+00
-8.714092373847961426e-01
-7.804995179176330566e-01
-4.183307290077209473e-01
1.111275672912597656e+00
1.314672827720642090e-01
2.176825404167175293e-01
3.363496661186218262e-01
8.425961136817932129e-01
6.185361742973327637e-01
7.355267405509948730e-01
6.419444680213928223e-01
2.845767259597778320e+00
3.285019397735595703e+00
2.333870172500610352e+00
3.012208223342895508e+00
3.633176326751708984e+00
2.839878559112548828e+00
3.337511718273162842e-01
-8.518943190574645996e-02
-1.066425681114196777e+00
-2.601017951965332031e-01
3.418488502502441406e-01
4.048326611518859863e-01
6.903024315834045410e-01
8.549160957336425781e-01
8.194810152053833008e-01
4.566321969032287598e-01
-4.044591784477233887e-01
-1.182374358177185059e+00
1.008285641670227051e+00
-1.066072106361389160e+00
7.616461515426635742e-01
1.206505894660949707e+00
-1.436856865882873535e+00
1.176082730293273926e+00
-4.373371005058288574e-01
2.393362578004598618e-03
1.229193210601806641e-01
-1.109360098838806152e+00
-2.506450176239013672e+00
-1.551409006118774414e+00
4.144397377967834473e-01
7.538789510726928711e-01
-2.068515419960021973e-01
-4.159504175186157227e-01
6.074931621551513672e-01
5.627683401107788086e-01
2.186148762702941895e-01
-2.978249788284301758e-01
-2.227298736572265625e+00
-3.644818067550659180e+00
-2.827159881591796875e+00
-4.535143971443176270e-01
-7.527280449867248535e-01
-9.389484524726867676e-01
-1.456916570663452148e+00
-1.478644609451293945e+00
-9.099418520927429199e-01
-1.634436726570129395e+00
-4.498150348663330078e-01
-1.468082070350646973e+00
-9.708455801010131836e-01
-1.375089287757873535e-01
-6.595262885093688965e-01
-1.767925977706909180e+00
2.244083285331726074e-01
1.228918433189392090e+00
-9.967367053031921387e-01
-1.475448966026306152e+00
-9.583837985992431641e-01
-6.368681192398071289e-01
-1.434360146522521973e+00
4.214074015617370605e-01
4.466304779052734375e-01
5.383619666099548340e-01
-3.732042014598846436e-01
-4.716190397739410400e-01
8.605762720108032227e-01
-3.444166183471679688e-01
-1.518219113349914551e+00
-9.529870748519897461e-02
2.484586834907531738e-01
7.158169150352478027e-01
3.050848841667175293e-01
-8.778102397918701172e-01
-4.868965744972229004e-01
5.441765189170837402e-01
5.475357174873352051e-01
1.124603152275085449e-01
6.288941502571105957e-01
9.539815783500671387e-01
1.176274418830871582e-01
-2.045303344726562500e+00
-1.979424715042114258e+00
-5.049982666969299316e-01
-1.967303454875946045e-01
-6.892484426498413086e-02
-1.535769462585449219e+00
-7.483031153678894043e-01
-2.476571202278137207e-01
-2.843185067176818848e-01
-3.362858295440673828e-01
-6.384734511375427246e-01
-1.265655159950256348e+00
-4.882481396198272705e-01
3.806769847869873047e-01
-4.231133460998535156e-01
2.969317197799682617e+00
8.224882483482360840e-01
-1.720218062400817871e-01
7.625042200088500977e-01
1.110028982162475586e+00
1.153455615043640137e+00
-8.108918070793151855e-01
-1.222801804542541504e+00
1.010470986366271973e+00
-1.411161012947559357e-02
-1.757696628570556641e+00
-5.116604566574096680e-01
1.593884348869323730e+00
1.568677783012390137e+00
7.282783389091491699e-01
-6.189767718315124512e-01
-8.593991994857788086e-01
-8.692918419837951660e-01
-1.081298708915710449e+00
2.388299942016601562e+00
-9.050816893577575684e-01
-6.380715966224670410e-01
-1.900985836982727051e-01
-3.783398270606994629e-01
-9.536474943161010742e-02
2.124046981334686279e-01
2.759753763675689697e-01
-7.233309745788574219e-02
-4.371065497398376465e-01
2.744295597076416016e-01
1.545184493064880371e+00
-2.463994622230529785e-01
-6.473857164382934570e-02
-9.935083985328674316e-01
-1.299177408218383789e-01
-8.453422188758850098e-01
-4.236813485622406006e-01
-2.874484658241271973e-01
-5.992088094353675842e-02
-4.288605228066444397e-02
3.905951976776123047e-01
-1.661347746849060059e-01
-1.329296469688415527e+00
-1.158781647682189941e+00
-6.474691033363342285e-01
-2.728154063224792480e-01
6.863290071487426758e-02
2.325763106346130371e-01
-1.008510589599609375e+00
-9.422236084938049316e-01
-2.502315759658813477e+00
-1.590072989463806152e+00
7.280189394950866699e-01
4.114444851875305176e-01
-2.206394076347351074e-01
-1.309169828891754150e-01
-9.067688584327697754e-01
1.318221688270568848e+00
2.657556772232055664e+00
1.161582946777343750e+00
2.078143358230590820e-01
1.337167739868164062e+00
1.341666817665100098e+00
1.085674166679382324e+00
2.502441406250000000e+00
-3.801632821559906006e-01
-1.862282454967498779e-01
-8.882052302360534668e-01
-4.806899726390838623e-01
-2.029021680355072021e-01
-2.422951459884643555e-01
-5.784397721290588379e-01
2.061851978302001953e+00
1.651811480522155762e+00
1.600493788719177246e+00
1.193400740623474121e+00
-2.421047091484069824e-01
-1.222835540771484375e+00
-1.132733821868896484e+00
-5.604390501976013184e-01
-2.752231955528259277e-01
-6.623809933662414551e-01
-4.003540873527526855e-01
-1.683416724205017090e+00
8.495094180107116699e-01
-1.792853832244873047e+00
-5.524082779884338379e-01
-1.110922217369079590e+00
-2.511536121368408203e+00
-2.624117851257324219e+00
-1.605656027793884277e+00
4.619158804416656494e-01
2.086034536361694336e+00
1.379300475120544434e+00
1.004351735115051270e+00
8.309496045112609863e-01
4.729483425617218018e-01
-2.829858660697937012e-01
1.400484561920166016e+00
-4.249584674835205078e-01
-4.446392655372619629e-01
-1.797411084175109863e+00
6.298327445983886719e-01
2.057866096496582031e+00
1.115092158317565918e+00
2.911823987960815430e-01
-8.065463975071907043e-03
-2.820609211921691895e-01
7.772946357727050781e-02
1.578107476234436035e-01
9.398646354675292969e-01
1.800760030746459961e+00
1.101101040840148926e+00
-1.159818768501281738e-01
-5.890943408012390137e-01
-2.152720689773559570e+00
-1.272370696067810059e+00
1.303428888320922852e+00
-5.963832736015319824e-01
-2.746995687484741211e-01
-5.991825461387634277e-01
5.585651993751525879e-01
5.028116106986999512e-01
-1.559006333351135254e+00
-1.452413082122802734e+00
-8.018836379051208496e-01
-7.308646440505981445e-01
-1.451721973717212677e-02
1.526417613029479980e+00
-2.813698649406433105e-01
2.060503363609313965e-01
8.726630806922912598e-01
-1.027510762214660645e-01
1.541727662086486816e+00
-7.183862328529357910e-01
1.121729016304016113e+00
5.199335217475891113e-01
4.444768726825714111e-01
1.366699814796447754e+00
-1.129828095436096191e+00
-2.883079648017883301e-01
1.962240695953369141e+00
-6.547925472259521484e-01
-3.194556951522827148e+00
-2.991755247116088867e+00
-3.163673877716064453e+00
-2.325225830078125000e+00
-1.331068873405456543e+00
-2.601518869400024414e+00
-2.774342060089111328e+00
-2.711035966873168945e+00
-2.439944028854370117e+00
-2.624809265136718750e+00
-1.535236716270446777e+00
-1.144212961196899414e+00
-1.133157730102539062e+00
-7.951090335845947266e-01
-3.737323880195617676e-01
-5.960546731948852539e-01
1.607555747032165527e-01
4.456798732280731201e-01
2.986261844635009766e-01
3.628675043582916260e-01
6.468616724014282227e-01
-3.906866908073425293e-01
-9.769988656044006348e-01
-8.381783962249755859e-01
-7.259464859962463379e-01
-8.755913376808166504e-01
-1.076530814170837402e-01
-1.481358706951141357e-01
5.836846232414245605e-01
4.988359808921813965e-01
-7.928336262702941895e-01
-3.284325003623962402e-01
-2.061362981796264648e+00
2.611153125762939453e-01
2.819389104843139648e-01
-6.865218281745910645e-01
-2.834679365158081055e+00
6.672073602676391602e-01
1.122225642204284668e+00
-2.152340888977050781e+00
8.708983063697814941e-01
-5.868501067161560059e-01
-9.401612877845764160e-01
9.270516037940979004e-01
-9.891967177391052246e-01
-1.804146647453308105e+00
-2.667929410934448242e+00
-2.200917959213256836e+00
-2.211912155151367188e+00
7.123392224311828613e-01
2.210248231887817383e+00
1.413818240165710449e+00
2.663140296936035156e+00
2.791866064071655273e+00
8.827957510948181152e-01
-1.042368769645690918e+00
-2.865785546600818634e-02
1.872190952301025391e+00
1.521261453628540039e+00
6.162121295928955078e-01
1.672414660453796387e+00
-1.165900826454162598e+00
-4.352337494492530823e-02
3.377631306648254395e-01
-7.621210813522338867e-01
-4.254682064056396484e-01
-6.262713670730590820e-02
-4.332286715507507324e-01
2.336583137512207031e-01
-3.305145502090454102e-01
3.440471291542053223e-01
4.346345067024230957e-01
8.423047661781311035e-01
1.558710932731628418e-01
-5.123132839798927307e-02
7.910590767860412598e-01
2.182016968727111816e-01
-5.229211449623107910e-01
8.550129532814025879e-01
-4.136966466903686523e-01
4.402527213096618652e-01
3.200846537947654724e-02
2.936193346977233887e-01
1.737819314002990723e-01
-1.281593680381774902e+00
-5.690596103668212891e-01
-1.486168742179870605e+00
-2.498023986816406250e+00
6.386381387710571289e-02
3.655862212181091309e-01
-2.914808988571166992e-01
-1.177966594696044922e+00
-1.150863647460937500e+00
-1.180656552314758301e+00
-4.475749731063842773e-01
-1.253594040870666504e+00
-9.460847973823547363e-01
-1.801310479640960693e-01
-3.580838441848754883e-01
-2.986638434231281281e-02
-1.224917292594909668e+00
-1.179707884788513184e+00
-9.060181975364685059e-01
-5.212258696556091309e-01
-1.832524538040161133e-01
7.081136107444763184e-02
-7.726502418518066406e-02
1.225596070289611816e-01
1.407627463340759277e+00
-9.093232154846191406e-01
6.870920658111572266e-01
1.448340535163879395e+00
2.239921838045120239e-01
1.338602304458618164e+00
1.958618521690368652e+00
1.451896786689758301e+00
6.082594394683837891e-01
9.855447337031364441e-03
7.716261744499206543e-01
2.374918937683105469e+00
1.161323428153991699e+00
1.203673601150512695e+00
-7.180901169776916504e-01
-7.429153323173522949e-01
2.003774404525756836e+00
2.449573576450347900e-01
-1.380282044410705566e-01
-1.151954054832458496e+00
3.516995012760162354e-01
-5.272040963172912598e-01
1.479101061820983887e+00
1.543828845024108887e-01
6.416756510734558105e-01
-2.486644268035888672e+00
-1.691230058670043945e+00
-1.641627192497253418e+00
1.709344267845153809e+00
7.012140154838562012e-01
-1.408898472785949707e+00
-2.470397949218750000e+00
-5.242360830307006836e-01
-9.228034019470214844e-01
-3.736501932144165039e-01
-1.027166485786437988e+00
-2.801288962364196777e-01
-5.725431442260742188e-01
1.400309614837169647e-02
-1.587849557399749756e-01
4.467623233795166016e-01
7.857436537742614746e-01
3.447560071945190430e-01
-1.049087643623352051e-01
-8.130136728286743164e-01
-6.954242587089538574e-01
1.899536609649658203e+00
2.803253173828125000e+00
1.412183523178100586e+00
-1.235556483268737793e+00
-1.175102114677429199e+00
-8.032450079917907715e-01
-4.968033432960510254e-01
1.759125590324401855e-01
-4.048624634742736816e-01
-5.129770040512084961e-01
-2.735098600387573242e-01
-1.663385987281799316e+00
2.918764948844909668e-01
6.485207676887512207e-01
-1.213075160980224609e+00
-5.801716446876525879e-01
-8.833851218223571777e-01
-1.612227320671081543e+00
-1.068339943885803223e+00
-9.297133088111877441e-01
-3.154471516609191895e-01
-4.268016815185546875e-01
-6.790097355842590332e-01
-8.962827324867248535e-01
-1.152046918869018555e+00
-1.262860178947448730e+00
-9.634582400321960449e-01
-7.351377606391906738e-02
-1.224014163017272949e+00
-2.355211973190307617e+00
-1.054120779037475586e+00
-2.643733620643615723e-01
3.778871893882751465e-01
5.997683405876159668e-01
6.735192537307739258e-01
6.316053867340087891e-01
9.244673848152160645e-01
2.004702329635620117e+00
2.017187118530273438e+00
2.396374464035034180e+00
-4.526716843247413635e-02
-5.043123364448547363e-01
3.225506246089935303e-01
-1.027305841445922852e+00
1.914240598678588867e+00
1.843921303749084473e+00
-7.725343108177185059e-01
1.093502759933471680e+00
2.011337280273437500e+00
2.024019241333007812e+00
9.857904314994812012e-01
-1.204044699668884277e+00
-6.064295172691345215e-01
-1.310800194740295410e+00
1.502727270126342773e+00
5.187141299247741699e-01
1.249980568885803223e+00
-1.979296803474426270e-01
-4.099218249320983887e-01
1.554169058799743652e-01
4.850383400917053223e-01
-3.009789586067199707e-01
-7.701623439788818359e-01
6.119518876075744629e-01
6.772916913032531738e-01
-3.315562307834625244e-01
1.552675962448120117e+00
9.225103259086608887e-01
4.881334900856018066e-01
-2.934798598289489746e-01
-1.164148926734924316e+00
9.581018686294555664e-01
-7.615019679069519043e-01
-2.044379234313964844e+00
-2.386857986450195312e+00
-3.042113780975341797e+00
1.339037299156188965e+00
-3.400828361511230469e+00
9.096345901489257812e-01
-1.312892794609069824e+00
-8.903802037239074707e-01
1.609109044075012207e+00
2.486529111862182617e+00
6.539224386215209961e-01
-1.664437651634216309e+00
-1.160115361213684082e+00
1.583771824836730957e+00
6.864077448844909668e-01
-4.995602369308471680e-01
-1.035372018814086914e+00
-1.306942820549011230e+00
-2.378465533256530762e-01
6.928392052650451660e-01
-6.842077374458312988e-01
-1.619124889373779297e+00
2.145596504211425781e+00
1.784411191940307617e+00
1.085547447204589844e+00
1.452705621719360352e+00
8.757985234260559082e-01
6.699793934822082520e-01
-4.449301362037658691e-01
-7.930117249488830566e-01
1.686757616698741913e-02
2.108867764472961426e-01
-3.987711071968078613e-01
-1.817470192909240723e+00
9.861197471618652344e-01
1.853256940841674805e+00
-7.165059447288513184e-01
-6.166504025459289551e-01
-2.324658870697021484e+00
2.549575865268707275e-01
-2.640347480773925781e-01
-9.252195954322814941e-01
1.294412016868591309e-01
-1.013450860977172852e+00
-1.679776787757873535e+00
-1.073689460754394531e+00
-1.388819098472595215e+00
-2.676662802696228027e-01
-2.713854014873504639e-01
6.349679827690124512e-02
-1.317930102348327637e+00
-1.637692093849182129e+00
8.496696352958679199e-01
-9.135938882827758789e-01
-1.064397096633911133e+00
-6.703447103500366211e-01
-1.909405589103698730e-01
-1.934262633323669434e+00
-6.524128317832946777e-01
1.009367585182189941e+00
1.728418231010437012e+00
1.155441284179687500e+00
1.021231055259704590e+00
1.804833769798278809e+00
4.636819958686828613e-01
1.208574414253234863e+00
-1.913832306861877441e+00
-1.663707375526428223e+00
2.796806097030639648e-01
6.785654425621032715e-01
7.192493081092834473e-01
1.764593180269002914e-03
1.072200238704681396e-01
3.829581439495086670e-01
2.434906363487243652e-01
-3.212377429008483887e-01
1.851603090763092041e-01
8.400028347969055176e-01
7.179694175720214844e-01
-5.625688433647155762e-01
-2.000012159347534180e+00
-1.745102167129516602e+00
-2.838069438934326172e+00
3.528889417648315430e-01
1.751891374588012695e-01
-2.413797564804553986e-02
-1.225019812583923340e+00
-2.260340690612792969e+00
2.667030096054077148e-01
8.209896683692932129e-01
1.723754167556762695e+00
-1.172288417816162109e+00
-1.154901623725891113e+00
1.362325996160507202e-01
1.930118799209594727e-01
1.317186594009399414e+00
1.600779294967651367e-01
-1.885797739028930664e+00
-8.795518279075622559e-01
-9.328902363777160645e-01
-8.560469746589660645e-01
-3.131926059722900391e-01
-8.938009142875671387e-01
2.275031208992004395e-01
-2.971751689910888672e-01
-1.769270896911621094e-01
-1.319178223609924316e+00
2.784009575843811035e-01
1.372663736343383789e+00
1.240239381790161133e+00
-2.762888371944427490e-01
-1.062546849250793457e+00
-1.981999039649963379e+00
-1.028999447822570801e+00
3.223350346088409424e-01
5.581306815147399902e-01
1.629117488861083984e+00
8.408975601196289062e-02
-8.057377934455871582e-01
-1.122780740261077881e-01
1.282552599906921387e+00
1.405336141586303711e+00
1.318485856056213379e+00
2.587826251983642578e+00
4.750452637672424316e-01
9.881642460823059082e-01
3.087125301361083984e+00
2.581147193908691406e+00
1.681913733482360840e-01
-2.015267610549926758e+00
-2.004503756761550903e-01
1.618832349777221680e+00
6.656164526939392090e-01
-2.253767251968383789e-01
-7.463788390159606934e-01
-9.697340130805969238e-01
3.609749674797058105e-01
1.660940051078796387e+00
2.367269806563854218e-02
-6.134452223777770996e-01
-5.906047224998474121e-01
-3.621346950531005859e-01
-1.427376866340637207e-01
-3.360805511474609375e-01
-9.042848348617553711e-01
-7.213689684867858887e-01
7.951362729072570801e-01
-1.001899480819702148e+00
-2.980933666229248047e+00
6.499789357185363770e-01
-1.760712623596191406e+00
-2.751664161682128906e+00
-2.441896915435791016e+00
-1.615200161933898926e+00
-1.278160452842712402e+00
-1.146471619606018066e+00
-7.568383812904357910e-01
-7.347179055213928223e-01
-2.714931964874267578e-01
-1.450642347335815430e-01
-8.980334401130676270e-01
2.718281984329223633e+00
9.049749970436096191e-01
-1.219414472579956055e+00
2.142710208892822266e+00
-2.591765522956848145e-01
-1.261266112327575684e+00
-8.266023993492126465e-01
-8.710823655128479004e-01
1.184045433998107910e+00
-6.726768612861633301e-01
-1.078712821006774902e+00
-2.369788587093353271e-01
1.620771884918212891e-01
-2.361592769622802734e+00
1.130922436714172363e+00
-2.018863201141357422e+00
-1.083547711372375488e+00
-7.261742949485778809e-01
-4.339431226253509521e-01
4.160980582237243652e-01
5.301573276519775391e-01
2.198073625564575195e+00
-2.876530289649963379e-01
-1.494986653327941895e+00
-1.828843474388122559e+00
-1.052390098571777344e+00
-1.582557678222656250e+00
-6.238761544227600098e-01
-2.091479778289794922e+00
-1.152263402938842773e+00
1.409366369247436523e+00
-9.511584043502807617e-01
-7.763804197311401367e-01
-1.498142123222351074e+00
-3.923459053039550781e-01
-1.541326522827148438e+00
-1.469363093376159668e+00
9.360024333000183105e-01
-4.867729544639587402e-01
3.915974795818328857e-01
2.290475368499755859e-01
4.996233806014060974e-02
-5.759052038192749023e-01
-1.318078398704528809e+00
2.565550617873668671e-02
1.985195279121398926e-01
4.323258996009826660e-01
2.131105661392211914e-01
-2.093124389648437500e+00
-1.543185710906982422e+00
-1.516108155250549316e+00
-2.524508833885192871e-01
2.229588747024536133e+00
1.811087250709533691e+00
5.849433541297912598e-01
6.533691883087158203e-01
-9.047033190727233887e-01
9.185837507247924805e-01
2.685699760913848877e-01
-7.134147286415100098e-01
-1.702444791793823242e+00
-1.505489051342010498e-01
1.232272863388061523e+00
6.528761982917785645e-02
1.267202496528625488e+00
-7.843275666236877441e-01
2.133374810218811035e-01
-3.807710111141204834e-01
3.697359561920166016e-01
2.613480091094970703e-01
2.670121006667613983e-02
-5.038798227906227112e-02
4.691723585128784180e-01
1.135749697685241699e+00
1.522168517112731934e-01
1.557237863540649414e+00
1.136906981468200684e+00
1.317847847938537598e+00
-6.903062462806701660e-01
2.087586522102355957e-01
-1.222404599189758301e+00
-1.860064268112182617e-01
5.954020619392395020e-01
-2.732619643211364746e-01
6.150695309042930603e-02
1.737603358924388885e-02
-3.970040082931518555e-01
-2.177614688873291016e+00
-2.470543146133422852e+00
-1.519377112388610840e+00
-1.833070397377014160e+00
-1.850063681602478027e+00
-6.060879826545715332e-01
-1.925241231918334961e+00
-1.045282840728759766e+00
-1.554188728332519531e+00
-2.056357622146606445e+00
-1.366429924964904785e-01
-2.003655910491943359e+00
-5.541730523109436035e-01
1.748664259910583496e+00
7.715710401535034180e-01
1.696316838264465332e+00
1.948823094367980957e+00
-2.374296784400939941e-01
-7.252658009529113770e-01
-4.804480671882629395e-01
-1.653349995613098145e-01
1.217970967292785645e+00
-6.885376572608947754e-02
1.212462544441223145e+00
2.528014183044433594e+00
9.886020421981811523e-02
5.251486897468566895e-01
4.577201232314109802e-02
-2.862924337387084961e-01
2.013278007507324219e-01
2.057737708091735840e-01
9.238962531089782715e-01
-7.268999218940734863e-01
1.210144162178039551e+00
-4.828703403472900391e-01
-1.118707299232482910e+00
-5.248518586158752441e-01
6.016263365745544434e-01
1.776060700416564941e+00
1.695013165473937988e+00
1.193750262260437012e+00
1.204315185546875000e+00
3.279177188873291016e+00
4.895925521850585938e-01
-1.181690335273742676e+00
-4.764423668384552002e-01
-4.474731981754302979e-01
-8.104735016822814941e-01
1.205345839262008667e-01
-1.555869340896606445e+00
-2.909398674964904785e-01
6.385034322738647461e-02
-8.767904639244079590e-01
-1.426977753639221191e+00
-4.050110340118408203e+00
-3.959976673126220703e+00
-1.836048483848571777e+00
-1.213651776313781738e+00
-8.477108478546142578e-01
2.277570247650146484e+00
1.949876308441162109e+00
1.213688254356384277e-01
3.624820113182067871e-01
-1.863971352577209473e+00
-1.296767354011535645e+00
-2.065762996673583984e+00
-2.644467949867248535e-01
-4.633473455905914307e-01
2.737918309867382050e-02
1.491711735725402832e-01
2.189237594604492188e+00
6.028059124946594238e-01
3.971456885337829590e-01
-1.113992333412170410e-01
-1.907620310783386230e+00
-6.208560243248939514e-02
5.139618739485740662e-02
1.446914672851562500e+00
-1.206004381179809570e+00
1.092080354690551758e+00
-9.359554648399353027e-01
-2.766667127609252930e+00
9.288508892059326172e-01
7.757263779640197754e-01
2.068642616271972656e+00
-1.044332265853881836e+00
-2.461179256439208984e+00
-5.144187808036804199e-01
1.878091096878051758e-01
6.279570460319519043e-01
4.732268676161766052e-02
-9.242044687271118164e-01
-2.141343355178833008e+00
-7.029495835304260254e-01
2.862354815006256104e-01
1.120803952217102051e+00
-4.505153596401214600e-01
-9.206981658935546875e-01
1.506988517940044403e-02
1.516631484031677246e+00
-2.272536158561706543e-01
-1.140387177467346191e+00
1.137924551963806152e+00
-9.427269101142883301e-01
-1.150656580924987793e+00
-3.709469437599182129e-01
-1.122038602828979492e+00
-3.471013307571411133e+00
-3.387360334396362305e+00
-7.341788411140441895e-01
-1.443917512893676758e+00
-2.263985395431518555e+00
-2.411010026931762695e+00
-2.801617860794067383e+00
9.703345298767089844e-01
-3.592812538146972656e+00
-1.841771006584167480e-01
6.279872655868530273e-01
2.087870359420776367e+00
3.772313833236694336e+00
4.978031635284423828e+00
2.412173271179199219e+00
1.886142253875732422e+00
-2.142514884471893311e-01
-2.509963214397430420e-01
2.224809646606445312e+00
3.659493327140808105e-01
1.370458722114562988e+00
7.918615937232971191e-01
8.025153875350952148e-01
-1.376689672470092773e+00
-1.066096782684326172e+00
-2.861934304237365723e-01
-4.966276288032531738e-01
-1.107644677162170410e+00
-1.398071050643920898e+00
4.827768802642822266e-01
6.759088635444641113e-01
1.507402300834655762e+00
2.305409312248229980e-01
1.124150037765502930e+00
1.110884070396423340e+00
-9.041094779968261719e-02
-3.721127808094024658e-01
-5.220318213105201721e-02
1.564548611640930176e-01
-1.660101294517517090e+00
-3.077251911163330078e-01
1.231767296791076660e+00
2.107728719711303711e-01
1.772385239601135254e+00
4.757831096649169922e-01
3.294325433671474457e-04
-1.466065287590026855e+00
-1.210019230842590332e+00
-7.053734064102172852e-01
-1.758578658103942871e+00
-4.971460103988647461e-01
4.346255660057067871e-01
3.272550702095031738e-01
-4.023198485374450684e-01
-8.662226200103759766e-01
5.907597541809082031e-01
8.460540175437927246e-01
-1.942295908927917480e+00
-6.064779162406921387e-01
-1.795810580253601074e+00
-9.234920144081115723e-01
1.324585795402526855e+00
-1.707165122032165527e+00
-3.850370049476623535e-01
-7.121538519859313965e-01
1.141746520996093750e+00
8.794783949851989746e-01
2.093821577727794647e-02
-1.098150610923767090e+00
-1.329976439476013184e+00
-1.193816065788269043e+00
-3.159613609313964844e-01
-1.256666183471679688e+00
-1.026624143123626709e-01
-9.749520421028137207e-01
1.709580540657043457e+00
-4.157185256481170654e-01
1.537342429161071777e+00
1.898392558097839355e+00
-4.765552654862403870e-02
1.195323467254638672e+00
-2.801550924777984619e-01
-1.058103442192077637e-01
4.940572977066040039e-01
2.552197575569152832e-01
-4.026758074760437012e-01
-1.017814278602600098e+00
-1.354833841323852539e+00
9.086226224899291992e-01
3.567274212837219238e-01
-5.664349794387817383e-01
-1.332878470420837402e-01
2.566692233085632324e-01
-5.580417513847351074e-01
-1.326478600502014160e+00
1.979720406234264374e-02
1.728218078613281250e+00
1.066519260406494141e+00
-1.386583805084228516e+00
8.623170852661132812e-02
4.247480034828186035e-01
-2.069042921066284180e+00
-1.229495882987976074e+00
1.426517069339752197e-01
-9.009961485862731934e-01
-3.787757754325866699e-01
-6.133114695549011230e-01
4.844461083412170410e-01
3.839383721351623535e-01
-8.935993909835815430e-02
7.774156332015991211e-02
4.048489928245544434e-01
1.010700106620788574e+00
-1.183671593666076660e+00
-2.054463863372802734e+00
-2.513565421104431152e-01
-8.296217322349548340e-01
7.819922566413879395e-01
1.507444500923156738e+00
1.402698993682861328e+00
1.039580702781677246e+00
1.037685036659240723e+00
-4.867174029350280762e-01
-3.086579442024230957e-01
1.351561665534973145e+00
-8.080716729164123535e-01
-1.528669953346252441e+00
-1.362786054611206055e+00
1.843338608741760254e-01
1.464006543159484863e+00
1.690353631973266602e+00
1.836628437042236328e+00
2.043599605560302734e+00
2.256978511810302734e+00
-1.989411711692810059e-01
1.603571176528930664e-01
3.778613209724426270e-01
-1.633867807686328888e-02
-5.860109925270080566e-01
1.910703063011169434e+00
7.362250685691833496e-01
5.384405255317687988e-01
6.549748778343200684e-01
2.075002431869506836e+00
2.144149780273437500e+00
-6.482433676719665527e-01
1.186311841011047363e-01
9.097931981086730957e-01
3.935160875320434570e+00
1.038879752159118652e+00
1.023369908332824707e+00
1.459647536277770996e+00
3.701494336128234863e-01
3.910158872604370117e-01
5.539122223854064941e-01
1.933261752128601074e-01
-1.758143186569213867e+00
-2.092944860458374023e+00
-2.850282192230224609e-01
-1.301575422286987305e+00
-2.632967233657836914e-01
2.733950614929199219e-01
1.439116835594177246e+00
2.619208335876464844e+00
3.714120388031005859e+00
1.772414565086364746e+00
-5.995858088135719299e-02
9.137555956840515137e-01
-1.265344262123107910e+00
1.160676240921020508e+00
7.889848947525024414e-02
2.121476650238037109e+00
2.003168106079101562e+00
2.720701217651367188e+00
2.063313007354736328e+00
7.691839337348937988e-01
-3.862176835536956787e-01
2.920016646385192871e-01
1.746244728565216064e-01
-9.076974987983703613e-01
-9.779552817344665527e-01
-1.089017748832702637e+00
-1.175375103950500488e+00
-2.219081223011016846e-01
-1.510455489158630371e+00
-6.226428151130676270e-01
