-1.518387317657470703e+00
-1.425776124000549316e+00
-2.849827766418457031e+00
-3.233022689819335938e-01
1.550378799438476562e-01
-3.700577020645141602e-01
-3.708262443542480469e-01
-4.701639413833618164e-01
-4.990782737731933594e-01
1.228433251380920410e+00
3.473252773284912109e+00
1.169023156166076660e+00
6.833808422088623047e-01
3.285911560058593750e+00
2.265266418457031250e+00
1.784246563911437988e+00
5.837901830673217773e-01
5.357934236526489258e-01
2.698453903198242188e+00
1.558393120765686035e+00
9.081722497940063477e-01
9.336692094802856445e-01
7.193607091903686523e-01
1.271881699562072754e+00
3.390277624130249023e-01
1.083068847656250000e-01
-1.961411833763122559e-01
-2.793534398078918457e-01
-1.936166882514953613e-01
3.117734193801879883e-01
1.210242509841918945e-01
1.289998292922973633e-01
4.467673301696777344e-01
4.691690206527709961e-01
4.652184247970581055e-01
-1.534324884414672852e-01
2.552858591079711914e-01
1.447297334671020508e-01
-2.555931806564331055e-01
4.260457754135131836e-01
2.910143136978149414e-01
2.770060300827026367e-01
1.613169908523559570e-01
1.647287607192993164e-01
4.362301826477050781e-01
4.410218000411987305e-01
4.410220384597778320e-01
4.754155874252319336e-01
4.667624235153198242e-01
2.492982149124145508e-01
2.478350400924682617e-01
2.214369773864746094e-01
1.602036952972412109e-01
1.470953226089477539e-01
1.451838016510009766e-01
1.456084251403808594e-01
2.468844652175903320e-01
3.384975194931030273e-01
3.539241552352905273e-01
3.134912252426147461e-01
1.926245689392089844e-01
9.363031387329101562e-02
6.705868244171142578e-02
6.603646278381347656e-02
6.598734855651855469e-02
6.598615646362304688e-02
3.579685688018798828e-01
3.580020666122436523e-01
1.300804257392883301e+00
6.635046005249023438e-02
6.598591804504394531e-02
6.598567962646484375e-02
7.109725475311279297e-02
1.088562369346618652e+00
9.054827690124511719e-02
2.477914094924926758e-02
1.184662461280822754e+00
8.517110347747802734e-02
3.825864791870117188e-01
1.589290261268615723e+00
1.025939583778381348e+00
1.196797251701354980e+00
1.705230832099914551e+00
1.486264824867248535e+00
1.589486718177795410e+00
1.807106614112854004e+00
1.493856072425842285e+00
1.101777195930480957e+00
2.079520225524902344e-01
1.989231109619140625e-01
-2.308380603790283203e-02
-1.014748215675354004e-01
1.293565034866333008e-01
9.502896070480346680e-01
1.300449967384338379e+00
1.304967045783996582e+00
1.307123303413391113e+00
7.811343669891357422e-02
1.307669997215270996e+00
1.307675480842590332e+00
1.307675480842590332e+00
1.107092022895812988e+00
1.825402975082397461e-01
1.250758290290832520e+00
1.307661652565002441e+00
1.290797829627990723e+00
1.272408843040466309e+00
1.246000885963439941e+00
1.261229395866394043e+00
1.307675480842590332e+00
1.240159392356872559e+00
1.239247441291809082e+00
1.239247441291809082e+00
1.239247441291809082e+00
1.239247441291809082e+00
1.239247441291809082e+00
1.239247441291809082e+00
1.239247441291809082e+00
1.239247441291809082e+00
1.239247441291809082e+00
1.239247441291809082e+00
1.239247441291809082e+00
1.239247441291809082e+00
1.239247441291809082e+00
1.239247441291809082e+00
1.239247441291809082e+00
1.239247441291809082e+00
1.239247441291809082e+00
1.239247441291809082e+00
1.239247441291809082e+00
1.239247441291809082e+00
1.239247441291809082e+00
1.239247441291809082e+00
1.239247441291809082e+00
1.239247441291809082e+00
1.239247441291809082e+00
1.239247441291809082e+00
1.239247441291809082e+00
1.239247441291809082e+00
1.239247441291809082e+00
1.239247441291809082e+00
1.239247441291809082e+00
1.239247441291809082e+00
1.239247441291809082e+00
1.239247441291809082e+00
1.253772377967834473e+00
1.255845189094543457e+00
1.563347220420837402e+00
3.544753789901733398e-01
-1.946175694465637207e-01
-1.963886022567749023e-01
-2.589703798294067383e-01
-1.888478398323059082e-01
-3.380367755889892578e-01
-8.144223690032958984e-02
-6.282008290290832520e-01
-8.215001821517944336e-01
-8.120726346969604492e-01
-5.652096271514892578e-01
-5.650165081024169922e-01
-5.649865865707397461e-01
-5.894717574119567871e-01
-6.488380432128906250e-01
-5.649863481521606445e-01
-5.649863481521606445e-01
-6.782516837120056152e-01
-3.293864727020263672e-01
-5.088563561439514160e-01
-5.559910535812377930e-01
-9.381169080734252930e-01
-9.613353013992309570e-01
-1.374453544616699219e+00
-1.576608896255493164e+00
-1.795205354690551758e+00
-1.222556829452514648e+00
-1.354379177093505859e+00
-1.458337306976318359e+00
-1.525341868400573730e+00
-1.838085055351257324e+00
-1.777621388435363770e+00
-1.456381201744079590e+00
-1.525118589401245117e+00
-1.525118350982666016e+00
-1.276230454444885254e+00
-1.276150107383728027e+00
-1.276150465011596680e+00
-1.276150107383728027e+00
-1.276150107383728027e+00
-1.276150107383728027e+00
-1.520138978958129883e+00
-1.127209782600402832e+00
-1.217378020286560059e+00
-1.618691444396972656e+00
-1.118236303329467773e+00
-1.976752638816833496e+00
-1.462923526763916016e+00
-1.507564425468444824e+00
-1.506589412689208984e+00
-1.263978481292724609e+00
-1.525118350982666016e+00
-1.525118589401245117e+00
-1.276150107383728027e+00
-1.276151180267333984e+00
-1.207722067832946777e+00
-1.525118589401245117e+00
-1.283280849456787109e+00
-1.080673933029174805e+00
-7.737209200859069824e-01
-7.579491734504699707e-01
-1.068725109100341797e+00
-1.068698883056640625e+00
-7.957352399826049805e-01
3.959178924560546875e-03
4.250625371932983398e-01
1.783837080001831055e-01
6.961083412170410156e-02
-7.350676655769348145e-01
7.904912233352661133e-01
-4.882947206497192383e-01
-6.896495819091796875e-01
-2.856776714324951172e-01
-9.365335106849670410e-01
-1.082315325736999512e+00
-8.299447298049926758e-01
-7.580276727676391602e-01
-7.580296993255615234e-01
-7.580320835113525391e-01
-7.580506801605224609e-01
-7.581691145896911621e-01
-7.078608274459838867e-01
-9.665521979331970215e-01
-1.081211209297180176e+00
-7.583109736442565918e-01
-1.066362023353576660e+00
-8.357159495353698730e-01
-7.580291628837585449e-01
-1.082099318504333496e+00
-1.082100033760070801e+00
-7.582113146781921387e-01
-3.905113339424133301e-01
-1.775294542312622070e-02
-3.475420475006103516e-01
-1.776550889015197754e+00
-1.849345445632934570e+00
-1.965342044830322266e+00
1.642962694168090820e-01
1.746975183486938477e-01
1.747133731842041016e-01
1.747134923934936523e-01
1.704925298690795898e-01
-4.671824276447296143e-01
-1.289485096931457520e-01
-4.782975018024444580e-01
-7.051590681076049805e-01
-9.344842433929443359e-01
-9.341744184494018555e-01
2.179061174392700195e-01
-6.703510284423828125e-01
5.010632514953613281e+00
2.787876129150390625e+00
1.312280774116516113e+00
2.579353809356689453e+00
2.585761547088623047e+00
1.531921029090881348e+00
1.412115216255187988e+00
1.389318585395812988e+00
8.071759939193725586e-01
3.409024715423583984e+00
2.007943630218505859e+00
1.062284111976623535e+00
1.211294293403625488e+00
1.517786383628845215e+00
1.271456122398376465e+00
3.035350799560546875e+00
9.258986711502075195e-01
1.479987263679504395e+00
1.486328005790710449e+00
7.711634635925292969e-01
4.740304946899414062e-01
1.088052868843078613e+00
1.158690810203552246e+00
1.169910550117492676e+00
1.404514908790588379e+00
8.601143360137939453e-01
6.895953416824340820e-01
5.748614072799682617e-01
6.959010362625122070e-01
5.163475275039672852e-01
5.050252676010131836e-01
4.607113599777221680e-01
4.600272178649902344e-01
1.062835097312927246e+00
1.295619606971740723e+00
1.289598822593688965e+00
7.767482995986938477e-01
6.657639741897583008e-01
6.887881755828857422e-01
1.317190766334533691e+00
1.227192044258117676e+00
1.295619606971740723e+00
1.227670073509216309e+00
1.791831135749816895e+00
1.202679276466369629e+00
1.562955975532531738e+00
1.351028323173522949e+00
1.351027846336364746e+00
1.351028323173522949e+00
1.409701943397521973e+00
1.351028323173522949e+00
1.818103909492492676e+00
1.540840029716491699e+00
1.540837168693542480e+00
1.472409129142761230e+00
2.245668888092041016e+00
1.738412976264953613e+00
1.763622879981994629e+00
1.279906392097473145e+00
1.167007327079772949e+00
7.992359399795532227e-01
2.023522377014160156e+00
-7.702109217643737793e-01
-8.060503602027893066e-01
-1.159984111785888672e+00
-1.855989933013916016e+00
-1.082272291183471680e+00
-9.724676609039306641e-01
-6.598539352416992188e-01
-6.610014438629150391e-01
-9.724681377410888672e-01
-9.724681377410888672e-01
-3.346388936042785645e-01
-1.211595535278320312e-01
-2.886021137237548828e-01
-2.871785163879394531e-01
-2.862800359725952148e-01
-3.999209403991699219e-02
-4.440921545028686523e-02
-3.998953104019165039e-02
-2.869553565979003906e-01
-2.869552969932556152e-01
-2.869552969932556152e-01
2.036190032958984375e-02
9.348505735397338867e-01
2.341202497482299805e-01
2.341202497482299805e-01
2.915151119232177734e-01
1.582753658294677734e-02
2.341240644454956055e-01
2.195538997650146484e+00
4.954054355621337891e-01
1.184173822402954102e-01
3.634608983993530273e-01
3.636542558670043945e-01
3.636802434921264648e-01
6.713449954986572266e-01
3.636842966079711914e-01
3.636842966079711914e-01
3.636842966079711914e-01
3.636842966079711914e-01
6.713440418243408203e-01
3.636842966079711914e-01
3.637777566909790039e-01
3.636844158172607422e-01
3.636842966079711914e-01
3.636842966079711914e-01
3.636842966079711914e-01
3.636842966079711914e-01
3.637121915817260742e-01
3.638080358505249023e-01
3.658202886581420898e-01
3.664505481719970703e-01
3.664505481719970703e-01
4.348790645599365234e-01
4.348787069320678711e-01
4.348785877227783203e-01
3.664504289627075195e-01
3.636842966079711914e-01
3.636842966079711914e-01
3.636842966079711914e-01
3.636842966079711914e-01
3.636842966079711914e-01
3.636842966079711914e-01
3.636842966079711914e-01
3.636844158172607422e-01
3.636842966079711914e-01
3.636842966079711914e-01
3.636842966079711914e-01
3.664505481719970703e-01
3.800598382949829102e-01
3.636842966079711914e-01
3.636842966079711914e-01
3.636842966079711914e-01
3.663735389709472656e-01
3.636842966079711914e-01
3.636842966079711914e-01
3.636842966079711914e-01
3.636842966079711914e-01
3.636842966079711914e-01
3.636842966079711914e-01
3.636842966079711914e-01
3.664506673812866211e-01
7.428032159805297852e-01
4.348551034927368164e-01
3.636842966079711914e-01
6.713460683822631836e-01
4.450578689575195312e-01
6.832480430603027344e-01
6.626769304275512695e-01
3.031265735626220703e-01
1.023590564727783203e-03
3.912013769149780273e-01
5.488771200180053711e-01
5.483101606369018555e-01
1.666042804718017578e-01
3.610849380493164062e-04
3.592371940612792969e-04
8.043379783630371094e-01
2.901550531387329102e-01
1.218436956405639648e-01
-3.408608436584472656e-01
-6.589016318321228027e-01
-8.660683035850524902e-01
-2.743115425109863281e-01
-4.239450097084045410e-01
-7.579395174980163574e-01
-7.579394578933715820e-01
-7.546615600585937500e-01
-3.952308893203735352e-01
3.368780612945556641e-01
9.720110893249511719e-02
9.392321109771728516e-02
9.392321109771728516e-02
9.392321109771728516e-02
9.392333030700683594e-02
9.404611587524414062e-02
9.590864181518554688e-02
9.720098972320556641e-02
9.392321109771728516e-02
9.392321109771728516e-02
9.392321109771728516e-02
9.392321109771728516e-02
9.392321109771728516e-02
9.392321109771728516e-02
9.392321109771728516e-02
9.392333030700683594e-02
9.392321109771728516e-02
9.392321109771728516e-02
9.421825408935546875e-02
1.656291484832763672e-01
9.720110893249511719e-02
9.392321109771728516e-02
9.392321109771728516e-02
9.392321109771728516e-02
6.224766969680786133e-01
1.676273345947265625e-01
1.656291484832763672e-01
9.392321109771728516e-02
9.392380714416503906e-02
9.400224685668945312e-02
9.720110893249511719e-02
1.656291484832763672e-01
1.656291484832763672e-01
1.656291484832763672e-01
9.720110893249511719e-02
9.392321109771728516e-02
9.392321109771728516e-02
9.720110893249511719e-02
9.720110893249511719e-02
9.720110893249511719e-02
9.720003604888916016e-02
9.709715843200683594e-02
9.720110893249511719e-02
9.720110893249511719e-02
9.714496135711669922e-02
9.398782253265380859e-02
9.720051288604736328e-02
9.720003604888916016e-02
9.720110893249511719e-02
1.656291484832763672e-01
4.172295331954956055e-01
4.168976545333862305e-01
6.083418130874633789e-01
4.170771837234497070e-01
1.656919717788696289e-01
1.656291484832763672e-01
1.656291484832763672e-01
1.656291484832763672e-01
1.656291484832763672e-01
1.656291484832763672e-01
1.656291484832763672e-01
1.656284332275390625e-01
-2.491679191589355469e-01
-2.631168365478515625e-01
8.594858646392822266e-02
7.027214765548706055e-01
3.823045492172241211e-01
6.350371837615966797e-01
1.767133474349975586e-01
4.217692613601684570e-01
1.854306459426879883e-01
7.258179187774658203e-01
5.870343446731567383e-01
1.098729729652404785e+00
1.476097106933593750e-01
9.338902235031127930e-01
1.058148145675659180e-01
1.058148145675659180e-01
1.090914011001586914e-01
1.090925931930541992e-01
-9.549784660339355469e-02
1.206539869308471680e-01
1.229596138000488281e-01
1.211748242378234863e+00
1.202613472938537598e+00
1.079987645149230957e+00
9.313184022903442383e-01
2.406566143035888672e-01
2.229788303375244141e-01
1.082998514175415039e-01
-4.284318387508392334e-01
2.675732374191284180e-01
5.439107418060302734e-01
7.048922777175903320e-01
5.722671747207641602e-01
1.361099481582641602e-01
3.619002103805541992e-01
3.581486940383911133e-01
-3.230810165405273438e-03
-9.117178916931152344e-01
-1.461418747901916504e+00
-1.492703676223754883e+00
6.873842477798461914e-01
1.174353361129760742e-01
1.177921295166015625e-01
1.209915757179260254e+00
1.322876811027526855e+00
1.355213761329650879e+00
9.406487941741943359e-01
2.909757137298583984e+00
7.140470743179321289e-01
7.381650209426879883e-01
3.511387109756469727e-02
7.140505313873291016e-01
1.188987374305725098e+00
1.163740754127502441e+00
1.043107628822326660e+00
1.035462617874145508e+00
4.647270441055297852e-01
4.543664455413818359e-01
6.149142980575561523e-01
1.089628934860229492e-01
2.814687490463256836e-01
1.330474615097045898e-01
2.814704179763793945e-01
2.813290357589721680e-01
2.800784111022949219e-01
2.812629938125610352e-01
2.476829290390014648e-01
1.325374841690063477e-01
1.325103044509887695e-01
4.480034112930297852e-01
2.546030282974243164e-02
2.418266534805297852e-01
2.498418092727661133e-01
-6.388816237449645996e-01
-1.060663938522338867e+00
-3.228020668029785156e-01
1.310032963752746582e+00
1.659093022346496582e+00
1.681264996528625488e+00
1.132796406745910645e+00
1.122008204460144043e+00
2.000977993011474609e+00
7.839075326919555664e-01
1.147392392158508301e+00
1.015015959739685059e+00
7.829266786575317383e-01
9.328478574752807617e-01
4.605032205581665039e-01
9.294278621673583984e-01
5.347826480865478516e-01
4.477964639663696289e-01
4.431644678115844727e-01
1.319885611534118652e+00
5.877538919448852539e-01
5.264616012573242188e-01
6.480714082717895508e-01
4.421629905700683594e-01
5.910446643829345703e-01
4.568419456481933594e-01
4.423223733901977539e-01
4.768267869949340820e-01
5.796388387680053711e-01
5.795925855636596680e-01
5.795773267745971680e-01
5.795923471450805664e-01
5.795923471450805664e-01
5.795923471450805664e-01
5.795923471450805664e-01
5.795923471450805664e-01
5.795923471450805664e-01
5.795923471450805664e-01
5.795923471450805664e-01
5.226751565933227539e-01
1.445246338844299316e+00
1.697083115577697754e+00
1.536404967308044434e+00
7.959758043289184570e-01
1.075922846794128418e+00
1.005382537841796875e+00
9.614084959030151367e-01
1.134376883506774902e+00
8.884036540985107422e-01
8.885381221771240234e-01
6.337076425552368164e-02
1.133562445640563965e+00
9.438452720642089844e-01
2.845994234085083008e-01
3.197449445724487305e-01
1.878265976905822754e+00
8.563485145568847656e-01
-1.789836287498474121e-01
7.786214351654052734e-02
6.284154653549194336e-01
9.789769649505615234e-01
2.632620334625244141e+00
2.506513595581054688e+00
-2.646654844284057617e-01
-1.347124576568603516e+00
4.522168636322021484e-01
1.140424609184265137e+00
6.840115785598754883e-01
4.020148515701293945e-01
1.368247270584106445e-01
2.093778848648071289e-01
3.940247297286987305e-01
3.166404962539672852e-01
1.246966242790222168e+00
3.839765787124633789e-01
2.028926610946655273e-01
1.934554219245910645e+00
1.934554219245910645e+00
1.934554457664489746e+00
2.182559490203857422e+00
2.245477676391601562e+00
7.096248865127563477e-01
1.221292853355407715e+00
2.775746583938598633e-01
2.688320875167846680e-01
2.680300474166870117e-01
4.167718887329101562e-01
-3.229089975357055664e-01
-4.578388929367065430e-01
-6.636968851089477539e-01
-4.579148292541503906e-01
-4.578384160995483398e-01
-2.455235719680786133e-01
-5.528128147125244141e-02
-4.578392505645751953e-01
-6.411637067794799805e-01
-5.255936384201049805e-01
-1.458660364151000977e-01
-4.578393101692199707e-01
-5.262574553489685059e-01
-5.262672901153564453e-01
-5.238382816314697266e-01
-3.787890672683715820e-01
-3.788117170333862305e-01
-3.810698986053466797e-01
-8.335180282592773438e-01
-4.578392505645751953e-01
-5.262730717658996582e-01
-8.057531714439392090e-01
-5.430350303649902344e-01
-4.579075574874877930e-01
-5.263445377349853516e-01
-5.262672901153564453e-01
-5.262677669525146484e-01
-5.262796282768249512e-01
-5.266291499137878418e-01
-5.263078212738037109e-01
-6.947125792503356934e-01
-8.500658869743347168e-01
-8.500669598579406738e-01
-8.500669598579406738e-01
-8.500669598579406738e-01
-8.500669598579406738e-01
-8.500609993934631348e-01
-8.500669598579406738e-01
-8.500669598579406738e-01
-8.500669598579406738e-01
-8.500669598579406738e-01
-8.500669598579406738e-01
-8.500669598579406738e-01
-8.500669598579406738e-01
-8.500669598579406738e-01
-8.500669598579406738e-01
-8.500670194625854492e-01
-8.500670194625854492e-01
-8.500670194625854492e-01
-8.500670194625854492e-01
-8.500670194625854492e-01
-8.500669598579406738e-01
-8.500670194625854492e-01
-8.500670194625854492e-01
-8.500670194625854492e-01
-3.148269653320312500e-02
6.627058982849121094e-02
-3.026069402694702148e-01
-4.773433506488800049e-01
5.359327793121337891e-02
2.471935749053955078e-01
1.503779888153076172e-01
1.194020509719848633e-01
4.217444658279418945e-01
2.929686307907104492e-01
-2.262184619903564453e-01
-5.308498144149780273e-01
-5.308530926704406738e-01
2.924374341964721680e-01
-8.018912076950073242e-01
-1.967321634292602539e-01
-4.237953424453735352e-01
-2.434374809265136719e+00
-3.365577697753906250e+00
-1.462175607681274414e+00
5.017513036727905273e-02
-2.414451837539672852e-01
-1.546880006790161133e+00
-1.331955909729003906e+00
-1.649275898933410645e+00
3.829061985015869141e-01
-4.212431907653808594e-01
2.036178588867187500e+00
6.139397621154785156e-01
-1.060209274291992188e-01
-4.239478111267089844e-01
9.386447668075561523e-01
6.917142868041992188e-01
-1.143299341201782227e-01
1.521734118461608887e+00
7.436821460723876953e-01
-3.762151002883911133e-01
6.179107427597045898e-01
7.431334257125854492e-01
-2.387442827224731445e+00
-1.081150889396667480e+00
-2.000550746917724609e+00
-1.116600990295410156e+00
-8.755719661712646484e-01
5.424225330352783203e-02
-9.620075225830078125e-01
7.213505506515502930e-01
1.557457566261291504e+00
-3.664230108261108398e-01
-3.882883787155151367e-01
-2.699028253555297852e-01
-4.080179929733276367e-01
3.169838190078735352e-01
-2.756059169769287109e-01
-1.807826280593872070e+00
-2.280003070831298828e+00
-4.627346992492675781e-03
-5.221940279006958008e-01
-1.118389487266540527e+00
-1.018894076347351074e+00
5.703903436660766602e-01
3.426077365875244141e-01
4.090501070022583008e-01
2.857779502868652344e+00
1.185423731803894043e+00
1.374163627624511719e-01
-7.392305135726928711e-01
-7.977139949798583984e-02
1.811508774757385254e+00
1.193593859672546387e+00
1.058556914329528809e+00
-6.791461706161499023e-01
-2.293045520782470703e-01
1.457886815071105957e+00
2.189795017242431641e+00
3.976069688796997070e-01
7.276855707168579102e-01
-7.553458213806152344e-02
-4.991935193538665771e-01
5.091589689254760742e-01
1.295694112777709961e-01
-3.383764028549194336e-01
1.740524768829345703e-01
4.505652189254760742e-01
1.594011783599853516e-01
3.591874837875366211e-01
7.510912418365478516e-02
1.209676265716552734e-01
-5.016207695007324219e-02
-5.119156837463378906e-02
1.348649621009826660e+00
9.410775899887084961e-01
1.636241674423217773e-01
5.437921285629272461e-01
6.614917516708374023e-01
-6.403080821037292480e-01
-6.667215228080749512e-01
8.681920766830444336e-01
-8.659850358963012695e-01
-5.190342664718627930e-02
-6.377780437469482422e-01
-6.377779245376586914e-01
-5.039834976196289062e-02
-5.190163850784301758e-02
-5.825703144073486328e-01
-9.547234773635864258e-01
-6.376597881317138672e-01
-6.326881647109985352e-01
-6.297859549522399902e-01
5.695872306823730469e-01
2.208199501037597656e-01
-3.452731370925903320e-01
8.472905158996582031e-01
5.826566219329833984e-01
-1.968966722488403320e-01
-6.132704615592956543e-01
-5.452258586883544922e-01
-7.860386371612548828e-01
-2.735453844070434570e-02
-3.209384083747863770e-01
8.735058307647705078e-01
8.855460882186889648e-01
-6.051686406135559082e-01
-5.506776571273803711e-01
8.378680944442749023e-01
1.028862237930297852e+00
-6.522225737571716309e-01
-1.288860082626342773e+00
4.747789382934570312e+00
4.263886213302612305e-01
1.980840802192687988e+00
2.609029293060302734e+00
4.359998226165771484e+00
-4.318919181823730469e-01
7.344955205917358398e-02
-1.565659999847412109e+00
-1.013968825340270996e+00
-1.010250568389892578e+00
-8.927311897277832031e-01
-2.753508090972900391e-01
-1.935077309608459473e-01
-2.499727010726928711e-01
1.984616518020629883e-01
1.280530691146850586e-01
-7.028460502624511719e-02
-7.086265087127685547e-02
-2.208816409111022949e-01
2.159889936447143555e-01
-7.086336612701416016e-02
7.321172952651977539e-02
4.591512680053710938e-01
1.390024423599243164e-01
1.390117406845092773e-01
-9.003382325172424316e-01
-8.473099470138549805e-01
-9.730277061462402344e-01
-1.534787416458129883e+00
-5.282896757125854492e-01
2.017831802368164062e-01
1.553590297698974609e-01
7.938444614410400391e-03
3.431793451309204102e-01
-5.386471748352050781e-04
-3.840565681457519531e-02
-4.886066913604736328e-02
-5.507332086563110352e-02
-2.872920036315917969e-01
1.471620798110961914e-01
-2.606425285339355469e-01
-1.467998027801513672e-01
1.585469245910644531e-01
-2.577662467956542969e-02
1.594539880752563477e-01
-3.159387111663818359e-01
-3.159387111663818359e-01
-3.293728828430175781e-01
-4.874169826507568359e-01
-8.849298954010009766e-02
-3.849691152572631836e-02
4.431455135345458984e-01
-4.909337759017944336e-01
-1.390506625175476074e-01
-1.179637908935546875e-01
-1.134994029998779297e-01
6.043773889541625977e-02
8.260525465011596680e-01
9.439164400100708008e-01
9.392384290695190430e-01
4.314123392105102539e-01
5.277628898620605469e-01
-8.810788393020629883e-02
-2.796378731727600098e-01
4.456486701965332031e-01
-1.570898890495300293e-01
4.550503492355346680e-01
1.425222158432006836e-01
-4.047249555587768555e-01
-5.225857496261596680e-01
-1.999198794364929199e-01
-1.999198794364929199e-01
-1.999198794364929199e-01
-1.999198794364929199e-01
-4.584303200244903564e-01
6.707698106765747070e-01
1.365942955017089844e-01
-9.021863341331481934e-01
-1.029543638229370117e+00
9.810720682144165039e-01
-1.351721167564392090e+00
-3.092929720878601074e-01
-3.942305445671081543e-01
-4.077005982398986816e-01
-5.008857250213623047e-01
-4.739117622375488281e-01
-4.094047546386718750e-01
-4.778373241424560547e-01
-4.697211384773254395e-01
-7.998585700988769531e-02
-4.778352975845336914e-01
-4.778379201889038086e-01
-4.787566661834716797e-01
-8.016022443771362305e-01
-4.743246138095855713e-01
-9.220120310783386230e-01
-9.023795723915100098e-01
-7.693929672241210938e-01
-7.690629959106445312e-01
-4.461475312709808350e-01
-4.453341662883758545e-01
-4.453341662883758545e-01
-4.453341662883758545e-01
-3.769061565399169922e-01
-7.693932056427001953e-01
-7.693932056427001953e-01
-7.693932056427001953e-01
-5.931630134582519531e-01
-4.449824392795562744e-01
-4.449826776981353760e-01
-7.668539285659790039e-01
-7.690414190292358398e-01
-7.690414190292358398e-01
-7.690408229827880859e-01
-7.690414190292358398e-01
-7.690414190292358398e-01
-6.788802146911621094e-01
-9.229981899261474609e-01
-9.122733473777770996e-01
-2.817442417144775391e-01
-9.127541184425354004e-01
-7.636922597885131836e-01
-7.636309862136840820e-01
-7.636309862136840820e-01
-7.636309862136840820e-01
-7.636309862136840820e-01
-7.636309862136840820e-01
-7.636309862136840820e-01
-7.636309862136840820e-01
-7.636306285858154297e-01
-6.989604234695434570e-01
-7.636316418647766113e-01
-7.636308670043945312e-01
-7.636308670043945312e-01
-5.324973464012145996e-01
5.060529708862304688e-02
-5.853509902954101562e-01
-3.343999385833740234e-03
1.519628643989562988e+00
1.484715104103088379e+00
6.187191009521484375e-01
9.394623041152954102e-01
9.394623041152954102e-01
9.394623041152954102e-01
5.391004085540771484e-01
7.077344655990600586e-01
1.519019246101379395e+00
1.333317637443542480e+00
4.305382966995239258e-01
4.870488643646240234e-01
9.932166337966918945e-01
3.293106079101562500e+00
1.576901555061340332e+00
2.331741333007812500e+00
1.944394707679748535e+00
1.358222603797912598e+00
1.175882458686828613e+00
1.142620682716369629e+00
9.407002925872802734e-01
5.107514858245849609e-01
3.000831604003906250e-01
3.295089006423950195e-01
3.834158182144165039e-01
2.293795347213745117e-01
-1.371069550514221191e-01
-1.888170838356018066e-01
1.456123948097229004e+00
3.068768978118896484e-01
6.593486070632934570e-01
-1.700850129127502441e-01
-2.417035102844238281e-01
-6.818890571594238281e-03
4.948261976242065430e-01
9.064353704452514648e-01
2.624069452285766602e-01
-7.939720153808593750e-02
-8.369938135147094727e-01
-1.685923814773559570e+00
-1.782883644104003906e+00
-6.736354231834411621e-01
-7.670055031776428223e-01
7.644255161285400391e-01
-1.524505972862243652e+00
1.555138826370239258e-01
2.088151454925537109e+00
-2.337896823883056641e-02
-5.446293950080871582e-01
-1.020835041999816895e+00
1.227780580520629883e-01
5.288258790969848633e-01
-2.056193351745605469e-01
3.501309156417846680e-01
4.019098281860351562e-01
1.212645769119262695e-01
7.892495393753051758e-02
8.423054218292236328e-02
7.818096876144409180e-02
-7.255285978317260742e-02
-1.009106636047363281e-01
1.137900948524475098e+00
3.090562820434570312e-01
5.099449157714843750e-01
9.152381420135498047e-01
1.812717914581298828e-01
-8.160245418548583984e-02
-3.970243930816650391e-01
-4.603266716003417969e-02
-8.160245418548583984e-02
-8.160245418548583984e-02
-1.500158905982971191e-01
2.696880102157592773e-01
-1.500306725502014160e-01
-8.219546079635620117e-02
-8.160245418548583984e-02
-8.160245418548583984e-02
-8.160245418548583984e-02
6.130479574203491211e-01
-1.500071883201599121e-01
-8.159476518630981445e-02
-8.159476518630981445e-02
-8.159476518630981445e-02
-8.159476518630981445e-02
-3.970387578010559082e-01
-3.961099386215209961e-01
-3.964919447898864746e-01
-2.006618380546569824e-01
-9.991645812988281250e-02
-1.157732605934143066e-01
-3.627809286117553711e-01
-5.215259194374084473e-01
-5.091632604598999023e-01
-2.200330495834350586e-01
-5.771819353103637695e-01
-3.221690654754638672e-01
-3.221648335456848145e-01
-3.221648335456848145e-01
-3.221648335456848145e-01
-3.221648335456848145e-01
-3.221648335456848145e-01
-3.221283555030822754e-01
-7.514828443527221680e-02
-7.514828443527221680e-02
-3.036278486251831055e-01
-3.221595883369445801e-01
-3.221648335456848145e-01
-3.221648335456848145e-01
-3.221648335456848145e-01
-3.221647739410400391e-01
-7.542049884796142578e-02
-7.514828443527221680e-02
-2.235227823257446289e-01
-3.213576078414916992e-01
-1.025693416595458984e-01
-2.678345441818237305e-01
-3.068125247955322266e-01
-1.449317932128906250e-01
-7.530856132507324219e-02
-1.212358474731445312e-01
-7.514834403991699219e-02
-7.514828443527221680e-02
-7.536679506301879883e-02
-2.359925508499145508e-01
-3.243107199668884277e-01
-2.478893995285034180e-01
9.293068647384643555e-01
5.711451768875122070e-01
-1.508968353271484375e+00
-1.063762545585632324e+00
-1.373966455459594727e+00
-1.341874599456787109e+00
-1.105281352996826172e+00
-1.128441572189331055e+00
-1.376960754394531250e+00
-1.376961708068847656e+00
-1.198544025421142578e+00
-1.376961946487426758e+00
-1.376961946487426758e+00
-1.376961946487426758e+00
-1.376961946487426758e+00
-1.376961946487426758e+00
-1.376961946487426758e+00
-1.376961946487426758e+00
-1.069300413131713867e+00
-1.376955509185791016e+00
-1.376961946487426758e+00
-1.376948118209838867e+00
-1.054597854614257812e+00
-1.376961946487426758e+00
-1.376961946487426758e+00
-1.376961946487426758e+00
-1.376961946487426758e+00
-1.376961946487426758e+00
-1.376961946487426758e+00
-1.376961946487426758e+00
-1.376961946487426758e+00
-1.376961946487426758e+00
-1.376961946487426758e+00
-1.376961708068847656e+00
-1.376961946487426758e+00
-1.964347958564758301e+00
-1.038838148117065430e+00
-1.570829391479492188e+00
-1.482385158538818359e+00
-1.482289552688598633e+00
-1.482385158538818359e+00
-1.482385158538818359e+00
-1.482385158538818359e+00
-1.482385158538818359e+00
-1.089893102645874023e+00
-5.775050520896911621e-01
-1.695816516876220703e-01
-5.040428042411804199e-01
-9.112187623977661133e-01
-9.113255143165588379e-01
-9.203376770019531250e-01
-1.019213676452636719e+00
-1.134592533111572266e+00
-1.043951630592346191e+00
-1.586070537567138672e+00
-1.608898401260375977e+00
-5.137920379638671875e-02
2.050751447677612305e-01
-1.683098673820495605e+00
-2.733058452606201172e+00
9.090268611907958984e-01
-1.632198572158813477e+00
-4.601219892501831055e-01
-2.617672443389892578e+00
5.021413564682006836e-01
-8.568063974380493164e-01
7.757382392883300781e-01
2.020598888397216797e+00
4.103573799133300781e+00
7.865494489669799805e-01
-1.057506799697875977e-01
-8.540123701095581055e-01
1.471426606178283691e+00
3.085202217102050781e+00
2.771057128906250000e+00
3.034142971038818359e+00
2.604987144470214844e+00
2.927236557006835938e+00
2.832759380340576172e+00
1.418181538581848145e+00
1.547355771064758301e+00
1.444722414016723633e-01
5.740078687667846680e-01
1.052229046821594238e+00
1.092292428016662598e+00
2.259038925170898438e+00
9.406193494796752930e-01
2.871894836425781250e+00
-6.030017137527465820e-02
1.515406370162963867e-01
1.785356163978576660e+00
-7.011920213699340820e-01
2.058953762054443359e+00
4.328293800354003906e-01
-3.867177367210388184e-01
-7.875735163688659668e-01
-7.760257720947265625e-01
-4.179339408874511719e-01
-4.804068803787231445e-01
-9.252352118492126465e-01
1.738525509834289551e+00
7.557189464569091797e-01
1.202516555786132812e-01
3.286846876144409180e-01
1.759407520294189453e-01
-8.957239985466003418e-01
-3.393429517745971680e-02
-2.460145950317382812e-02
-2.787523269653320312e-01
3.151577711105346680e-01
1.747385263442993164e-01
1.988681554794311523e-01
8.633921146392822266e-01
7.497415542602539062e-01
8.633912801742553711e-01
8.633766174316406250e-01
1.076342701911926270e+00
1.016227006912231445e+00
-1.591080427169799805e+00
7.372235059738159180e-01
-7.721551656723022461e-01
-1.816248774528503418e+00
-2.144836187362670898e+00
-2.099914550781250000e+00
-2.664575815200805664e+00
-1.510241627693176270e+00
-1.905929327011108398e+00
1.342358589172363281e-01
-1.290027737617492676e+00
-2.459426164627075195e+00
-2.261905193328857422e+00
-2.468010902404785156e+00
-1.593982577323913574e+00
-5.329095125198364258e-01
-1.211871147155761719e+00
-1.209537863731384277e+00
-9.608570337295532227e-01
-9.235509634017944336e-01
-9.769421815872192383e-01
-1.415395498275756836e+00
-1.277948379516601562e+00
-9.141619801521301270e-01
-9.142417311668395996e-01
-1.277937531471252441e+00
-9.247995615005493164e-01
-1.273983836174011230e+00
-1.277853131294250488e+00
-1.277965903282165527e+00
-1.277966022491455078e+00
-1.277960181236267090e+00
-1.277966022491455078e+00
-1.277966022491455078e+00
-1.277966022491455078e+00
-1.277966022491455078e+00
-1.277966022491455078e+00
-1.277966022491455078e+00
-1.277966022491455078e+00
-1.277966022491455078e+00
-1.277966022491455078e+00
-1.277966022491455078e+00
-1.277966022491455078e+00
-1.277966022491455078e+00
-1.277966022491455078e+00
-1.277966022491455078e+00
-1.277966022491455078e+00
-1.277966022491455078e+00
-1.277966022491455078e+00
-1.277966022491455078e+00
-1.277966022491455078e+00
-1.277966022491455078e+00
-1.277966022491455078e+00
-1.277966022491455078e+00
-1.277966022491455078e+00
-1.277966022491455078e+00
-1.277966022491455078e+00
-1.277966022491455078e+00
-1.277966022491455078e+00
-1.277966022491455078e+00
-1.277966022491455078e+00
-1.277966022491455078e+00
-1.277966022491455078e+00
-1.277966022491455078e+00
-1.278286814689636230e+00
-1.278286695480346680e+00
-1.278286814689636230e+00
-1.278286814689636230e+00
-1.278286814689636230e+00
-9.381213784217834473e-01
-1.245783090591430664e+00
-1.245462298393249512e+00
-1.245462298393249512e+00
-1.245462298393249512e+00
-1.245462298393249512e+00
-1.245462298393249512e+00
-1.245462298393249512e+00
-1.245462298393249512e+00
-1.245464801788330078e+00
-1.245783090591430664e+00
-1.245783090591430664e+00
-1.245783090591430664e+00
-1.240801215171813965e+00
-9.393382668495178223e-01
-1.240114927291870117e+00
-1.240114927291870117e+00
-1.240114927291870117e+00
-1.240114927291870117e+00
-1.240114927291870117e+00
-1.240114927291870117e+00
-1.239794015884399414e+00
-1.240114927291870117e+00
-9.672311544418334961e-01
-1.561196208000183105e+00
-3.414417743682861328e+00
-1.792579293251037598e+00
-1.554513931274414062e+00
-1.905691385269165039e+00
-1.317475795745849609e+00
-1.801798343658447266e+00
-1.550767183303833008e+00
-1.550814867019653320e+00
-1.536673545837402344e+00
-1.578019142150878906e+00
-1.578019261360168457e+00
-1.578019261360168457e+00
-1.578019261360168457e+00
-1.578019261360168457e+00
-1.578019261360168457e+00
-9.545254111289978027e-01
-9.581866860389709473e-01
-1.262468814849853516e+00
-1.578019261360168457e+00
-1.578019261360168457e+00
-1.578019261360168457e+00
-1.578019261360168457e+00
-1.578019261360168457e+00
-1.578008651733398438e+00
-1.375131726264953613e+00
-1.577949285507202148e+00
-1.578011870384216309e+00
-1.331762909889221191e+00
-1.330911278724670410e+00
-1.353195071220397949e+00
-1.578019261360168457e+00
-1.578019261360168457e+00
-1.578019261360168457e+00
-1.578019261360168457e+00
-1.578019261360168457e+00
-1.578019261360168457e+00
-1.578019261360168457e+00
-1.578019261360168457e+00
-1.578019261360168457e+00
-1.578019261360168457e+00
-1.578019261360168457e+00
-1.578019142150878906e+00
-1.444461941719055176e+00
-1.330891847610473633e+00
-1.330905795097351074e+00
-1.262463450431823730e+00
-1.330891728401184082e+00
-1.576977610588073730e+00
-1.578019261360168457e+00
-1.578019261360168457e+00
-1.578017711639404297e+00
-1.578008413314819336e+00
-1.330900549888610840e+00
-1.578019261360168457e+00
-1.578019261360168457e+00
-1.578019261360168457e+00
-1.577971339225769043e+00
-1.262462973594665527e+00
-1.330891728401184082e+00
-1.035096883773803711e+00
-1.326850056648254395e+00
-1.330891728401184082e+00
-1.069786071777343750e+00
-9.545406699180603027e-01
-1.331180214881896973e+00
-1.577497124671936035e+00
-1.577479839324951172e+00
-1.090357661247253418e+00
-7.448559403419494629e-01
-1.816313028335571289e+00
-1.819456100463867188e+00
-1.819455862045288086e+00
-1.555847167968750000e+00
-1.509159684181213379e+00
-1.332078933715820312e+00
-1.574317693710327148e+00
-1.330891728401184082e+00
-1.330891728401184082e+00
-1.545735359191894531e+00
-1.578019261360168457e+00
-1.281069040298461914e+00
-1.330891728401184082e+00
-1.270563840866088867e+00
-1.578012585639953613e+00
-1.577913761138916016e+00
-1.302897930145263672e+00
-1.560395598411560059e+00
-1.560465097427368164e+00
-1.560464859008789062e+00
-1.560465335845947266e+00
-1.305630922317504883e+00
-1.578019261360168457e+00
-1.358096241950988770e+00
-1.330891728401184082e+00
-1.331033945083618164e+00
-1.575756430625915527e+00
-1.578019261360168457e+00
-1.620629549026489258e+00
-1.513397097587585449e-01
-1.557344436645507812e+00
-1.514925718307495117e+00
-1.544732809066772461e+00
-1.545020699501037598e+00
-1.292432069778442383e+00
-1.232422471046447754e+00
-1.809484601020812988e+00
-8.827545642852783203e-01
-1.727998018264770508e+00
-1.916035771369934082e+00
-2.096578598022460938e+00
-2.357589244842529297e+00
-1.731238842010498047e+00
5.678462982177734375e-02
1.069914221763610840e+00
-2.291761636734008789e-01
-6.609194278717041016e-01
-8.657919764518737793e-01
-7.845014929771423340e-01
-1.018079042434692383e+00
-1.063928127288818359e+00
-8.858858942985534668e-01
-9.863235950469970703e-01
-1.883228540420532227e+00
7.029174566268920898e-01
-1.165692329406738281e+00
-1.280152320861816406e+00
-1.472677111625671387e+00
-1.294808387756347656e+00
-5.267193317413330078e-01
1.200117707252502441e+00
2.745366573333740234e+00
1.500858187675476074e+00
7.518820762634277344e-01
3.577801704406738281e+00
4.935252189636230469e+00
3.961284160614013672e+00
1.549263119697570801e+00
2.579554557800292969e+00
9.003816843032836914e-01
-3.649431467056274414e-01
1.631184935569763184e+00
-2.559491395950317383e-01
9.471142292022705078e-01
9.156669378280639648e-01
2.084738254547119141e+00
2.359422206878662109e+00
1.885148644447326660e+00
1.437772393226623535e+00
3.476690292358398438e+00
3.334750175476074219e+00
1.568352103233337402e+00
3.925108909606933594e-01
4.633572578430175781e+00
-7.031923532485961914e-01
8.394907712936401367e-01
-2.133165597915649414e-01
2.802631855010986328e+00
2.659190654754638672e+00
3.661014080047607422e+00
2.300575256347656250e+00
1.352426171302795410e+00
8.783046007156372070e-01
-3.321725726127624512e-01
2.996736526489257812e+00
2.704403400421142578e+00
5.094416141510009766e-01
2.300906181335449219e+00
-6.438602209091186523e-01
-6.654232740402221680e-01
-1.910442233085632324e+00
-1.839993834495544434e+00
-4.274185180664062500e+00
2.558042049407958984e+00
1.284543395042419434e+00
1.698154091835021973e+00
7.960625886917114258e-01
-1.018475532531738281e+00
-1.778067946434020996e-01
-7.394790649414062500e-01
1.120706677436828613e+00
2.460900545120239258e-01
8.045648336410522461e-01
8.186604976654052734e-01
6.333707571029663086e-01
6.238378286361694336e-01
4.418933391571044922e-01
1.121583819389343262e+00
1.231748223304748535e+00
7.885231971740722656e-01
2.463144063949584961e-01
3.381046056747436523e-01
3.965833187103271484e-01
3.621647357940673828e-01
3.625007867813110352e-01
3.705749511718750000e-01
3.621398210525512695e-01
3.665422201156616211e-01
1.346757411956787109e-01
1.690026521682739258e-01
1.673457622528076172e-01
2.495044469833374023e-02
1.440758347511291504e+00
1.422848343849182129e+00
2.204988002777099609e-01
3.564695119857788086e-01
2.144800424575805664e-01
2.143872976303100586e-01
2.143768072128295898e-01
2.143768072128295898e-01
2.143462896347045898e-01
2.144123315811157227e-01
1.398921608924865723e+00
1.423662543296813965e+00
1.423765301704406738e+00
3.385993242263793945e-01
1.423766016960144043e+00
1.423772931098937988e+00
1.448107838630676270e+00
1.448298573493957520e+00
1.424142718315124512e+00
2.144123315811157227e-01
2.144123315811157227e-01
2.144123315811157227e-01
2.144123315811157227e-01
1.298277497291564941e+00
2.144124507904052734e-01
2.144114971160888672e-01
2.144123315811157227e-01
2.144123315811157227e-01
2.144124507904052734e-01
2.144428491592407227e-01
2.159332036972045898e-01
2.143828868865966797e-01
2.085484266281127930e-01
2.085484266281127930e-01
2.085484266281127930e-01
2.085484266281127930e-01
2.085427045822143555e-01
9.003603458404541016e-02
1.125380873680114746e+00
1.299080967903137207e+00
1.298948884010314941e+00
1.297561526298522949e+00
1.298142790794372559e+00
1.281422257423400879e+00
1.242399096488952637e+00
1.172527432441711426e+00
1.129719376564025879e+00
1.026811957359313965e+00
9.719887971878051758e-01
9.583683013916015625e-01
9.577546119689941406e-01
1.439529538154602051e+00
1.163531899452209473e+00
1.162494063377380371e+00
1.161324143409729004e+00
9.648901224136352539e-01
8.817018270492553711e-01
1.448349595069885254e+00
1.448349118232727051e+00
9.013071060180664062e-01
5.337375402450561523e-01
6.150854825973510742e-01
7.382210493087768555e-01
8.408814668655395508e-01
8.288377523422241211e-01
4.470323324203491211e-01
1.474206805229187012e+00
9.597653150558471680e-01
-1.495481133460998535e-01
1.082936882972717285e+00
1.082877039909362793e+00
1.107068181037902832e+00
1.082910418510437012e+00
1.002526164054870605e+00
1.164357781410217285e+00
9.581389427185058594e-01
1.164378523826599121e+00
9.585233926773071289e-01
1.164672493934631348e+00
9.585429430007934570e-01
8.625812530517578125e-01
3.787657022476196289e-01
9.587365388870239258e-01
1.038831353187561035e+00
9.854247570037841797e-01
1.158126950263977051e+00
1.161856532096862793e+00
1.227515101432800293e+00
5.606709718704223633e-01
8.775231838226318359e-01
1.675464510917663574e+00
1.319817185401916504e+00
1.459600090980529785e+00
1.324054360389709473e+00
1.324054360389709473e+00
1.322646498680114746e+00
1.324054360389709473e+00
1.118224740028381348e+00
1.267259240150451660e+00
1.295091032981872559e+00
1.141452431678771973e+00
1.323225140571594238e+00
1.323333382606506348e+00
1.324043393135070801e+00
1.324054360389709473e+00
1.324054360389709473e+00
1.324054360389709473e+00
1.324054360389709473e+00
1.322816967964172363e+00
1.324054360389709473e+00
1.324054360389709473e+00
1.324054360389709473e+00
1.324054360389709473e+00
1.324054360389709473e+00
1.324054121971130371e+00
1.267144799232482910e+00
1.809384465217590332e+00
2.106688022613525391e+00
1.389696717262268066e+00
7.063370943069458008e-01
4.988785982131958008e-01
3.001319169998168945e-01
3.012022972106933594e-01
-8.410716056823730469e-02
1.021534204483032227e-01
2.005525827407836914e-01
1.840655803680419922e-01
1.147415637969970703e-01
1.147370338439941406e-01
2.631688117980957031e-01
-6.650131940841674805e-02
-5.940788984298706055e-02
5.852115154266357422e-02
1.890468597412109375e-01
1.147370338439941406e-01
1.147370338439941406e-01
1.147370338439941406e-01
1.147370338439941406e-01
1.147370338439941406e-01
1.147354841232299805e-01
-8.285521268844604492e-01
6.313323974609375000e-04
3.741459846496582031e-01
3.788059949874877930e-01
3.794159889221191406e-01
3.794041872024536133e-01
3.782266378402709961e-01
3.642312288284301758e-01
2.435593605041503906e-01
4.243940114974975586e-02
4.283171892166137695e-02
2.385548353195190430e-01
2.001639604568481445e-01
5.285428762435913086e-01
2.437162399291992188e-01
2.434923648834228516e-01
1.130976676940917969e-01
4.058134555816650391e-02
2.434312105178833008e-01
2.437014579772949219e-01
2.437155246734619141e-01
2.437087297439575195e-01
2.425719499588012695e-01
2.429608106613159180e-01
2.437154054641723633e-01
2.436338663101196289e-01
1.762992143630981445e-01
1.757718324661254883e-01
1.752902269363403320e-01
2.437154054641723633e-01
2.426768541336059570e-01
1.752873659133911133e-01
1.752873659133911133e-01
1.752873659133911133e-01
1.752873659133911133e-01
1.752873659133911133e-01
1.752873659133911133e-01
1.752873659133911133e-01
1.752873659133911133e-01
1.752873659133911133e-01
1.752957105636596680e-01
2.306096553802490234e-01
1.752873659133911133e-01
1.752873659133911133e-01
1.752879619598388672e-01
1.752873659133911133e-01
1.752873659133911133e-01
1.752873659133911133e-01
1.752873659133911133e-01
1.752873659133911133e-01
1.752873659133911133e-01
1.752897500991821289e-01
1.752879619598388672e-01
1.752873659133911133e-01
1.752877235412597656e-01
1.752873659133911133e-01
1.752873659133911133e-01
1.752873659133911133e-01
1.752873659133911133e-01
4.096195697784423828e-01
4.719871282577514648e-01
1.755542755126953125e-01
2.162967920303344727e-01
1.835845708847045898e-01
1.841999292373657227e-01
-6.701415777206420898e-02
2.431597709655761719e-01
2.432929277420043945e-01
2.437368631362915039e-01
2.437371015548706055e-01
4.568330049514770508e-01
4.566618204116821289e-01
-4.293498694896697998e-01
-5.377693176269531250e-01
1.147698163986206055e-01
1.147698163986206055e-01
1.147698163986206055e-01
1.147698163986206055e-01
1.375709772109985352e-01
3.603022098541259766e-01
-1.105788826942443848e+00
9.685739278793334961e-01
1.892957329750061035e+00
1.122742295265197754e+00
9.323595762252807617e-01
1.235519051551818848e+00
1.497985482215881348e+00
2.517164707183837891e+00
1.767329812049865723e+00
-8.713006973266601562e-02
1.008352398872375488e+00
2.754331827163696289e-01
-6.604284048080444336e-01
-8.297956585884094238e-01
-8.496647477149963379e-01
-1.192965269088745117e+00
-1.104818344116210938e+00
-6.688003540039062500e-01
-4.555794000625610352e-01
-2.143358230590820312e+00
-1.514788150787353516e+00
-2.606679439544677734e+00
-1.273049354553222656e+00
-1.021329045295715332e+00
-4.937959611415863037e-01
-9.101371765136718750e-01
-1.347030639648437500e+00
-1.361676454544067383e+00
-1.212858915328979492e+00
-4.683465957641601562e-01
-1.713056206703186035e+00
-1.633976697921752930e+00
-2.003149032592773438e+00
-3.171782970428466797e+00
-1.768204808235168457e+00
-2.155869483947753906e+00
-1.738696098327636719e+00
-2.608784198760986328e+00
-3.355027198791503906e+00
-2.355579853057861328e+00
-1.928078055381774902e+00
-9.620171785354614258e-01
2.491644620895385742e-01
1.536786198616027832e+00
2.499598026275634766e+00
2.987747669219970703e+00
2.518270015716552734e+00
-2.321577072143554688e-01
4.127396345138549805e-01
9.812830686569213867e-01
8.007113933563232422e-01
-2.516673207283020020e-01
2.847349643707275391e-02
4.721945524215698242e-01
1.532145738601684570e-01
2.861469984054565430e-02
-1.144256591796875000e-01
-8.984142541885375977e-02
-8.921307325363159180e-02
1.119502425193786621e+00
1.119328618049621582e+00
1.101536393165588379e+00
1.119474291801452637e+00
1.119402289390563965e+00
1.118789076805114746e+00
3.248187303543090820e-01
1.117919087409973145e+00
1.083185553550720215e+00
9.522887468338012695e-01
7.973345518112182617e-01
7.785706520080566406e-01
7.778298854827880859e-01
7.779107093811035156e-01
8.943635225296020508e-01
9.294694662094116211e-01
9.805731773376464844e-01
9.833292961120605469e-01
9.836156368255615234e-01
9.836236238479614258e-01
9.836236238479614258e-01
9.795625209808349609e-01
9.169516563415527344e-01
9.822061061859130859e-01
9.286389350891113281e-01
9.320144653320312500e-01
9.181458950042724609e-01
9.327712059020996094e-01
9.152522087097167969e-01
9.152042865753173828e-01
9.151964187622070312e-01
9.151957035064697266e-01
9.151955842971801758e-01
9.151955842971801758e-01
9.151955842971801758e-01
9.151955842971801758e-01
9.151955842971801758e-01
9.151955842971801758e-01
9.151955842971801758e-01
9.151955842971801758e-01
1.035777091979980469e+00
1.035799026489257812e+00
1.035799026489257812e+00
1.104181170463562012e+00
1.104227185249328613e+00
1.104227185249328613e+00
1.104226946830749512e+00
9.709576368331909180e-01
4.210728406906127930e-01
4.220809936523437500e-01
4.235085248947143555e-01
6.706072092056274414e-01
4.293975830078125000e-01
6.019260883331298828e-01
4.294947385787963867e-01
4.285612106323242188e-01
4.285613298416137695e-01
7.439156770706176758e-01
7.439156770706176758e-01
7.439156770706176758e-01
7.439156770706176758e-01
1.051837563514709473e+00
8.928557634353637695e-01
6.875902414321899414e-01
6.791454553604125977e-01
7.445071935653686523e-01
6.761124134063720703e-01
7.445086240768432617e-01
8.934487104415893555e-01
8.934494256973266602e-01
8.269990682601928711e-01
5.241562128067016602e-01
7.445122003555297852e-01
7.445122003555297852e-01
8.346967697143554688e-01
6.155712604522705078e-01
6.163462400436401367e-01
6.800171136856079102e-01
3.253209590911865234e-01
2.713096141815185547e-01
2.687689065933227539e-01
6.156364679336547852e-01
6.156885623931884766e-01
6.156921386718750000e-01
6.156926155090332031e-01
6.156926155090332031e-01
6.156926155090332031e-01
5.587753057479858398e-01
6.158504486083984375e-01
6.156926155090332031e-01
6.156926155090332031e-01
6.156926155090332031e-01
6.156926155090332031e-01
6.156926155090332031e-01
5.565599203109741211e-01
6.156928539276123047e-01
6.156926155090332031e-01
5.539094209671020508e-01
6.156926155090332031e-01
6.156926155090332031e-01
6.156926155090332031e-01
6.156350374221801758e-01
5.944411754608154297e-01
6.156926155090332031e-01
6.155019998550415039e-01
6.090075969696044922e-01
5.858445167541503906e-01
5.803577899932861328e-01
5.734730958938598633e-01
5.520007610321044922e-01
5.499622821807861328e-01
6.156926155090332031e-01
5.473139286041259766e-01
5.472661256790161133e-01
1.323711991310119629e+00
1.196871161460876465e+00
1.186461329460144043e+00
9.942642450332641602e-01
9.939635992050170898e-01
9.940952062606811523e-01
1.104381918907165527e+00
1.450213551521301270e+00
1.431946396827697754e+00
1.490455508232116699e+00
1.755626559257507324e+00
1.283774495124816895e+00
3.199207782745361328e-02
3.634251356124877930e-01
-4.151637554168701172e-01
-5.688024759292602539e-01
-5.650904774665832520e-01
-5.680604577064514160e-01
-4.076422452926635742e-01
-4.076470136642456055e-01
-5.681763291358947754e-01
-2.587008476257324219e-01
1.157120823860168457e+00
1.495314240455627441e+00
7.900975942611694336e-01
8.317769765853881836e-01
9.488117694854736328e-01
-2.539204955101013184e-01
-8.213562965393066406e-01
-1.506590008735656738e+00
-2.031366825103759766e+00
-1.777460813522338867e+00
-3.871041774749755859e+00
-3.746431827545166016e+00
-2.652561187744140625e+00
-2.124021291732788086e+00
-2.683646082878112793e-01
-1.008892059326171875e+00
-7.168737053871154785e-01
-3.041141033172607422e-01
-5.890702605247497559e-01
-5.957766175270080566e-01
-5.959107875823974609e-01
2.962503433227539062e-01
6.489695310592651367e-01
1.449963212013244629e+00
1.756028056144714355e+00
1.449963927268981934e+00
1.766201615333557129e+00
1.078430533409118652e+00
-1.944522857666015625e-01
-8.294463157653808594e-02
5.252799987792968750e-01
-3.075286746025085449e-01
8.149374723434448242e-01
-3.864319920539855957e-01
-3.857842683792114258e-01
-3.787034153938293457e-01
-2.672789692878723145e-01
-7.227898836135864258e-01
-7.054015994071960449e-01
-7.919148802757263184e-01
-5.367746353149414062e-01
-5.430557727813720703e-01
-5.899147987365722656e-01
-5.898460149765014648e-01
6.456249952316284180e-01
6.555169820785522461e-01
-5.879499912261962891e-01
3.986660242080688477e-01
6.194689273834228516e-01
6.180694103240966797e-01
6.698858737945556641e-01
9.587355852127075195e-01
4.991941452026367188e-01
-4.278447628021240234e-01
5.040380954742431641e-01
1.954436302185058594e-01
6.692019701004028320e-01
-8.868515491485595703e-02
-4.403156042098999023e-02
-2.217550277709960938e-01
-2.712950110435485840e-01
-3.394418358802795410e-01
-9.253853559494018555e-02
3.402233123779296875e-01
5.500435829162597656e-01
5.460810661315917969e-01
5.460810661315917969e-01
6.145088672637939453e-01
5.460810661315917969e-01
5.460810661315917969e-01
5.460954904556274414e-01
5.454444885253906250e-01
5.242427587509155273e-01
2.991851568222045898e-01
5.460810661315917969e-01
5.460810661315917969e-01
5.162475109100341797e-01
3.011327981948852539e-01
3.033871650695800781e-01
5.460810661315917969e-01
5.460810661315917969e-01
4.342193603515625000e-01
5.460810661315917969e-01
6.136779785156250000e-01
6.145091056823730469e-01
6.794922351837158203e-01
6.632612943649291992e-01
7.164636850357055664e-01
-6.201511621475219727e-02
3.101652860641479492e-02
-8.783580064773559570e-01
-6.783046722412109375e-01
7.859505414962768555e-01
3.005313396453857422e+00
5.171627521514892578e+00
1.773980736732482910e+00
2.930029869079589844e+00
2.797785758972167969e+00
2.232404232025146484e+00
1.053364157676696777e+00
3.220775127410888672e-01
-1.348084211349487305e+00
-1.767412900924682617e+00
-1.031635403633117676e+00
-9.707091450691223145e-01
-1.324542284011840820e+00
-1.138335704803466797e+00
-1.182782173156738281e+00
-1.505231380462646484e+00
-1.689776897430419922e+00
-1.805374622344970703e+00
-1.589838266372680664e+00
-1.264409303665161133e+00
-1.240964770317077637e+00
-1.195795059204101562e+00
-1.264219522476196289e+00
-1.264291763305664062e+00
-1.264326930046081543e+00
-1.264591932296752930e+00
-1.195790290832519531e+00
-1.205095052719116211e+00
-1.195852160453796387e+00
-1.264217972755432129e+00
-1.264183402061462402e+00
-1.264215588569641113e+00
-1.195791006088256836e+00
-1.264218688011169434e+00
-1.264219045639038086e+00
-1.264212608337402344e+00
-1.195791006088256836e+00
-1.582346677780151367e+00
-1.195791006088256836e+00
-1.264172911643981934e+00
-1.264218807220458984e+00
-1.264219045639038086e+00
-1.211273193359375000e+00
-1.196079850196838379e+00
-1.264223575592041016e+00
-1.264676570892333984e+00
-1.264219045639038086e+00
-1.195791006088256836e+00
-1.264219045639038086e+00
-1.264219045639038086e+00
-1.195791006088256836e+00
-1.481884717941284180e+00
-1.588274955749511719e+00
-1.263821125030517578e+00
-1.177228212356567383e+00
-1.588258981704711914e+00
-1.267903804779052734e+00
-1.195791006088256836e+00
-1.403471231460571289e+00
-1.110040545463562012e+00
-1.343468189239501953e+00
-1.264158010482788086e+00
-1.263773202896118164e+00
-1.264158010482788086e+00
-1.264329195022583008e+00
-1.275397539138793945e+00
-1.273065328598022461e+00
-1.266786813735961914e+00
-1.263524174690246582e+00
-1.046156048774719238e+00
-1.637886762619018555e-01
-1.135784149169921875e+00
-1.390484571456909180e+00
-1.505901694297790527e+00
-9.120952486991882324e-01
-4.402540922164916992e-01
-8.361363410949707031e-01
-5.485380887985229492e-01
2.125209569931030273e-02
2.513762712478637695e-01
2.538440227508544922e-01
4.165470600128173828e-01
5.963741540908813477e-01
6.840460300445556641e-01
1.178142189979553223e+00
1.432802796363830566e+00
1.318685412406921387e+00
1.250216364860534668e+00
5.956841707229614258e-01
3.147996664047241211e-01
1.153889894485473633e-01
3.017792701721191406e-01
1.600204706192016602e-01
1.092256307601928711e-01
5.997495651245117188e-01
3.149244785308837891e-01
3.144128322601318359e-01
3.109637498855590820e-01
3.101679086685180664e-01
3.149129152297973633e-01
3.148159980773925781e-01
2.624179124832153320e-01
2.469365596771240234e-01
2.464910745620727539e-01
3.149244785308837891e-01
2.464965581893920898e-01
2.550574541091918945e-01
3.140846490859985352e-01
3.149245977401733398e-01
3.149245977401733398e-01
3.149245977401733398e-01
6.194992065429687500e-01
3.012869358062744141e-01
-7.755935192108154297e-02
-7.755935192108154297e-02
-7.755672931671142578e-02
-7.755935192108154297e-02
-7.543492317199707031e-02
5.242849588394165039e-01
-3.645932674407958984e-01
-3.648422956466674805e-01
-4.477969110012054443e-01
-3.648422956466674805e-01
-3.648422956466674805e-01
-3.648422956466674805e-01
-6.715291738510131836e-01
-6.888941526412963867e-01
-6.888982057571411133e-01
-2.281048297882080078e-01
-3.648424148559570312e-01
-3.648422956466674805e-01
-3.648422956466674805e-01
-3.650199174880981445e-01
-3.648422956466674805e-01
-2.207969427108764648e-01
1.059762358665466309e+00
7.522289752960205078e-01
4.806174039840698242e-01
-3.625710010528564453e-01
-5.738741159439086914e-01
-6.888917684555053711e-01
-6.888974905014038086e-01
-3.652807474136352539e-01
-3.648422956466674805e-01
-3.648422956466674805e-01
-3.648422956466674805e-01
-3.648422956466674805e-01
-3.648422956466674805e-01
-3.648422956466674805e-01
-2.964149713516235352e-01
-2.964713573455810547e-01
-3.672180175781250000e-01
-3.649011850357055664e-01
-4.644213616847991943e-01
-6.888982057571411133e-01
-6.888909339904785156e-01
-6.888982057571411133e-01
-3.647502660751342773e-01
-3.648329973220825195e-01
-2.964174747467041016e-01
-2.964142560958862305e-01
-2.964142560958862305e-01
-2.964142560958862305e-01
-2.964142560958862305e-01
-5.978535413742065430e-01
-6.888483762741088867e-01
-6.205247640609741211e-01
-6.887316703796386719e-01
-6.888982057571411133e-01
-6.888980865478515625e-01
-6.887272596359252930e-01
-6.888979673385620117e-01
-6.345636844635009766e-01
-3.648420572280883789e-01
-3.648422956466674805e-01
-3.648421764373779297e-01
-3.648418188095092773e-01
-3.648422956466674805e-01
-3.648422956466674805e-01
-1.474739313125610352e-01
5.010018348693847656e-01
7.156614065170288086e-01
-1.030303955078125000e+00
-4.809671640396118164e-02
-1.481465101242065430e-01
-2.964142560958862305e-01
-6.204186677932739258e-01
-9.401443004608154297e-01
-8.229892253875732422e-01
-7.019834518432617188e-01
-5.845793485641479492e-01
-6.202437877655029297e-01
-2.964143753051757812e-01
-2.964146137237548828e-01
-2.155737876892089844e-01
-1.462782621383666992e-01
-1.468549966812133789e-01
-1.474763751029968262e-01
-1.529005765914916992e-01
-2.964142560958862305e-01
-3.022487163543701172e-01
-2.964345216751098633e-01
-2.964179515838623047e-01
-2.964918613433837891e-01
-2.964142560958862305e-01
-2.964142560958862305e-01
-2.964142560958862305e-01
-3.126418590545654297e-01
-3.533314466476440430e-01
-3.533313274383544922e-01
-3.533236980438232422e-01
-1.510670185089111328e-01
-2.833833694458007812e-01
-6.404402256011962891e-01
2.543772459030151367e-01
3.700356483459472656e-01
-4.854258298873901367e-01
-2.300958037376403809e-01
8.250689506530761719e-02
-1.081718206405639648e-01
2.559739351272583008e-02
8.226633071899414062e-02
-1.220216751098632812e-01
8.251452445983886719e-02
8.251452445983886719e-02
-1.233429908752441406e-01
3.370236158370971680e-01
-1.231429576873779297e-01
-1.233429312705993652e-01
8.251452445983886719e-02
8.251452445983886719e-02
8.251488208770751953e-02
6.580432653427124023e-01
5.396840572357177734e-01
4.317935705184936523e-01
1.875063180923461914e-01
-1.233538389205932617e-01
5.909842252731323242e-01
2.502214908599853516e-02
-1.212606430053710938e-01
4.243153333663940430e-01
8.251488208770751953e-02
8.251464366912841797e-02
-1.233339309692382812e-01
8.251011371612548828e-02
-1.233427524566650391e-01
1.801787614822387695e-01
-1.228076219558715820e-01
3.372497558593750000e-01
-1.232968568801879883e-01
-1.233427524566650391e-01
-1.233404874801635742e-01
8.251559734344482422e-02
-5.811399221420288086e-02
-1.307997703552246094e-01
2.559751272201538086e-02
3.721213340759277344e-01
7.451421022415161133e-01
8.251488208770751953e-02
8.015787601470947266e-02
3.761217594146728516e-01
3.673421144485473633e-01
2.747231721878051758e-02
8.239817619323730469e-02
1.414132118225097656e-02
1.408970355987548828e-02
-1.917245984077453613e-01
-1.515008211135864258e-01
-1.753580570220947266e-02
8.251488208770751953e-02
8.251464366912841797e-02
2.352166175842285156e-02
8.030104637145996094e-02
6.473618745803833008e-02
1.408678293228149414e-02
1.886498928070068359e-02
8.251488208770751953e-02
2.314530611038208008e-01
2.575176954269409180e-02
2.333303689956665039e-01
-5.041674375534057617e-01
-1.181385517120361328e+00
-8.393890857696533203e-01
-1.624935865402221680e+00
-1.712650418281555176e+00
-3.978136181831359863e-01
-1.172267675399780273e+00
-1.211141705513000488e+00
-4.738685786724090576e-01
7.009772062301635742e-01
-1.522685408592224121e+00
-3.022977352142333984e+00
-1.126952648162841797e+00
-1.232231855392456055e+00
-2.581326007843017578e+00
-9.931457042694091797e-01
-5.321938395500183105e-01
5.617763996124267578e-01
1.098533272743225098e+00
1.232260465621948242e-01
7.903054952621459961e-01
1.117053627967834473e+00
1.463510990142822266e-01
7.170706987380981445e-01
8.012328147888183594e-01
1.705001592636108398e-01
1.704994440078735352e-01
9.358928203582763672e-01
9.359196424484252930e-01
1.393087506294250488e+00
1.495824456214904785e+00
-1.821411252021789551e-01
-1.772201657295227051e-01
-2.019274234771728516e-01
-2.241768836975097656e-01
-1.137744784355163574e-01
4.188919067382812500e-02
-3.818517923355102539e-02
9.108374118804931641e-01
1.855746865272521973e+00
1.855738997459411621e+00
1.724158883094787598e+00
1.722375273704528809e+00
1.092847228050231934e+00
1.435868382453918457e+00
3.896235227584838867e-01
6.422611474990844727e-01
3.697689771652221680e-01
4.933418035507202148e-01
3.515933752059936523e-01
7.763032913208007812e-01
7.763016223907470703e-01
9.935289621353149414e-01
7.763032913208007812e-01
3.949915170669555664e-01
5.012046098709106445e-01
-2.642869949340820312e-03
6.280922889709472656e-02
1.664389371871948242e-01
7.759853601455688477e-01
7.763049602508544922e-01
7.081363201141357422e-01
7.701584100723266602e-01
7.079087495803833008e-01
5.042723417282104492e-01
7.763047218322753906e-01
7.280874252319335938e-01
7.763049602508544922e-01
7.763049602508544922e-01
7.763049602508544922e-01
7.193816900253295898e-01
7.193876504898071289e-01
7.193876504898071289e-01
7.193876504898071289e-01
1.702907085418701172e-01
4.733805656433105469e-01
1.146544218063354492e-01
4.033546447753906250e-01
9.298636913299560547e-01
9.298636913299560547e-01
9.298636913299560547e-01
9.298636913299560547e-01
9.298636913299560547e-01
7.241436243057250977e-01
9.298636913299560547e-01
9.270209074020385742e-01
8.987169265747070312e-01
9.298636913299560547e-01
9.298636913299560547e-01
9.298636913299560547e-01
9.298636913299560547e-01
9.298636913299560547e-01
9.298413991928100586e-01
9.298636913299560547e-01
1.028913617134094238e+00
1.018994927406311035e+00
1.381293416023254395e+00
6.745532751083374023e-01
2.517195701599121094e+00
2.454102516174316406e+00
5.923632383346557617e-01
2.810881137847900391e-01
3.529123067855834961e-01
3.318029642105102539e-01
4.382935762405395508e-01
1.811097860336303711e-01
8.121359348297119141e-02
8.223054409027099609e-01
-2.896258831024169922e-01
-1.060003042221069336e-01
-5.789070725440979004e-01
1.691783666610717773e-01
-1.324087381362915039e-02
7.922214269638061523e-01
4.016801357269287109e+00
4.537951946258544922e+00
1.801174283027648926e+00
7.875889539718627930e-01
3.099820613861083984e+00
3.283868789672851562e+00
2.119507312774658203e+00
4.329555034637451172e+00
3.382422924041748047e+00
2.796274662017822266e+00
3.266097307205200195e-01
3.327670574188232422e+00
3.016379356384277344e+00
2.161051273345947266e+00
3.308052539825439453e+00
2.591370105743408203e+00
1.989716172218322754e+00
2.229187488555908203e+00
1.853405117988586426e+00
3.390143871307373047e+00
1.952933192253112793e+00
1.378328680992126465e+00
2.734502315521240234e+00
3.482847690582275391e+00
3.855536460876464844e+00
1.374837756156921387e+00
9.362205266952514648e-01
-4.994698762893676758e-01
6.022419929504394531e-01
-6.401974678039550781e+00
-1.682431459426879883e+00
-1.769110918045043945e+00
-1.485142707824707031e+00
-1.764577865600585938e+00
-1.775802373886108398e+00
-1.404201030731201172e+00
-1.522583961486816406e+00
-6.648417711257934570e-01
5.500804185867309570e-01
1.237172245979309082e+00
-2.605090141296386719e-01
-5.576465725898742676e-01
-3.738874197006225586e-02
-1.495017290115356445e+00
-1.603751420974731445e+00
-1.860634088516235352e+00
-7.441520690917968750e-01
-6.495361924171447754e-01
-1.864837408065795898e-01
-1.618778705596923828e-01
-1.619172096252441406e-01
-1.722032427787780762e-01
-7.156287431716918945e-01
-7.731997370719909668e-01
-7.732206583023071289e-01
-4.095805883407592773e-01
-4.948226213455200195e-01
-2.598648071289062500e-01
-4.682596325874328613e-01
-5.693364143371582031e-01
-6.112713813781738281e-01
-4.377577304840087891e-01
-1.192840814590454102e+00
-1.905718326568603516e+00
-1.950979113578796387e+00
3.663774728775024414e-01
2.018512487411499023e-01
6.604446172714233398e-01
-5.780652165412902832e-01
-4.931008219718933105e-01
1.049838542938232422e+00
1.557942628860473633e-01
-1.349782705307006836e+00
-1.287160873413085938e+00
-1.274608969688415527e+00
1.472958326339721680e-01
-1.488951444625854492e+00
