1.769683718681335449e+00
3.244143962860107422e+00
3.387271404266357422e+00
2.620206832885742188e+00
7.283795475959777832e-01
2.942709326744079590e-01
-1.961828023195266724e-02
4.659525156021118164e-01
6.281509399414062500e-01
2.394053339958190918e-01
7.043906450271606445e-01
1.522744417190551758e+00
1.735417366027832031e+00
1.789010524749755859e+00
8.814909309148788452e-02
-1.043553724884986877e-01
1.266929388046264648e+00
1.090198993682861328e+00
3.275129795074462891e-01
-3.139491975307464600e-01
-8.153533339500427246e-01
-3.717094659805297852e-01
-3.484345078468322754e-01
-3.130619823932647705e-01
-3.248118162155151367e-01
-3.289202451705932617e-01
-3.278895020484924316e-01
-3.252677917480468750e-01
-3.226583600044250488e-01
-3.337936997413635254e-01
-2.132492065429687500e-01
-2.367011904716491699e-01
-2.837126851081848145e-01
-3.011076748371124268e-01
-3.002813458442687988e-01
-5.793579816818237305e-01
1.394029259681701660e-01
-2.581203728914260864e-02
-2.106416523456573486e-01
-1.542088091373443604e-01
-2.655395567417144775e-01
-2.894278466701507568e-01
-2.949877977371215820e-01
-3.101429939270019531e-01
-3.272102475166320801e-01
-3.430439233779907227e-01
-3.588225841522216797e-01
-3.745550215244293213e-01
-3.901748657226562500e-01
-4.059684574604034424e-01
-4.221228957176208496e-01
-4.386572837829589844e-01
-4.556961655616760254e-01
-4.735118150711059570e-01
-4.914092421531677246e-01
-5.096513032913208008e-01
-5.282371044158935547e-01
-5.469976663589477539e-01
-5.658545494079589844e-01
-5.845527648925781250e-01
-6.030043363571166992e-01
-6.211204528808593750e-01
-6.388295888900756836e-01
-6.558640003204345703e-01
-6.728312969207763672e-01
-6.884047389030456543e-01
5.073418617248535156e-01
1.170248746871948242e+00
6.721987724304199219e-01
-6.523100137710571289e-01
-6.896157860755920410e-01
-6.611103415489196777e-01
-6.170727014541625977e-01
-5.786699652671813965e-01
-3.897606432437896729e-01
1.105380654335021973e+00
2.440038025379180908e-01
-6.765170097351074219e-01
1.098341584205627441e+00
8.189206123352050781e-01
3.907921910285949707e-01
1.754164695739746094e-01
-1.810897290706634521e-01
-8.908238410949707031e-01
-6.678974628448486328e-01
-5.501032620668411255e-02
2.611520290374755859e-01
-1.210473254323005676e-01
-6.770883798599243164e-01
-5.295135378837585449e-01
-7.791259884834289551e-01
-1.111999988555908203e+00
-1.253799200057983398e+00
-1.331126332283020020e+00
-1.385877370834350586e+00
-1.394279360771179199e+00
-1.333015084266662598e+00
-1.377953648567199707e+00
-4.155851900577545166e-03
3.207128047943115234e-01
1.084393978118896484e+00
-1.487064361572265625e-01
-6.510838270187377930e-01
2.018756568431854248e-01
-6.069965362548828125e-01
-6.932711601257324219e-01
-5.599025487899780273e-01
-5.413258671760559082e-01
-6.739679574966430664e-01
-5.107861757278442383e-01
-3.571311235427856445e-01
-6.042391657829284668e-01
-6.543094515800476074e-01
-5.860014557838439941e-01
-5.511294007301330566e-01
-5.284754037857055664e-01
-5.071622133255004883e-01
-4.876849949359893799e-01
-4.699920713901519775e-01
-4.539940953254699707e-01
-4.394820630550384521e-01
-4.261995553970336914e-01
-4.138299822807312012e-01
-4.020918309688568115e-01
-3.905735611915588379e-01
-3.789606392383575439e-01
-3.670632839202880859e-01
-3.547953665256500244e-01
-3.420825302600860596e-01
-3.286708593368530273e-01
-3.144611418247222900e-01
-2.986177504062652588e-01
-2.809706032276153564e-01
-2.547343075275421143e-01
-2.152650654315948486e-01
-1.487103104591369629e-01
-8.288003504276275635e-03
3.078049123287200928e-01
3.158286213874816895e-01
1.419586539268493652e-01
-9.297541528940200806e-02
-1.829606294631958008e-01
2.855052351951599121e-01
3.326737284660339355e-01
1.939219236373901367e-01
4.684760868549346924e-01
-4.102985262870788574e-01
-1.262591123580932617e+00
-1.928615212440490723e+00
-2.872002124786376953e+00
-3.220333099365234375e+00
-2.797888278961181641e+00
-1.441551446914672852e+00
-2.712635755538940430e+00
-1.997351646423339844e+00
-2.206885099411010742e+00
-2.360248565673828125e+00
-2.307897090911865234e+00
-2.024680852890014648e+00
-1.847502470016479492e+00
-1.684949636459350586e+00
-1.422404885292053223e+00
-1.461108565330505371e+00
-1.854333400726318359e+00
-1.666641950607299805e+00
-1.772834300994873047e+00
-2.037431478500366211e+00
-1.867829084396362305e+00
-2.140467643737792969e+00
-2.346095800399780273e+00
-8.477894067764282227e-01
-7.238535284996032715e-01
-8.862542510032653809e-01
-8.460366725921630859e-01
-2.124905586242675781e+00
-2.313126087188720703e+00
-2.177745819091796875e+00
-1.307580947875976562e+00
-2.169069528579711914e+00
-1.470074772834777832e+00
-8.634504079818725586e-01
-6.298519372940063477e-01
-1.553230881690979004e-01
-3.863740265369415283e-01
-6.106944084167480469e-01
-5.593779087066650391e-01
-4.331480860710144043e-01
1.747709512710571289e-01
-6.101885437965393066e-01
2.224158048629760742e-01
-4.019917249679565430e-01
-5.150370597839355469e-01
-1.461572349071502686e-01
-1.032096520066261292e-01
4.559435248374938965e-01
6.852878332138061523e-01
5.371944904327392578e-01
6.723462790250778198e-02
-5.868517160415649414e-01
1.214404463768005371e+00
-1.966928690671920776e-02
-7.808411717414855957e-01
8.145302534103393555e-01
1.311209797859191895e+00
-3.744324296712875366e-02
-1.632503747940063477e+00
-1.141327142715454102e+00
-2.358856201171875000e+00
-1.353538990020751953e+00
-1.665250182151794434e+00
-2.662250518798828125e+00
-2.402199029922485352e+00
-1.846799373626708984e+00
-4.997290372848510742e-01
-2.071363925933837891e-01
-1.636493206024169922e-01
6.049427986145019531e-01
-1.862021088600158691e-01
-1.945732831954956055e-01
-1.401116609573364258e+00
6.901481151580810547e-01
-8.199224472045898438e-01
-5.252257585525512695e-01
-8.193584680557250977e-01
-1.322200298309326172e+00
-2.068006396293640137e-01
-7.479184865951538086e-01
-6.856224536895751953e-01
-5.826497077941894531e-01
-8.884879946708679199e-01
-6.627925634384155273e-01
-3.476420044898986816e-01
-1.253352165222167969e-01
-8.282355070114135742e-01
-1.158436179161071777e+00
-2.682185173034667969e-01
-7.533428668975830078e-01
-6.346269845962524414e-01
-6.908577084541320801e-01
2.604027390480041504e-01
1.114967986941337585e-01
3.402067422866821289e-01
5.056758522987365723e-01
6.120749711990356445e-01
3.986608982086181641e-01
-1.477985978126525879e-01
9.838389605283737183e-02
3.159513175487518311e-01
6.194602847099304199e-01
6.643788814544677734e-01
5.530048608779907227e-01
1.338827371597290039e+00
1.627917289733886719e+00
1.690063714981079102e+00
1.445323228836059570e+00
1.269906044006347656e+00
1.208363533020019531e+00
1.158208250999450684e+00
3.884485960006713867e-01
-7.288557887077331543e-01
-1.041227102279663086e+00
-9.166241884231567383e-01
-1.586186528205871582e+00
-8.294615745544433594e-01
-1.234289526939392090e+00
-1.453415751457214355e+00
-1.559401035308837891e+00
-2.289374589920043945e+00
-1.584709167480468750e+00
-1.654878258705139160e+00
-2.220944881439208984e+00
-2.544085025787353516e+00
-2.642379522323608398e+00
-2.292387485504150391e+00
-2.257341384887695312e+00
-1.978437185287475586e+00
-1.029083251953125000e+00
-2.556557357311248779e-01
-7.463582754135131836e-01
-8.360847234725952148e-01
-6.568383574485778809e-01
4.159640520811080933e-02
9.762200117111206055e-01
1.054093241691589355e+00
4.933570623397827148e-01
-7.820032238960266113e-01
-1.363709688186645508e+00
-1.316823601722717285e+00
-1.143813848495483398e+00
-1.001575112342834473e+00
-9.299263954162597656e-01
-6.505193710327148438e-01
1.152272343635559082e+00
8.600764721632003784e-02
-2.350600957870483398e-01
-1.889153718948364258e-01
-1.062717512249946594e-01
-1.447355747222900391e-01
1.255104064941406250e+00
3.360203504562377930e-01
-3.801472187042236328e-01
-7.095003128051757812e-01
4.406252503395080566e-01
8.968538045883178711e-01
6.854473948478698730e-01
1.057884216308593750e+00
7.629218697547912598e-01
1.823282837867736816e+00
4.178697466850280762e-01
4.567108154296875000e-01
1.228259921073913574e+00
6.454858779907226562e-01
-2.623133957386016846e-01
1.140011787414550781e+00
1.304986953735351562e+00
7.057237625122070312e-01
6.836720556020736694e-02
-4.134671986103057861e-01
-9.147447347640991211e-01
-1.176410913467407227e+00
-8.169380426406860352e-01
-5.033328533172607422e-01
-1.910674571990966797e-01
-1.095285654067993164e+00
-8.361256122589111328e-01
3.185893297195434570e-01
8.114106655120849609e-01
-6.793817281723022461e-01
8.953406810760498047e-01
6.737741827964782715e-01
-7.058914303779602051e-01
-8.662297129631042480e-01
1.199939966201782227e+00
4.271478056907653809e-01
2.339125871658325195e-01
1.602610945701599121e-01
2.129297256469726562e-01
2.792458981275558472e-02
-9.094217419624328613e-01
-6.591475605964660645e-01
-6.783274412155151367e-01
-2.412620782852172852e-01
-8.089316636323928833e-02
-9.475395679473876953e-01
-2.036276340484619141e+00
-1.215870976448059082e+00
-7.991932630538940430e-01
-1.643354415893554688e+00
-1.899787664413452148e+00
-7.042743563652038574e-01
-5.945523977279663086e-01
-8.931019306182861328e-01
-3.278179764747619629e-01
-1.083599701523780823e-01
-5.005034059286117554e-02
7.542417645454406738e-01
-5.176020413637161255e-02
-4.783932566642761230e-01
-5.386153459548950195e-01
-5.006110668182373047e-01
-8.240869045257568359e-01
-1.462055802345275879e+00
-1.890947818756103516e+00
-1.589135169982910156e+00
-9.166609048843383789e-01
-2.116647362709045410e-01
6.263825893402099609e-01
-5.766706466674804688e-01
-9.250023365020751953e-01
-8.069415092468261719e-01
-4.789941608905792236e-01
-1.308012753725051880e-02
-3.373894691467285156e-01
-5.749796032905578613e-01
-6.436628103256225586e-01
3.322803378105163574e-01
4.237668961286544800e-02
-3.899281322956085205e-01
-2.319901585578918457e-01
-2.816482186317443848e-01
-4.774372279644012451e-01
-7.256448268890380859e-01
-7.328747510910034180e-01
-7.142752408981323242e-01
-8.502989411354064941e-01
-9.074837565422058105e-01
-1.016949892044067383e+00
-9.645107984542846680e-01
-3.087478280067443848e-01
-5.794116258621215820e-01
-1.126226305961608887e+00
-1.172639846801757812e+00
-3.309504091739654541e-01
-8.375174552202224731e-02
-4.476105272769927979e-01
1.949149966239929199e-01
1.652620434761047363e-01
1.548659801483154297e-01
-2.136345803737640381e-01
-5.377343297004699707e-01
-5.745795965194702148e-01
-8.990368843078613281e-01
-7.928338646888732910e-01
-5.922018885612487793e-01
-7.309353947639465332e-01
-2.093803882598876953e-01
1.529525637626647949e+00
1.794781446456909180e+00
1.552004098892211914e+00
-8.265216350555419922e-01
-1.555964469909667969e+00
-1.763244032859802246e+00
-1.464420199394226074e+00
-1.039332866668701172e+00
-8.733715415000915527e-01
-1.105539083480834961e+00
-1.419715404510498047e+00
-1.560212016105651855e+00
-1.745697975158691406e+00
-1.579261898994445801e+00
-1.294676661491394043e+00
-1.115531399846076965e-01
-8.317328244447708130e-02
8.478003740310668945e-01
1.485598087310791016e+00
-3.258798271417617798e-02
-8.399593234062194824e-01
-1.289570689201354980e+00
-5.869008302688598633e-01
-2.284962534904479980e-01
-8.569777607917785645e-01
-8.976986408233642578e-01
-6.896761059761047363e-01
-6.635283231735229492e-01
-7.517421245574951172e-01
-7.614858150482177734e-01
-7.461374998092651367e-01
-9.627083539962768555e-01
-1.067099928855895996e+00
-9.280700683593750000e-01
-6.793895959854125977e-01
-4.133530259132385254e-01
-8.783710002899169922e-01
-1.322337865829467773e+00
-1.032363653182983398e+00
-1.001966238021850586e+00
-1.096929907798767090e+00
-1.129179358482360840e+00
-9.502042531967163086e-01
-4.495563805103302002e-01
-1.145520567893981934e+00
-1.278868913650512695e+00
-5.410406589508056641e-01
1.047920465469360352e+00
2.040534466505050659e-02
-5.328433513641357422e-01
-9.607978165149688721e-03
-5.546758770942687988e-01
-9.334936141967773438e-01
-8.551707863807678223e-01
-8.252448588609695435e-02
-3.341825604438781738e-01
-3.760204315185546875e-01
-1.182767525315284729e-01
-6.029597669839859009e-02
-3.218052983283996582e-01
-5.466243028640747070e-01
-8.477039337158203125e-01
-3.760733306407928467e-01
-2.079634666442871094e-01
-5.107505321502685547e-01
-1.079882740974426270e+00
-1.297374486923217773e+00
-1.393408894538879395e+00
-1.445622920989990234e+00
-1.454237222671508789e+00
-1.443628668785095215e+00
-5.303978919982910156e-01
5.635900497436523438e-01
1.181833744049072266e+00
1.458393931388854980e+00
1.772765517234802246e+00
1.914363384246826172e+00
1.645026922225952148e+00
1.288945198059082031e+00
1.242447137832641602e+00
1.117280244827270508e+00
8.751111626625061035e-01
7.872645854949951172e-01
6.615039706230163574e-01
6.243760585784912109e-01
7.294644713401794434e-01
1.248020648956298828e+00
8.945380449295043945e-01
1.273815035820007324e-01
4.602935314178466797e-01
6.030622124671936035e-01
-1.865934729576110840e-01
-1.754021286964416504e+00
-3.123375177383422852e+00
-3.461094856262207031e+00
-2.465730190277099609e+00
-9.328307509422302246e-01
9.600403308868408203e-01
-4.426871538162231445e-01
-1.270108461380004883e+00
-3.253544121980667114e-02
-1.621876597404479980e+00
-1.760593414306640625e+00
-1.002316713333129883e+00
-8.656898140907287598e-01
-1.334143877029418945e-01
1.104571819305419922e+00
1.591503381729125977e+00
1.560975313186645508e+00
1.281371831893920898e+00
-3.778793215751647949e-01
-1.245332717895507812e+00
-1.295484423637390137e+00
-1.262135148048400879e+00
8.177586793899536133e-01
5.292742252349853516e-01
1.390788555145263672e-01
-1.500940620899200439e-01
-1.021582007408142090e+00
1.028871774673461914e+00
-9.952808022499084473e-01
-1.525508612394332886e-02
-3.718526959419250488e-01
-6.324510574340820312e-01
-5.254151821136474609e-01
2.272464632987976074e-01
-1.723703145980834961e-01
1.687319576740264893e-01
5.730482190847396851e-02
3.069991767406463623e-01
-7.342987060546875000e-01
1.352126717567443848e+00
-8.382511734962463379e-01
3.998922705650329590e-01
1.478276491165161133e+00
2.787797451019287109e-01
-2.305216789245605469e-01
-4.308169484138488770e-01
1.140460371971130371e-04
2.288206219673156738e-01
3.535774946212768555e-01
3.882605433464050293e-01
3.654866516590118408e-01
2.926148474216461182e-01
3.562402427196502686e-01
5.634667277336120605e-01
2.373119443655014038e-02
6.076639890670776367e-01
1.794682443141937256e-01
1.117326840758323669e-01
3.958582580089569092e-01
1.284438669681549072e-01
2.050959318876266479e-02
-8.454311490058898926e-01
-8.485113382339477539e-01
-1.003282189369201660e+00
-1.234752655029296875e+00
-1.447731494903564453e+00
-1.602751851081848145e+00
-1.495012044906616211e+00
-7.097040414810180664e-01
-1.970566809177398682e-01
-6.375418901443481445e-01
-9.829502701759338379e-01
-1.172637224197387695e+00
-9.182784557342529297e-01
-6.877838373184204102e-01
-5.499227643013000488e-01
-8.375245332717895508e-01
-5.770021677017211914e-01
-6.384482383728027344e-01
-4.813564568758010864e-02
2.996394634246826172e-01
2.470585703849792480e-01
3.660961985588073730e-01
-1.496474742889404297e-01
-2.856487631797790527e-01
1.008591890335083008e+00
3.718396276235580444e-02
-2.272262096405029297e+00
-2.044950485229492188e+00
-1.294680118560791016e+00
-2.520888745784759521e-01
-6.176998615264892578e-01
-1.221840381622314453e+00
-1.086781144142150879e+00
-9.388740062713623047e-01
-8.737537264823913574e-01
-4.489887356758117676e-01
-4.951329827308654785e-01
-4.296728372573852539e-01
-3.662838935852050781e-01
-3.041047453880310059e-01
-2.539677619934082031e-01
-2.582757472991943359e-01
-3.242635726928710938e-01
-4.952599406242370605e-01
6.986194252967834473e-01
9.755258560180664062e-01
1.265057802200317383e+00
8.254723548889160156e-01
2.558373212814331055e-01
-3.209894597530364990e-01
-6.636116504669189453e-01
-8.138985633850097656e-01
-8.301166892051696777e-01
-7.729778885841369629e-01
-8.506801128387451172e-01
-2.103897809982299805e+00
-2.034811019897460938e+00
-1.454141378402709961e+00
-9.978609681129455566e-01
-9.757047295570373535e-01
-1.690713882446289062e+00
-1.950617074966430664e+00
-1.273000955581665039e+00
-4.001681208610534668e-01
-5.389234423637390137e-01
-2.667050361633300781e-01
1.287288665771484375e-01
8.684447407722473145e-01
1.525804042816162109e+00
2.201433181762695312e+00
2.095488548278808594e+00
1.803559064865112305e+00
9.355742931365966797e-01
6.431717872619628906e-01
8.776210993528366089e-02
1.665903329849243164e+00
3.443853557109832764e-01
1.428883075714111328e-01
1.039582967758178711e+00
-6.016611456871032715e-01
-1.265293002128601074e+00
-1.160323739051818848e+00
-5.358473658561706543e-01
-1.450750827789306641e-01
-1.589122712612152100e-01
-2.938674688339233398e-01
-4.605107903480529785e-01
-7.851027250289916992e-01
-8.784165382385253906e-01
-1.195253968238830566e+00
-1.033970713615417480e+00
-6.858446598052978516e-01
2.205646634101867676e-01
1.409499645233154297e-01
1.175528094172477722e-01
-1.539740562438964844e-01
5.418630838394165039e-01
9.768926352262496948e-02
-1.053962782025337219e-01
5.618911236524581909e-02
1.336916089057922363e-01
-8.928956985473632812e-01
-8.838714361190795898e-01
-7.780647873878479004e-01
-3.669729828834533691e-01
-3.456646203994750977e-01
4.404298961162567139e-03
8.423709124326705933e-02
6.235777586698532104e-02
-2.062206864356994629e-01
9.176470339298248291e-03
6.246607899665832520e-01
3.040690720081329346e-01
5.191269516944885254e-01
6.522808670997619629e-01
1.026145696640014648e+00
-9.780073910951614380e-02
-2.786510586738586426e-01
-2.569053769111633301e-01
-1.940296292304992676e-01
-3.374708443880081177e-02
2.950418591499328613e-01
-1.607625186443328857e-01
3.675453364849090576e-03
-9.716577827930450439e-03
1.095985695719718933e-01
1.080685108900070190e-02
-1.461406946182250977e-01
-2.213589549064636230e-01
-2.086089849472045898e-01
-1.602958440780639648e-01
-1.480027735233306885e-01
-1.576358675956726074e-01
-2.101747989654541016e-01
-2.579194605350494385e-01
-1.990979909896850586e-01
-1.577545404434204102e-01
-4.126293063163757324e-01
-1.254568994045257568e-01
-3.391488194465637207e-01
-3.555884063243865967e-01
-3.418840765953063965e-01
-3.149156272411346436e-01
-7.822576910257339478e-02
-8.841992169618606567e-02
-4.186121374368667603e-02
-1.248531416058540344e-01
-1.198464989662170410e+00
-6.453478336334228516e-01
-1.173603892326354980e+00
-1.302926898002624512e+00
-1.266943573951721191e+00
-1.237913727760314941e+00
-1.245985627174377441e+00
-1.313378453254699707e+00
-1.551943302154541016e+00
-1.919882416725158691e+00
-2.001697301864624023e+00
-1.832892656326293945e+00
-1.409629583358764648e+00
3.077932596206665039e-01
1.963157176971435547e+00
2.755411863327026367e+00
2.941307067871093750e+00
2.940484523773193359e+00
2.895030498504638672e+00
6.991342902183532715e-01
-2.744928002357482910e-01
2.184430956840515137e-01
6.897323727607727051e-01
8.850715756416320801e-01
8.757066130638122559e-01
2.355036735534667969e+00
2.702484130859375000e+00
2.598238945007324219e+00
1.438969850540161133e+00
1.857141971588134766e+00
1.960764408111572266e+00
2.352113246917724609e+00
2.185777187347412109e+00
2.499381303787231445e+00
3.806178092956542969e+00
3.121882915496826172e+00
3.049221038818359375e+00
2.694958209991455078e+00
2.491010665893554688e+00
9.281943440437316895e-01
-2.003094553947448730e-01
2.523583173751831055e-01
3.236905336380004883e-01
8.551584929227828979e-02
9.429907053709030151e-02
6.669008135795593262e-01
1.740803718566894531e+00
2.488104820251464844e+00
2.490325927734375000e+00
2.279370307922363281e+00
1.910617113113403320e+00
1.549108386039733887e+00
1.616242885589599609e+00
1.700883865356445312e+00
1.124650478363037109e+00
8.053002357482910156e-01
9.236351251602172852e-01
1.051027536392211914e+00
3.712702989578247070e-01
1.893192529678344727e-01
-1.230296567082405090e-01
-2.817856073379516602e-01
1.489598989486694336e+00
3.075208187103271484e+00
3.275982379913330078e+00
3.196932792663574219e+00
3.343400478363037109e+00
3.555023193359375000e+00
3.139141082763671875e+00
3.911441326141357422e+00
3.766740798950195312e+00
2.634986400604248047e+00
3.006694793701171875e+00
3.521837472915649414e+00
2.521589517593383789e+00
1.901551604270935059e+00
1.706808805465698242e+00
1.702270030975341797e+00
2.362964749336242676e-01
4.890413880348205566e-01
-6.312094926834106445e-01
1.579904556274414062e-01
-4.353494048118591309e-01
-1.621522307395935059e-01
-2.171466350555419922e-01
-2.643433809280395508e-01
2.606659382581710815e-02
2.384849786758422852e-01
-1.111572459340095520e-01
9.593762159347534180e-01
1.397733569145202637e+00
1.330499887466430664e+00
-1.998440027236938477e-01
-3.729890584945678711e-01
3.295782804489135742e-01
-4.714056849479675293e-01
-9.926458597183227539e-01
-6.588376164436340332e-01
3.454788029193878174e-01
-8.435234427452087402e-01
-1.172354698181152344e+00
-6.582922935485839844e-01
-8.749594092369079590e-01
-6.982395648956298828e-01
-1.011827707290649414e+00
-7.251251488924026489e-02
2.439293861389160156e-01
4.389282464981079102e-01
6.342611312866210938e-01
1.037512943148612976e-01
-2.439327538013458252e-01
6.636822819709777832e-01
1.395618319511413574e+00
5.432333350181579590e-01
-7.298675775527954102e-01
-4.811990261077880859e-01
-3.990807533264160156e-01
-5.638492107391357422e-01
4.127986133098602295e-01
1.586002111434936523e+00
1.278709173202514648e+00
9.484322667121887207e-01
7.476337552070617676e-01
5.732894539833068848e-01
2.140234410762786865e-01
-3.867703974246978760e-01
-4.715856015682220459e-01
2.542277574539184570e-01
1.011719107627868652e+00
1.052990198135375977e+00
1.550823092460632324e+00
2.719723939895629883e+00
2.727382421493530273e+00
2.794523239135742188e+00
1.785095334053039551e+00
1.452733159065246582e+00
1.307089447975158691e+00
1.715799450874328613e+00
1.057831570506095886e-01
-1.560080409049987793e+00
-1.790928363800048828e+00
-1.155861973762512207e+00
-1.239583730697631836e+00
-1.155233025550842285e+00
-6.676616668701171875e-01
5.066205263137817383e-01
-3.071465492248535156e-01
-1.232536673545837402e+00
-8.398498892784118652e-01
-2.091958224773406982e-01
1.203782483935356140e-01
7.428704947233200073e-02
1.952999085187911987e-02
-1.761568188667297363e-01
-1.540607213973999023e-01
4.717741012573242188e-01
1.049341678619384766e+00
2.933979332447052002e-01
-2.374831914901733398e+00
-2.021297454833984375e+00
-1.754224061965942383e+00
-8.909694552421569824e-01
-3.861536979675292969e-01
-6.640037298202514648e-01
-1.012469768524169922e+00
-3.115736246109008789e-01
-8.447175621986389160e-01
-6.749604940414428711e-01
-7.357776165008544922e-01
-2.568709254264831543e-01
-2.539778947830200195e-01
-7.701522856950759888e-02
1.830433011054992676e-01
-1.565680503845214844e-01
-1.880396157503128052e-02
7.611910700798034668e-01
1.659604072570800781e+00
9.724188446998596191e-01
1.988359928131103516e+00
1.180501937866210938e+00
2.120952904224395752e-01
-5.157580971717834473e-01
-1.017359271645545959e-01
-2.594044208526611328e-01
-1.515862345695495605e-01
1.523459196090698242e+00
2.440516233444213867e+00
1.421135425567626953e+00
-1.753570437431335449e-01
2.421434968709945679e-02
6.876509636640548706e-02
8.228437900543212891e-01
1.779778242111206055e+00
9.532399177551269531e-01
2.497634887695312500e-01
8.710201829671859741e-02
7.092232108116149902e-01
-3.763960301876068115e-01
8.561081886291503906e-01
1.356063246726989746e+00
1.570516586303710938e+00
1.471914649009704590e+00
1.632669568061828613e+00
1.380612850189208984e+00
-8.037381768226623535e-01
-1.390008330345153809e+00
-2.771530151367187500e-01
5.905526876449584961e-01
8.177822083234786987e-02
-3.158855438232421875e-01
-3.148906230926513672e-01
-1.370665073394775391e+00
-1.525266766548156738e+00
-6.681242585182189941e-01
4.439299553632736206e-02
-9.103666543960571289e-01
-1.155676007270812988e+00
-5.906401276588439941e-01
5.038668960332870483e-02
-3.545222878456115723e-01
-8.413691073656082153e-02
2.331709265708923340e-01
1.164841577410697937e-01
-2.476780414581298828e-01
2.722524404525756836e-01
-1.528114676475524902e-01
-1.695903539657592773e-01
-3.420060873031616211e-01
-2.181094884872436523e-01
-1.525180339813232422e-01
-5.534812211990356445e-01
1.608760952949523926e-01
-2.888863980770111084e-01
-6.205574274063110352e-01
-6.259002685546875000e-01
-9.136826545000076294e-02
-6.006354838609695435e-02
-5.272880792617797852e-01
-6.326529979705810547e-01
-6.762338876724243164e-01
-6.954216361045837402e-01
-7.592414617538452148e-01
-8.236824870109558105e-01
-4.647731184959411621e-01
-1.769309937953948975e-01
-4.134580194950103760e-01
1.230349466204643250e-01
1.333855509757995605e+00
-5.061347484588623047e-01
4.878782480955123901e-02
-1.608129441738128662e-01
-1.382467895746231079e-02
-3.460614085197448730e-01
-4.864290356636047363e-01
-5.479502677917480469e-01
-6.151487827301025391e-01
-6.739301681518554688e-01
-1.237644195556640625e+00
-3.365126848220825195e-01
1.444538682699203491e-02
-4.209198951721191406e-01
-6.463936567306518555e-01
-2.684422731399536133e-01
-2.474312186241149902e-01
-3.728367686271667480e-01
4.774714708328247070e-01
1.795964002609252930e+00
3.391167521476745605e-01
-3.757020831108093262e-01
-2.463729977607727051e-01
1.863601207733154297e-01
7.941537499427795410e-01
1.587525367736816406e+00
1.948479771614074707e+00
1.838871240615844727e+00
1.556620717048645020e+00
1.216140508651733398e+00
7.120946645736694336e-01
-6.669677048921585083e-02
-5.002991557121276855e-01
-2.022653102874755859e+00
-2.744662761688232422e+00
-2.806465148925781250e+00
-3.660535573959350586e+00
-3.816872835159301758e+00
-3.322779178619384766e+00
-2.962663173675537109e+00
-2.841243505477905273e+00
-2.784285545349121094e+00
-2.736727714538574219e+00
-2.715208292007446289e+00
-2.757700920104980469e+00
-2.941076755523681641e+00
-3.180511951446533203e+00
-3.093666315078735352e+00
-2.431360721588134766e+00
-1.494967579841613770e+00
-2.485410273075103760e-01
-3.631908297538757324e-01
-2.163918018341064453e-01
1.768934726715087891e-01
-3.997429013252258301e-01
8.693721145391464233e-02
1.081945657730102539e+00
1.323411226272583008e+00
1.124048113822937012e+00
9.775922894477844238e-01
4.027526378631591797e-01
4.830550402402877808e-02
-1.180719211697578430e-01
1.970057487487792969e+00
2.391761779785156250e+00
2.356660366058349609e+00
2.005827903747558594e+00
1.458563327789306641e+00
2.733982801437377930e-01
2.783844470977783203e-01
1.297485232353210449e-01
6.013840436935424805e-01
5.211304873228073120e-02
-1.594810187816619873e-01
-6.170226931571960449e-01
-2.738558053970336914e-01
2.782002687454223633e-01
2.102153301239013672e-01
3.249733150005340576e-01
2.596506476402282715e-01
7.129781842231750488e-01
1.508804798126220703e+00
1.204537391662597656e+00
1.458038449287414551e+00
2.202080011367797852e+00
3.111293017864227295e-01
1.907635331153869629e-01
7.386394739151000977e-01
1.258652806282043457e+00
9.896695613861083984e-01
-8.273991346359252930e-01
-8.647567033767700195e-01
-4.331581592559814453e-01
3.788740634918212891e-01
6.329234838485717773e-01
3.798820972442626953e-01
-8.392686396837234497e-02
6.463838219642639160e-01
4.095848500728607178e-01
8.328985422849655151e-02
5.752129554748535156e-01
6.864194869995117188e-01
1.639816164970397949e-01
-1.148210242390632629e-01
4.669361561536788940e-02
3.218626230955123901e-02
3.074807524681091309e-01
1.297422170639038086e+00
-3.361038118600845337e-02
-8.753508925437927246e-01
-6.905438899993896484e-01
2.319758236408233643e-01
1.372017741203308105e+00
1.060647249221801758e+00
5.297675132751464844e-01
1.835504770278930664e-01
1.651292294263839722e-02
7.548937201499938965e-01
9.897524714469909668e-01
1.202693805098533630e-01
-2.718499898910522461e-01
1.059275150299072266e+00
5.056416392326354980e-01
2.814972400665283203e-01
3.317669928073883057e-01
2.839533984661102295e-01
3.231029510498046875e-01
6.014742255210876465e-01
7.344938516616821289e-01
1.144044622778892517e-01
3.868508636951446533e-01
3.252310454845428467e-01
3.988069593906402588e-01
3.552412986755371094e-01
1.296041011810302734e-01
1.134150475263595581e-02
-5.878815799951553345e-02
-3.449792414903640747e-02
8.468955010175704956e-02
5.637686699628829956e-02
1.317954659461975098e-01
1.355545043945312500e+00
2.107620954513549805e+00
4.560588598251342773e-01
1.815609633922576904e-01
-1.136267662048339844e+00
-1.175400733947753906e+00
-1.425301313400268555e+00
-9.092743396759033203e-01
-5.223852396011352539e-01
1.332404017448425293e+00
9.311551451683044434e-01
2.800309658050537109e-01
-2.304501831531524658e-03
1.197159528732299805e+00
-4.189229607582092285e-01
-1.002073168754577637e+00
-7.777575850486755371e-01
-6.258638501167297363e-01
-6.912530660629272461e-01
-4.835022687911987305e-01
-7.249823808670043945e-01
-6.956180334091186523e-01
3.492041677236557007e-02
-3.914091736078262329e-02
-6.171132326126098633e-01
-5.301823019981384277e-01
-9.359502792358398438e-01
-1.180950164794921875e+00
-1.112447261810302734e+00
-1.018658638000488281e+00
-9.693032503128051758e-01
-4.854826629161834717e-01
-6.720932722091674805e-01
-9.455661177635192871e-01
-1.063828349113464355e+00
-1.019686341285705566e+00
-1.082883358001708984e+00
1.422650218009948730e-01
-6.388647556304931641e-01
-2.175790548324584961e+00
-1.949964761734008789e+00
-1.220839500427246094e+00
-9.375556111335754395e-01
-1.706218004226684570e+00
-1.502886772155761719e+00
-1.092504143714904785e+00
-3.268641829490661621e-01
-4.396709203720092773e-01
-6.278262138366699219e-01
-5.223941206932067871e-01
2.927824258804321289e-01
1.762434720993041992e+00
2.990407943725585938e+00
3.357840061187744141e+00
3.374676704406738281e+00
5.261550545692443848e-01
-6.034362912178039551e-01
-6.208568215370178223e-01
-1.000620797276496887e-01
3.948018848896026611e-01
8.644801378250122070e-01
5.759616941213607788e-02
-9.925236105918884277e-01
-1.495322704315185547e+00
-5.732088685035705566e-01
3.155325055122375488e-01
-4.620351493358612061e-01
-8.836461305618286133e-01
-4.481203556060791016e-01
-2.688278257846832275e-01
2.691088914871215820e-01
-5.643001943826675415e-02
-5.005562901496887207e-01
-7.980175316333770752e-03
-9.882261157035827637e-01
-5.276288390159606934e-01
1.370258450508117676e+00
1.895812153816223145e+00
1.687908291816711426e+00
5.878530144691467285e-01
9.791166782379150391e-01
2.018355578184127808e-02
4.472674727439880371e-01
2.019646167755126953e+00
1.970971941947937012e+00
2.908078134059906006e-01
3.049924075603485107e-01
8.955068588256835938e-01
3.090219974517822266e+00
2.726840972900390625e+00
1.911900877952575684e+00
2.731571197509765625e+00
2.943816661834716797e+00
2.934393882751464844e+00
3.634445667266845703e+00
3.272875070571899414e+00
2.405766010284423828e+00
1.874939322471618652e+00
9.493502378463745117e-01
-4.416912198066711426e-01
1.033133491873741150e-01
1.060984849929809570e+00
1.449796438217163086e+00
1.408944845199584961e+00
1.689637184143066406e+00
3.875185251235961914e-01
-5.997864007949829102e-01
-1.117369174957275391e+00
-1.403037905693054199e+00
-5.047720670700073242e-01
-1.899151921272277832e+00
-1.465191960334777832e+00
-1.758811235427856445e+00
-7.338838577270507812e-01
-7.685635685920715332e-01
-6.432607769966125488e-01
8.739023655652999878e-02
4.893757104873657227e-01
4.266644716262817383e-01
1.974703669548034668e-01
8.193149417638778687e-02
2.332831025123596191e-01
-1.032070890069007874e-01
-9.067127704620361328e-01
-1.106859207153320312e+00
-8.221059441566467285e-01
-2.873630523681640625e-01
4.103550910949707031e-01
8.560900688171386719e-01
1.376713752746582031e+00
1.565692543983459473e+00
-1.835177540779113770e-01
-8.065909743309020996e-01
-1.799241304397583008e-01
1.726233005523681641e+00
1.111448884010314941e+00
1.372602939605712891e+00
5.333772897720336914e-01
2.226604461669921875e+00
1.714175343513488770e+00
8.951331377029418945e-01
5.719484686851501465e-01
5.937181711196899414e-01
9.480689764022827148e-01
2.508278787136077881e-01
2.402873337268829346e-01
3.658445477485656738e-01
2.204488515853881836e-01
2.466571331024169922e-01
2.864276766777038574e-01
1.165156885981559753e-01
2.169608324766159058e-02
1.662296950817108154e-01
1.477463245391845703e-01
2.954071015119552612e-02
2.057729065418243408e-01
9.909700602293014526e-02
6.255822628736495972e-02
4.160492867231369019e-02
8.158504217863082886e-02
1.056177541613578796e-01
1.111431643366813660e-01
9.280227869749069214e-02
6.046789139509201050e-02
2.450414746999740601e-02
-1.063931733369827271e-02
-4.287526756525039673e-02
-9.395674616098403931e-02
-8.005914837121963501e-02
-4.279751330614089966e-02
-5.438942462205886841e-02
-7.976112514734268188e-02
-1.328093111515045166e-01
-1.933878362178802490e-01
-2.487153410911560059e-01
-2.958585023880004883e-01
-2.845301330089569092e-01
-3.893139660358428955e-01
-3.957719802856445312e-01
-3.717931509017944336e-01
-3.733986318111419678e-01
-3.887496590614318848e-01
-4.107142686843872070e-01
-4.334770441055297852e-01
-4.547316730022430420e-01
-4.097447991371154785e-01
-3.601729571819305420e-01
-3.898265659809112549e-01
9.593328088521957397e-02
2.092661261558532715e-01
-1.054560616612434387e-01
2.545335292816162109e-01
-1.016474738717079163e-01
-9.466803818941116333e-02
-4.484636336565017700e-02
-1.759489774703979492e-01
-1.101263836026191711e-01
-6.211710721254348755e-02
6.167414039373397827e-02
1.623235940933227539e-01
4.397661387920379639e-01
6.196131706237792969e-01
7.021588087081909180e-01
7.299650311470031738e-01
4.413542747497558594e-01
-2.998592555522918701e-01
6.569715738296508789e-01
8.778227567672729492e-01
1.022934675216674805e+00
1.138601899147033691e+00
1.260938644409179688e+00
1.905888438224792480e+00
1.935395479202270508e+00
1.427790045738220215e+00
1.147960424423217773e+00
3.987101018428802490e-01
-1.260977387428283691e+00
-1.139802813529968262e+00
-1.196690320968627930e+00
-1.268531322479248047e+00
-2.540458679199218750e+00
-3.013252735137939453e+00
-2.513866424560546875e+00
-1.939450860023498535e+00
-1.452608346939086914e+00
-1.211455821990966797e+00
-1.046844840049743652e+00
-8.064656257629394531e-01
-6.162447333335876465e-01
-5.301955938339233398e-01
-1.223205804824829102e+00
-1.458712816238403320e+00
-1.205718398094177246e+00
-7.829471826553344727e-01
-2.311649024486541748e-01
-4.753915220499038696e-02
2.346346676349639893e-01
7.685676217079162598e-01
3.200959563255310059e-01
-4.604865908622741699e-01
-7.852410674095153809e-01
-4.640654027462005615e-01
-9.802681952714920044e-02
-3.759019672870635986e-01
-7.048935890197753906e-01
-7.209179997444152832e-01
-6.997039914131164551e-01
-1.654995679855346680e-01
-8.079306036233901978e-02
2.730116248130798340e-01
4.279814660549163818e-03
-2.023798972368240356e-02
2.520019710063934326e-01
1.092289015650749207e-01
2.533980458974838257e-02
-2.233178913593292236e-01
-1.599924087524414062e+00
-2.820168137550354004e-01
5.122889280319213867e-01
-1.233859434723854065e-01
-3.517488390207290649e-02
-2.752587795257568359e-01
-3.171006143093109131e-01
2.051305770874023438e-01
-6.241268664598464966e-02
-5.111463069915771484e-01
-6.429236531257629395e-01
-8.169921636581420898e-01
-8.030054569244384766e-01
-5.689957141876220703e-01
-5.188317298889160156e-01
-1.755207479000091553e-01
9.713493287563323975e-03
-3.683468699455261230e-01
-2.836059927940368652e-01
-3.265786170959472656e-01
-8.544390201568603516e-01
-7.098656892776489258e-01
8.763547986745834351e-02
-2.290379405021667480e-01
-1.352426528930664062e+00
-1.300962924957275391e+00
-1.307297468185424805e+00
-7.697261124849319458e-02
1.380639553070068359e+00
3.718658685684204102e-01
-9.590033888816833496e-01
-1.841898798942565918e+00
-9.097821116447448730e-01
3.046514689922332764e-01
6.759074926376342773e-01
-1.717680990695953369e-01
6.719648838043212891e-01
-2.423994541168212891e-01
-8.019744157791137695e-01
-6.440578103065490723e-01
-3.963645100593566895e-01
-7.245906591415405273e-01
-9.473993778228759766e-01
-2.986582815647125244e-01
-1.410457730293273926e+00
-1.704240083694458008e+00
-8.680711388587951660e-01
3.129664659500122070e-01
-4.583332687616348267e-02
-2.791070044040679932e-01
1.638266324996948242e+00
1.776993274688720703e-01
-2.688834071159362793e-01
-5.320802927017211914e-01
1.120917201042175293e+00
1.558361530303955078e+00
1.747128963470458984e+00
6.962649822235107422e-01
-2.183183670043945312e+00
-2.837006807327270508e+00
-2.766250371932983398e+00
-1.041346311569213867e+00
4.422918558120727539e-01
-1.101622939109802246e+00
-1.868774652481079102e+00
-1.597916841506958008e+00
-2.464246988296508789e+00
-2.883655548095703125e+00
-9.788594841957092285e-01
-9.520367383956909180e-01
-1.452107429504394531e-01
-5.296576619148254395e-01
-1.217016220092773438e+00
-5.899061560630798340e-01
5.302713513374328613e-01
3.969845771789550781e-01
3.902401924133300781e-01
1.926393508911132812e-01
1.295489072799682617e-01
2.131329774856567383e-01
1.169841215014457703e-01
7.903795689344406128e-02
3.213455080986022949e-01
4.778608679771423340e-01
4.373129010200500488e-01
4.458842277526855469e-01
4.890720844268798828e-01
5.358932018280029297e-01
3.710753917694091797e-01
-6.479459404945373535e-01
-8.630455732345581055e-01
-9.491869807243347168e-01
2.268707007169723511e-02
3.599175214767456055e-01
3.673462271690368652e-01
2.682408690452575684e-01
3.783383965492248535e-01
1.495904922485351562e-01
9.590910077095031738e-01
3.642083704471588135e-01
1.279581665992736816e+00
5.385369062423706055e-01
2.673660814762115479e-01
2.133277058601379395e-01
4.027866572141647339e-02
-3.845495730638504028e-02
-1.128317192196846008e-01
-2.003428339958190918e-01
1.283340096473693848e+00
2.619210481643676758e+00
2.780748367309570312e+00
1.086936831474304199e+00
-4.211942553520202637e-01
4.746191203594207764e-03
-3.501123934984207153e-02
1.100273251533508301e+00
3.105444908142089844e+00
3.191687107086181641e+00
2.914534091949462891e+00
2.160380363464355469e+00
4.157872200012207031e-01
1.493024230003356934e-01
3.513103723526000977e-01
4.627901315689086914e-01
7.101670503616333008e-01
3.183011054992675781e+00
2.811683654785156250e+00
1.010534644126892090e+00
1.056150674819946289e+00
1.116444349288940430e+00
9.740969538688659668e-01
9.532601833343505859e-01
1.881575226783752441e+00
3.718942165374755859e+00
4.220229148864746094e+00
3.385309457778930664e+00
2.270258426666259766e+00
1.440818071365356445e+00
1.859944105148315430e+00
1.027490735054016113e+00
6.616755127906799316e-01
7.399027347564697266e-01
3.053928613662719727e-01
2.777495980262756348e-01
3.708935976028442383e-01
4.586303234100341797e-01
5.289881825447082520e-01
5.850753784179687500e-01
6.321778297424316406e-01
1.233542203903198242e+00
6.457815170288085938e-01
1.344061255455017090e+00
9.109872579574584961e-01
6.170948743820190430e-01
1.209875941276550293e+00
8.487608432769775391e-01
7.611037492752075195e-01
7.773685455322265625e-01
7.471768260002136230e-01
7.528403997421264648e-01
1.215760588645935059e+00
1.781177759170532227e+00
1.645129084587097168e+00
1.258738160133361816e+00
1.238152742385864258e+00
1.352950096130371094e+00
1.328156352043151855e+00
1.202031135559082031e+00
1.104933261871337891e+00
1.063342213630676270e+00
1.178380012512207031e+00
1.337538599967956543e+00
1.638917446136474609e+00
1.843444108963012695e+00
4.595310688018798828e-01
2.081179916858673096e-01
2.947216629981994629e-01
5.391137599945068359e-01
6.029016971588134766e-01
4.888426661491394043e-01
1.513766646385192871e-01
-3.723343908786773682e-01
-2.436043918132781982e-01
-5.042400211095809937e-02
-5.884959697723388672e-01
1.872434467077255249e-02
1.112269982695579529e-01
5.905115604400634766e-01
7.351786494255065918e-01
6.541097164154052734e-01
6.173274517059326172e-01
5.985662937164306641e-01
3.910561800003051758e-01
-1.595364511013031006e-01
-1.875141859054565430e-01
-1.632646918296813965e-01
-5.452359467744827271e-02
-3.798492252826690674e-03
-2.395183593034744263e-02
2.464689910411834717e-01
6.297154426574707031e-01
5.404126644134521484e-01
5.247089266777038574e-01
8.547959923744201660e-01
5.499050617218017578e-01
4.662503898143768311e-01
4.397182166576385498e-01
4.022551178932189941e-01
4.198619425296783447e-01
3.496262133121490479e-01
1.676309406757354736e-01
-7.472850382328033447e-03
4.374845027923583984e-01
1.034805774688720703e+00
3.400800228118896484e-01
2.538091689348220825e-02
-1.507908850908279419e-02
1.604791641235351562e+00
1.860076308250427246e+00
7.991108894348144531e-01
4.236458241939544678e-01
1.673486530780792236e-01
-1.063962355256080627e-01
-3.872693479061126709e-01
-6.909873485565185547e-01
-1.072164535522460938e+00
-8.740384578704833984e-01
-1.204412102699279785e+00
6.260799616575241089e-02
9.160198569297790527e-01
3.711519539356231689e-01
-9.864694625139236450e-02
5.644547194242477417e-02
-2.803466618061065674e-01
-3.058496117591857910e-01
-3.766463994979858398e-01
-1.451846361160278320e-01
6.960242986679077148e-01
9.097778201103210449e-01
1.382563114166259766e-01
2.395730018615722656e-01
-1.898945122957229614e-02
-4.350064396858215332e-01
-7.031607031822204590e-01
-9.314340353012084961e-01
-1.286274433135986328e+00
-1.317233443260192871e+00
-1.248642086982727051e+00
1.207734867930412292e-01
-2.442821860313415527e-01
-5.408890247344970703e-01
-4.209287166595458984e-01
-1.652315557003021240e-01
1.389093697071075439e-01
1.479036450386047363e+00
2.441403865814208984e+00
2.800457000732421875e+00
2.152627944946289062e+00
1.807065248489379883e+00
1.927381515502929688e+00
1.296207547187805176e+00
8.842998147010803223e-01
7.553361654281616211e-01
5.721901655197143555e-01
2.435809373855590820e-01
-2.903746366500854492e-01
-7.887392640113830566e-01
-1.065823316574096680e+00
-1.192779660224914551e+00
-1.077203869819641113e+00
-1.049881696701049805e+00
-8.425835371017456055e-01
-8.667438030242919922e-01
-1.139962196350097656e+00
-1.294754028320312500e+00
-1.176598906517028809e+00
-7.160477042198181152e-01
-8.676422834396362305e-01
-7.028236985206604004e-01
-9.288532733917236328e-01
-1.570504665374755859e+00
-1.410078048706054688e+00
-8.429305553436279297e-01
-2.186134457588195801e-01
-6.585813164710998535e-01
-1.558182001113891602e+00
7.717857360839843750e-01
2.174548149108886719e+00
2.170010089874267578e+00
1.447124600410461426e+00
2.143308877944946289e+00
1.673136591911315918e+00
1.010451555252075195e+00
-6.049223244190216064e-03
-6.435508728027343750e-01
-4.881647825241088867e-01
7.585739344358444214e-02
3.293483257293701172e-01
2.015599012374877930e-01
-9.328020364046096802e-02
-8.358371257781982422e-01
7.435309141874313354e-02
-7.623148709535598755e-02
-1.740265369415283203e+00
-1.832172036170959473e+00
-1.423079490661621094e+00
-1.253303647041320801e+00
-1.161843657493591309e+00
-1.092622637748718262e+00
-6.131629943847656250e-01
-9.688066244125366211e-01
-1.230781197547912598e+00
-1.421800017356872559e+00
-6.402214765548706055e-01
-3.442015051841735840e-01
-7.875192165374755859e-01
-2.213733434677124023e+00
-2.520682096481323242e+00
-2.609742641448974609e+00
-2.662943840026855469e+00
-2.167983293533325195e+00
-1.240793824195861816e+00
-1.372403860092163086e+00
-1.507838129997253418e+00
-1.564326167106628418e+00
-1.375198483467102051e+00
-1.010449409484863281e+00
-6.616888046264648438e-01
-4.842477440834045410e-01
-4.388439655303955078e-01
1.497366428375244141e-01
-3.960147500038146973e-01
-6.328327655792236328e-01
-4.876551628112792969e-01
-5.469182729721069336e-01
-8.588001132011413574e-01
-6.471102237701416016e-01
-3.681427985429763794e-02
2.068329155445098877e-01
-4.706062972545623779e-01
-5.924568176269531250e-01
2.300824522972106934e-01
-6.180889606475830078e-01
-1.037333369255065918e+00
-1.067461133003234863e+00
-8.558064103126525879e-01
-1.003867983818054199e+00
-1.081223607063293457e+00
-1.045838594436645508e+00
-1.035407662391662598e+00
-1.029596805572509766e+00
-8.530517816543579102e-01
-8.428971171379089355e-01
-8.513312935829162598e-01
-9.072364568710327148e-01
-9.762677550315856934e-01
-9.887595772743225098e-01
-4.637165069580078125e-01
-9.865408539772033691e-01
-1.166276931762695312e+00
-3.528995513916015625e-01
2.292550802230834961e-01
-3.170402348041534424e-01
5.686950683593750000e-01
8.136557936668395996e-01
-2.205388545989990234e-01
-6.606119871139526367e-01
-1.214314699172973633e+00
-1.067678928375244141e+00
-1.057509422302246094e+00
-9.416262507438659668e-01
-9.883715510368347168e-01
-1.207797646522521973e+00
-6.813142299652099609e-01
-3.946059346199035645e-01
-9.332594871520996094e-01
-1.617790937423706055e+00
-2.017258882522583008e+00
-2.104070901870727539e+00
-1.930723547935485840e+00
-1.388042926788330078e+00
-5.754651427268981934e-01
-4.531258642673492432e-01
-1.266615092754364014e-01
4.489617347717285156e-01
4.404594898223876953e-01
4.237819314002990723e-01
8.497627973556518555e-01
9.552667140960693359e-01
1.443676233291625977e+00
1.186022162437438965e+00
1.172414183616638184e+00
1.599921703338623047e+00
1.382812261581420898e+00
8.275412321090698242e-01
5.291194319725036621e-01
4.793217182159423828e-01
5.021007657051086426e-01
1.980860531330108643e-01
-7.514479160308837891e-01
-1.078791379928588867e+00
-1.353403449058532715e+00
-1.503035783767700195e+00
-9.816225767135620117e-01
-2.615661621093750000e-01
6.441249847412109375e-01
3.598995208740234375e-01
-1.098068118095397949e+00
-1.122725367546081543e+00
-7.990794777870178223e-01
3.761910647153854370e-02
-1.861992478370666504e-01
-9.109254926443099976e-02
1.053446382284164429e-01
-5.045480281114578247e-02
-2.723864614963531494e-01
-4.543321728706359863e-01
-5.357060432434082031e-01
-4.796069860458374023e-01
-1.088824033737182617e+00
-5.110191702842712402e-01
-1.182814911007881165e-01
-1.602043211460113525e-01
-1.946745216846466064e-01
-3.163290619850158691e-01
-4.956479072570800781e-01
-7.293612957000732422e-01
-1.215402007102966309e+00
4.736744612455368042e-02
1.204998850822448730e+00
1.491792678833007812e+00
1.664257168769836426e+00
7.667551040649414062e-01
-2.440428137779235840e-01
-3.702989965677261353e-02
-1.234112158417701721e-01
-1.786530017852783203e-01
-2.784966528415679932e-01
-2.575568556785583496e-01
-2.868524789810180664e-01
-6.426900625228881836e-01
-2.842447757720947266e-01
-3.349940180778503418e-01
-4.623811841011047363e-01
-3.988532423973083496e-01
-3.434095978736877441e-01
-1.123136505484580994e-01
-4.678717851638793945e-01
-5.806798934936523438e-01
-6.210122704505920410e-01
-7.073665857315063477e-01
-7.868192791938781738e-01
-8.247820138931274414e-01
-5.260187387466430664e-01
-7.543922662734985352e-01
-8.412179350852966309e-01
-8.653724193572998047e-01
-8.766195774078369141e-01
-8.693392872810363770e-01
-1.017002701759338379e+00
-4.830554425716400146e-01
-7.710158824920654297e-01
-6.380889415740966797e-01
-8.339442014694213867e-01
-8.801922798156738281e-01
-8.889712691307067871e-01
-6.315572857856750488e-01
-8.285186290740966797e-01
-8.698254823684692383e-01
-8.641446828842163086e-01
-8.721223473548889160e-01
-8.959733843803405762e-01
-9.721692800521850586e-01
-7.886705398559570312e-01
-6.396425962448120117e-01
-5.819171667098999023e-01
-5.345098972320556641e-01
-4.980830550193786621e-01
-5.445570349693298340e-01
-6.073260903358459473e-01
1.063057899475097656e+00
3.306066095829010010e-01
-8.234040737152099609e-01
-3.700855374336242676e-01
-5.972419977188110352e-01
-8.493056893348693848e-01
-1.378917217254638672e+00
-1.192601680755615234e+00
-2.958654642105102539e+00
-3.503217935562133789e+00
-3.017894268035888672e+00
-2.390622377395629883e+00
-1.601269721984863281e+00
-1.117522239685058594e+00
-1.596773147583007812e+00
-1.239098310470581055e+00
-1.362635254859924316e+00
-1.624536991119384766e+00
-1.545821905136108398e+00
-1.096145629882812500e+00
-9.725738763809204102e-01
-7.803843021392822266e-01
-3.064868450164794922e-01
5.047683119773864746e-01
-4.425356388092041016e-01
-1.109526872634887695e+00
-1.089861631393432617e+00
-9.209039211273193359e-01
9.086047857999801636e-02
-2.305189967155456543e-01
-1.067175388336181641e+00
-1.983856439590454102e+00
1.183276101946830750e-01
5.078802108764648438e-01
8.216179609298706055e-01
4.619928598403930664e-01
-1.563566923141479492e-01
-7.610943317413330078e-01
-2.426054477691650391e+00
-3.318895339965820312e+00
-3.211605548858642578e+00
-6.510573625564575195e-01
-6.120932847261428833e-02
-5.693543702363967896e-02
-1.577842235565185547e-01
-2.761495113372802734e-01
-1.606203913688659668e+00
-3.137344121932983398e-01
-1.447845935821533203e+00
-2.655817747116088867e+00
-3.022742748260498047e+00
-2.607963562011718750e+00
-2.170641660690307617e+00
-2.003294944763183594e+00
-9.087355136871337891e-01
-1.159336924552917480e+00
-2.884977817535400391e+00
-3.110817670822143555e+00
-2.325989723205566406e+00
-1.488861560821533203e+00
-1.245835065841674805e+00
-1.112405538558959961e+00
-4.198577404022216797e-01
-7.322002053260803223e-01
-1.156627893447875977e+00
-1.235038995742797852e+00
-1.260395765304565430e+00
-1.273038268089294434e+00
-1.267880558967590332e+00
-1.266752004623413086e+00
-1.255868196487426758e+00
-1.441512227058410645e+00
-1.201707601547241211e+00
-1.252279162406921387e+00
-4.690995216369628906e-01
-8.740890026092529297e-01
-1.069305181503295898e+00
-1.112728834152221680e+00
-1.102930665016174316e+00
-1.064904689788818359e+00
-1.016943812370300293e+00
-9.664494991302490234e-01
-8.260350823402404785e-01
-1.228070333600044250e-01
7.179847359657287598e-01
1.198242425918579102e+00
-6.122931241989135742e-01
-1.438066601753234863e+00
-2.036498308181762695e+00
-1.770929098129272461e+00
-1.220988512039184570e+00
-6.589395999908447266e-01
-9.980511665344238281e-01
-8.355633020401000977e-01
-2.489102631807327271e-02
1.080652952194213867e+00
1.838689804077148438e+00
-4.540513753890991211e-01
-6.045252084732055664e-04
9.535247087478637695e-01
1.447781562805175781e+00
1.193415999412536621e+00
8.863688111305236816e-01
7.013503909111022949e-01
5.015222430229187012e-01
-1.341678202152252197e-03
-3.756717443466186523e-01
-1.043305397033691406e+00
-4.098309874534606934e-01
-3.709139227867126465e-01
7.219479084014892578e-01
2.800167798995971680e-01
-1.049153283238410950e-01
4.044237136840820312e-01
-8.106369525194168091e-02
-3.401299118995666504e-01
-1.752266883850097656e-01
-1.619470119476318359e-01
1.390039175748825073e-02
-3.062106370925903320e-01
-9.389882683753967285e-01
-1.526075243949890137e+00
-1.855433225631713867e+00
-7.947817444801330566e-01
-1.641387104988098145e+00
-2.276503562927246094e+00
-1.552369475364685059e+00
3.032737970352172852e-01
4.615528583526611328e-01
-1.049677208065986633e-01
1.287181377410888672e-01
-1.240390613675117493e-01
-1.632716357707977295e-01
-5.098746418952941895e-01
-6.286985427141189575e-02
1.461463421583175659e-02
4.437350481748580933e-02
1.432847976684570312e-01
9.004925936460494995e-02
1.454855203628540039e-01
3.742624521255493164e-01
4.055922627449035645e-01
5.524749755859375000e-01
5.775884389877319336e-01
4.454383850097656250e-01
1.644521355628967285e-01
9.702579975128173828e-01
2.699140310287475586e-01
7.317256927490234375e-01
-1.052415445446968079e-01
-1.712333083152770996e+00
-1.702221870422363281e+00
-8.097472786903381348e-01
1.995363235473632812e-01
-1.229441240429878235e-01
-1.748639941215515137e-01
6.274333596229553223e-01
-1.261763095855712891e+00
-1.663626790046691895e+00
-1.244040489196777344e+00
1.083179041743278503e-01
-4.737696349620819092e-01
-5.531235337257385254e-01
-3.270429968833923340e-01
-1.027460336685180664e+00
-1.050786256790161133e+00
-8.447189927101135254e-01
-8.625053167343139648e-01
-8.471292257308959961e-01
-8.551849126815795898e-01
-7.911052703857421875e-01
-8.798209428787231445e-01
-1.036566376686096191e+00
-1.099232316017150879e+00
-1.034293889999389648e+00
-1.061506986618041992e+00
-1.181134104728698730e+00
-1.097244739532470703e+00
2.605551481246948242e-01
9.959959983825683594e-01
1.520806550979614258e+00
-2.228081822395324707e-01
-9.047695398330688477e-01
-7.003756165504455566e-01
-8.760799169540405273e-01
-6.571791768074035645e-01
-1.609276771545410156e+00
-2.830998420715332031e+00
-6.175987124443054199e-01
-1.169798374176025391e+00
-5.872759222984313965e-01
-3.187201321125030518e-01
7.971502542495727539e-01
1.738865971565246582e+00
2.105203628540039062e+00
2.112430095672607422e+00
1.831145048141479492e+00
1.843809127807617188e+00
2.964349985122680664e-01
-1.186381816864013672e+00
-8.383542895317077637e-01
-5.836621522903442383e-01
1.575379133224487305e+00
1.898946404457092285e+00
9.219887256622314453e-01
-1.369694113731384277e+00
-2.261070966720581055e+00
-6.047072410583496094e-01
1.158056184649467468e-01
6.482182145118713379e-01
8.428588509559631348e-01
-1.088136792182922363e+00
-1.410902380943298340e+00
-1.168977499008178711e+00
-4.516287446022033691e-01
5.172113180160522461e-01
-5.787256360054016113e-01
-7.511059641838073730e-01
-9.569714069366455078e-01
-1.041616797447204590e+00
-1.228966712951660156e+00
-1.310847043991088867e+00
-1.071002840995788574e+00
-9.429196715354919434e-01
-1.045449852943420410e+00
-7.049172520637512207e-01
-1.170363500714302063e-01
2.871133089065551758e-01
-3.690103888511657715e-01
-1.048985719680786133e+00
-1.389072537422180176e+00
-1.013989090919494629e+00
-7.886977791786193848e-01
-6.519913077354431152e-01
-6.894111037254333496e-01
5.844431370496749878e-02
-8.029860258102416992e-01
-1.131049752235412598e+00
-8.828736543655395508e-01
3.912126272916793823e-02
-6.165839433670043945e-01
-7.241544127464294434e-01
5.736716389656066895e-01
5.770819187164306641e-01
4.592141509056091309e-01
1.032617092132568359e+00
1.365447163581848145e+00
-1.619895696640014648e-01
-5.304342508316040039e-01
-3.917397856712341309e-01
-5.950061678886413574e-01
-5.677002072334289551e-01
-9.561321139335632324e-01
-1.047366857528686523e+00
-9.725394248962402344e-01
-9.546708464622497559e-01
-8.656423091888427734e-01
-6.680297851562500000e-01
7.745933532714843750e-01
1.083831071853637695e+00
1.106341123580932617e+00
7.001773118972778320e-01
3.399571180343627930e-01
3.552786111831665039e-01
-2.983949333429336548e-02
-4.661377966403961182e-01
-5.704064369201660156e-01
-2.491744756698608398e-01
-1.196826770901679993e-01
-6.203010082244873047e-01
-9.225786328315734863e-01
-9.421666860580444336e-01
-7.970687150955200195e-01
-4.853544235229492188e-01
-6.946650892496109009e-02
1.643993556499481201e-01
2.123086154460906982e-01
6.542853116989135742e-01
2.155418395996093750e-01
5.020754337310791016e-01
1.270057439804077148e+00
1.442123055458068848e+00
1.701307296752929688e+00
1.552322626113891602e+00
2.635324478149414062e+00
1.366379976272583008e+00
1.042632341384887695e+00
7.112534642219543457e-01
3.721845746040344238e-01
2.141650915145874023e-01
-3.734726458787918091e-02
-3.835726976394653320e-01
-2.894553244113922119e-01
-4.216411113739013672e-01
-1.042367100715637207e+00
-1.042274117469787598e+00
-2.417358160018920898e-01
7.119016051292419434e-01
1.363887429237365723e+00
1.684219479560852051e+00
-2.994031459093093872e-02
-1.076032519340515137e+00
-1.124678611755371094e+00
-1.035870790481567383e+00
-8.017698526382446289e-01
-7.395579814910888672e-01
-7.756569385528564453e-01
-2.274237275123596191e-01
4.679473340511322021e-01
-2.494892179965972900e-01
-6.701946258544921875e-01
-3.732128739356994629e-01
-4.492473602294921875e-01
-4.688404202461242676e-01
-4.849266409873962402e-01
-3.823974132537841797e-01
-3.635345697402954102e-01
6.656860560178756714e-02
2.252532839775085449e-01
-2.994384169578552246e-01
-4.877129197120666504e-01
-4.385008215904235840e-01
3.702295720577239990e-01
-2.888780236244201660e-01
7.512514591217041016e-01
8.562007546424865723e-01
1.560451984405517578e-01
-3.244347572326660156e-01
-1.085436418652534485e-01
-9.669401049613952637e-01
-1.559959053993225098e+00
-9.476511478424072266e-01
-8.570865392684936523e-01
-1.165806531906127930e+00
-1.353647589683532715e+00
-1.216750144958496094e+00
-7.247602939605712891e-01
-1.100258827209472656e+00
-4.123406410217285156e-01
-5.989755392074584961e-01
-1.126837611198425293e+00
-8.648645877838134766e-01
-8.287749290466308594e-01
-8.621371984481811523e-01
-5.155912041664123535e-01
-1.174589872360229492e+00
-9.221681356430053711e-01
-4.971055388450622559e-01
-4.405848383903503418e-01
1.286464929580688477e-01
7.488948702812194824e-01
1.140299081802368164e+00
2.344385385513305664e-01
-2.151376605033874512e-01
1.649221181869506836e-01
8.204573988914489746e-01
7.531440854072570801e-01
5.828372240066528320e-01
7.315369844436645508e-01
7.616472840309143066e-01
5.728852152824401855e-01
6.999754905700683594e-01
5.339111089706420898e-01
-1.543125510215759277e-01
5.795780420303344727e-01
1.846565008163452148e-01
-2.957882285118103027e-01
-3.593907654285430908e-01
-4.353054761886596680e-01
1.506333827972412109e+00
1.887771606445312500e+00
1.936536073684692383e+00
9.727482795715332031e-01
9.977587461471557617e-01
-5.181991457939147949e-01
-6.292108297348022461e-01
-7.710790038108825684e-01
-1.121759176254272461e+00
-1.962674498558044434e+00
-7.851686477661132812e-01
-9.316094219684600830e-03
9.438526630401611328e-01
1.253173708915710449e+00
5.408604145050048828e-01
-3.314031362533569336e-01
-6.107460856437683105e-01
-4.274822473526000977e-01
-1.464993357658386230e-01
8.688250780105590820e-01
2.392811775207519531e-01
1.001867413520812988e+00
1.396806836128234863e+00
1.224746227264404297e+00
1.558874607086181641e+00
1.553843498229980469e+00
1.448478460311889648e+00
1.183523058891296387e+00
5.782656371593475342e-03
-6.929244995117187500e-01
-6.115022897720336914e-01
5.480225682258605957e-01
5.968316644430160522e-02
3.534780442714691162e-01
4.400825798511505127e-01
8.033422231674194336e-01
1.308938264846801758e+00
1.447090029716491699e+00
9.575992822647094727e-01
1.360430359840393066e+00
2.054355621337890625e+00
1.192921876907348633e+00
4.646291136741638184e-01
6.023207902908325195e-01
7.629426717758178711e-01
9.369920939207077026e-02
-2.833671569824218750e-01
7.310144603252410889e-03
9.437000006437301636e-02
-8.695054799318313599e-02
7.509439587593078613e-01
9.176044464111328125e-01
7.737851142883300781e-01
7.515497803688049316e-01
7.756360769271850586e-01
8.882553577423095703e-01
7.559224218130111694e-02
5.444279909133911133e-01
1.277671694755554199e+00
-3.271729946136474609e-01
-2.484464049339294434e-01
-2.240806221961975098e-01
-1.249374821782112122e-01
-1.144266843795776367e+00
-4.109886884689331055e-01
1.381021738052368164e-01
-4.743075370788574219e-01
-1.494769155979156494e-01
5.601858347654342651e-02
4.960807561874389648e-01
-2.939371466636657715e-01
-7.143028974533081055e-01
-9.494602084159851074e-01
-7.096287012100219727e-01
-3.924122452735900879e-01
4.684414565563201904e-01
4.398713111877441406e-01
7.391922473907470703e-01
-1.796618223190307617e+00
-1.864159107208251953e+00
-2.350132465362548828e-01
3.063241243362426758e-01
-2.908242493867874146e-02
-1.689792990684509277e+00
-1.625345706939697266e+00
-8.870271444320678711e-01
-2.279835939407348633e-01
-1.101001575589179993e-01
-5.045564174652099609e-01
-1.603567957878112793e+00
-1.927247643470764160e+00
-1.431227922439575195e+00
-1.077151298522949219e+00
-1.183944225311279297e+00
-1.149370312690734863e+00
-9.790346622467041016e-01
-8.093537092208862305e-01
-8.948462009429931641e-01
8.454111218452453613e-01
1.520840883255004883e+00
1.155403375625610352e+00
2.095648765563964844e+00
1.474043011665344238e+00
6.924967765808105469e-01
2.097011804580688477e-01
-4.187911748886108398e-01
-7.042322158813476562e-01
-1.491370201110839844e-01
2.285014390945434570e-01
1.875586211681365967e-01
-4.024811089038848877e-03
4.642162919044494629e-01
-2.378076612949371338e-01
-6.022108197212219238e-01
-9.330505132675170898e-01
-9.944606423377990723e-01
-1.664244413375854492e+00
-3.476369380950927734e-01
7.593817114830017090e-01
7.712143063545227051e-01
2.177952051162719727e+00
2.042916774749755859e+00
8.174125552177429199e-01
2.911612987518310547e-01
2.955377101898193359e-01
6.881929636001586914e-01
2.904918789863586426e-01
1.113050460815429688e+00
1.884740710258483887e+00
2.172481775283813477e+00
2.142848014831542969e+00
7.699123620986938477e-01
-9.648712873458862305e-01
-1.010737419128417969e+00
-2.136659622192382812e-01
-4.042724967002868652e-01
-7.678264379501342773e-01
-6.296327114105224609e-01
-7.964945584535598755e-02
8.593764305114746094e-01
1.098293423652648926e+00
1.102482318878173828e+00
8.575497865676879883e-01
6.131946444511413574e-01
2.335276007652282715e-01
6.378114819526672363e-01
1.868555694818496704e-02
-5.584515333175659180e-01
-8.920978903770446777e-01
-3.649647235870361328e-01
-3.459803462028503418e-01
-4.218893051147460938e-01
-4.561064243316650391e-01
-2.533012330532073975e-01
-3.664876222610473633e-01
-1.231312230229377747e-01
2.012414932250976562e-01
1.411161422729492188e-01
-3.603301048278808594e-01
-6.514728814363479614e-02
-4.582705497741699219e-01
-5.812239646911621094e-01
-4.353772997856140137e-01
-5.219434499740600586e-01
-9.065092802047729492e-01
-7.903333902359008789e-01
-7.708265185356140137e-01
-1.747129559516906738e-01
3.340643048286437988e-01
-1.416349411010742188e-01
6.516538262367248535e-01
3.209953308105468750e-01
-3.983794450759887695e-01
-9.801151752471923828e-01
-1.372652769088745117e+00
-1.520524501800537109e+00
-1.379037499427795410e+00
-1.183337926864624023e+00
-1.454218864440917969e+00
-9.772018790245056152e-01
-1.272619962692260742e-01
4.346065968275070190e-02
6.197404116392135620e-02
6.479736417531967163e-02
-3.996771872043609619e-01
-1.233686208724975586e+00
-1.294664621353149414e+00
-7.655230760574340820e-01
-1.054627180099487305e+00
-6.964740753173828125e-01
-4.807880520820617676e-01
-2.564616203308105469e-01
-9.677627086639404297e-01
-1.560795545578002930e+00
-1.282061457633972168e+00
-5.512405633926391602e-01
-4.895860701799392700e-02
4.395073056221008301e-01
4.153237044811248779e-01
-8.597596287727355957e-01
-1.803645610809326172e+00
-1.170618534088134766e+00
-1.842707753181457520e+00
-1.580631017684936523e+00
1.103180050849914551e+00
6.614608168601989746e-01
1.266819238662719727e-01
3.356205224990844727e-01
2.003778219223022461e-01
-6.674809008836746216e-02
4.367398470640182495e-02
2.008387744426727295e-01
3.443893194198608398e-01
3.523624539375305176e-01
-5.321005731821060181e-02
4.091211557388305664e-01
6.869949102401733398e-01
4.785236716270446777e-01
-4.777844548225402832e-01
-1.238785862922668457e+00
-1.720231413841247559e+00
-8.143822550773620605e-01
-1.307377457618713379e+00
-7.948627471923828125e-01
-1.337263584136962891e-01
-4.290360212326049805e-01
-5.675302743911743164e-01
-9.567580223083496094e-01
-1.131601929664611816e+00
-2.765803337097167969e-01
-7.520079612731933594e-01
-1.629994630813598633e+00
-1.545016050338745117e+00
-1.272036790847778320e+00
-3.725463896989822388e-02
4.969817399978637695e-01
1.202574610710144043e+00
1.586823701858520508e+00
1.504076480865478516e+00
-7.088813185691833496e-01
-8.747593760490417480e-01
-6.611088514328002930e-01
-1.003104090690612793e+00
-1.429544925689697266e+00
-8.056173473596572876e-02
7.464454174041748047e-01
-8.180131912231445312e-01
6.998907327651977539e-01
5.032173395156860352e-01
2.654732465744018555e-01
4.735633730888366699e-01
7.198674678802490234e-01
1.197381734848022461e+00
1.593515396118164062e+00
6.019865274429321289e-01
6.353220343589782715e-01
2.952502965927124023e-01
7.017146795988082886e-02
1.675277471542358398e+00
1.171934083104133606e-01
-1.310720920562744141e+00
-1.598779439926147461e+00
-1.299154520034790039e+00
-4.789636135101318359e-01
7.888311892747879028e-02
-3.089980036020278931e-02
-4.784331470727920532e-02
2.261683642864227295e-01
6.825791597366333008e-01
8.025059103965759277e-01
1.019449353218078613e+00
1.183795213699340820e+00
7.271143198013305664e-01
-1.457181870937347412e-01
2.119522690773010254e-01
1.216759085655212402e+00
2.201298713684082031e+00
2.205075740814208984e+00
1.265127182006835938e+00
8.945860862731933594e-01
9.531358480453491211e-01
1.092459201812744141e+00
1.694798231124877930e+00
1.191013097763061523e+00
8.083680868148803711e-01
8.956871628761291504e-01
9.540448784828186035e-01
1.019629001617431641e+00
1.171287417411804199e+00
1.264840245246887207e+00
1.060481309890747070e+00
