7.743102073669433594e+00
1.172592759132385254e+00
2.454253673553466797e+00
1.210566163063049316e+00
1.242999196052551270e+00
2.804647207260131836e+00
3.789749860763549805e+00
3.159169673919677734e+00
2.931434154510498047e+00
9.185003638267517090e-01
-8.099032193422317505e-02
1.269029378890991211e-01
-1.029842257499694824e+00
-2.112785100936889648e+00
-2.915781021118164062e+00
6.570491790771484375e-01
-3.391516923904418945e+00
-2.460954189300537109e-01
-4.603700160980224609e+00
-6.211744546890258789e-01
1.971825242042541504e+00
9.011089056730270386e-02
5.005918741226196289e-01
9.917649030685424805e-01
4.618282318115234375e-01
2.567340135574340820e+00
2.612165451049804688e+00
2.377560853958129883e+00
2.350114583969116211e+00
2.612030506134033203e+00
2.373160600662231445e+00
2.230524778366088867e+00
2.018879652023315430e+00
2.724768877029418945e+00
2.135235309600830078e+00
3.572272539138793945e+00
2.681407690048217773e+00
3.296074390411376953e+00
1.619952917098999023e+00
-5.808175355195999146e-02
1.644460797309875488e+00
2.737392663955688477e+00
1.973264575004577637e+00
1.564977169036865234e+00
2.359789133071899414e+00
1.851849794387817383e+00
1.406698703765869141e+00
1.386881947517395020e+00
1.132493376731872559e+00
1.043176293373107910e+00
1.007560610771179199e+00
8.326265215873718262e-01
7.407191991806030273e-01
6.994129419326782227e-01
7.803630828857421875e-01
9.954619407653808594e-01
1.158518314361572266e+00
1.251721262931823730e+00
1.335394978523254395e+00
1.490046620368957520e+00
1.669284224510192871e+00
1.695930123329162598e+00
1.600618839263916016e+00
1.482630133628845215e+00
1.352209210395812988e+00
1.224264502525329590e+00
1.045565009117126465e+00
1.422204136848449707e+00
-7.456440925598144531e-01
4.599404335021972656e-01
5.121023654937744141e-01
2.254270315170288086e+00
2.003480195999145508e+00
-2.686096429824829102e-01
5.909702777862548828e-01
6.927524805068969727e-01
2.024885654449462891e+00
1.945559144020080566e+00
1.682735800743103027e+00
3.649589061737060547e+00
5.102046966552734375e+00
4.152711629867553711e-01
2.203548192977905273e+00
4.888449907302856445e-01
3.573995351791381836e+00
7.339643687009811401e-02
-3.402126550674438477e+00
-4.316018581390380859e+00
-4.130531102418899536e-02
1.543754696846008301e+00
-3.581483602523803711e+00
7.769169807434082031e-01
6.880556344985961914e-01
1.056846737861633301e+00
-9.688377380371093750e-01
-3.848029375076293945e-01
3.304045200347900391e-01
1.394926905632019043e+00
4.828665256500244141e+00
2.772339582443237305e+00
1.482306003570556641e+00
-1.318330407142639160e+00
6.764768362045288086e-01
1.816302657127380371e+00
3.690301179885864258e+00
1.041137576103210449e+00
7.758673429489135742e-01
-1.648904085159301758e-01
6.782571077346801758e-01
1.854192018508911133e-01
3.347334861755371094e-01
-3.130115270614624023e-01
4.413460493087768555e-01
7.700316607952117920e-03
7.990971803665161133e-01
-2.589527368545532227e-01
-8.646749258041381836e-01
-2.629972696304321289e-01
1.611931324005126953e-01
1.073629736900329590e+00
1.066209435462951660e+00
7.267767190933227539e-01
6.175132989883422852e-01
8.564327955245971680e-01
1.071854233741760254e+00
9.663860797882080078e-01
8.056453466415405273e-01
7.772353887557983398e-01
9.363112449645996094e-01
9.323137998580932617e-01
8.339998722076416016e-01
6.872702836990356445e-01
5.880229473114013672e-01
1.511983871459960938e-01
-7.992617487907409668e-01
-6.280049681663513184e-01
-5.660945177078247070e-01
-2.956839799880981445e-01
-5.763343572616577148e-01
1.443516254425048828e+00
1.784090757369995117e+00
-1.713241934776306152e-01
4.431151598691940308e-02
1.692832112312316895e+00
-2.386246919631958008e-01
-1.858813762664794922e-01
1.283731579780578613e+00
1.283702254295349121e+00
-2.105304002761840820e-01
5.574131011962890625e-01
-2.892885923385620117e+00
-1.243817284703254700e-01
1.214263319969177246e+00
6.455116271972656250e-01
7.135019302368164062e-01
3.344166517257690430e+00
2.070499897003173828e+00
-3.616725206375122070e-01
-3.281398296356201172e+00
-6.202692985534667969e-01
-1.839402914047241211e-01
7.341401576995849609e-01
7.506601512432098389e-03
1.384755373001098633e-01
-1.447672605514526367e+00
3.331637620925903320e+00
2.076959371566772461e+00
6.469262838363647461e-01
-9.028677940368652344e-01
-3.110647678375244141e+00
4.438924193382263184e-01
5.155689716339111328e-01
1.071078062057495117e+00
-2.960490465164184570e+00
-1.393793702125549316e+00
2.990103244781494141e+00
7.874687314033508301e-01
4.953424334526062012e-01
3.477653026580810547e+00
1.679996132850646973e+00
1.542734146118164062e+00
1.800193786621093750e+00
6.562305688858032227e-01
-1.399239301681518555e-01
6.378992795944213867e-01
1.192729830741882324e+00
9.949973821640014648e-01
2.513099908828735352e-01
1.007416129112243652e+00
-2.506380319595336914e+00
-8.286367654800415039e-01
-2.435969591140747070e+00
-2.802790880203247070e+00
-1.778677940368652344e+00
2.883379906415939331e-02
-1.699615240097045898e+00
8.225147724151611328e-01
-3.419565916061401367e+00
-4.260775089263916016e+00
5.201365947723388672e-01
-9.822269678115844727e-01
-2.678508281707763672e+00
-3.915938854217529297e+00
7.846020907163619995e-02
-1.397520422935485840e+00
1.575565695762634277e+00
-1.534038662910461426e+00
3.057532906532287598e-01
2.311811685562133789e+00
-2.215748310089111328e+00
-2.507113218307495117e+00
-4.108835458755493164e-01
-2.646947622299194336e+00
2.951588869094848633e+00
9.752084016799926758e-01
8.239498734474182129e-01
3.600129127502441406e+00
-4.331853389739990234e+00
-1.699393987655639648e-01
1.466180324554443359e+00
4.453753948211669922e+00
2.535060167312622070e+00
-5.158283710479736328e-01
-8.567183017730712891e-01
-4.045270681381225586e-01
1.366776823997497559e+00
-2.357036113739013672e+00
3.585609197616577148e-01
-2.289359092712402344e+00
4.095833301544189453e-01
-9.397959113121032715e-01
1.797409653663635254e+00
-1.647945046424865723e+00
-7.357473969459533691e-01
9.596190452575683594e-01
-1.079074740409851074e+00
2.183239459991455078e-01
-1.777581095695495605e+00
9.876924753189086914e-01
1.645290493965148926e+00
1.277362346649169922e+00
-1.283919930458068848e+00
-1.832448363304138184e+00
-7.753897905349731445e-01
-4.329992532730102539e-01
-3.073421955108642578e+00
-2.320526838302612305e-01
-3.871546983718872070e-01
4.646226167678833008e-01
1.545362830162048340e+00
1.318090558052062988e-01
-2.025973558425903320e+00
-9.951100349426269531e-01
-7.399661540985107422e-01
3.234486579895019531e-01
-2.824944257736206055e+00
-3.769576072692871094e+00
-3.375976085662841797e+00
-3.195322990417480469e+00
-3.476292371749877930e+00
-4.568682909011840820e-01
-5.692251920700073242e-01
2.093740463256835938e+00
2.624244213104248047e+00
4.312067508697509766e+00
4.353146076202392578e+00
4.348305225372314453e+00
3.811594009399414062e+00
2.640153646469116211e+00
4.122218608856201172e+00
3.046126127243041992e+00
1.597598075866699219e+00
6.650063991546630859e-01
-9.228802472352981567e-02
-3.305572032928466797e+00
2.319687604904174805e+00
-1.837234377861022949e+00
2.999542474746704102e+00
-1.454347252845764160e+00
3.228106498718261719e-01
1.954648613929748535e+00
2.205377817153930664e+00
-5.779429078102111816e-01
6.083263874053955078e+00
7.186486721038818359e-01
2.685267686843872070e+00
1.741162538528442383e-01
2.990796566009521484e-01
-6.296771764755249023e-01
1.802922487258911133e-01
-8.029919862747192383e-01
-1.422637462615966797e+00
1.536390185356140137e+00
-1.904058933258056641e+00
-2.997306823730468750e+00
2.440695285797119141e+00
1.014807105064392090e+00
1.431235074996948242e-01
-6.828209161758422852e-01
-1.293548703193664551e+00
-8.508633375167846680e-01
1.079660058021545410e+00
-8.476680517196655273e-01
-3.854800701141357422e+00
-6.810252666473388672e-01
1.847681879997253418e+00
4.510580748319625854e-02
2.025542259216308594e+00
-3.357740402221679688e+00
-4.526007920503616333e-02
7.817518115043640137e-01
-1.001304745674133301e+00
-8.442819863557815552e-02
-2.587651968002319336e+00
3.850957155227661133e-01
-1.085751414299011230e+00
8.590802550315856934e-01
2.257422208786010742e+00
1.663000702857971191e+00
3.862657785415649414e+00
2.222614526748657227e+00
1.277728438377380371e+00
3.413642883300781250e+00
-2.880516290664672852e+00
-9.489817619323730469e-01
6.612477898597717285e-01
-1.241965174674987793e+00
5.330168604850769043e-01
-1.422947168350219727e+00
-1.468996286392211914e+00
2.177383184432983398e+00
-2.321617841720581055e+00
-6.931519508361816406e-01
8.823001384735107422e-01
-1.259856581687927246e+00
1.014285013079643250e-01
-1.115545630455017090e+00
-1.211648344993591309e+00
-2.203040361404418945e+00
-6.733467578887939453e-01
-1.347016453742980957e+00
-3.073970556259155273e+00
8.220690488815307617e-01
-2.003036737442016602e+00
1.020021080970764160e+00
1.114991784095764160e+00
2.203705310821533203e+00
7.454158663749694824e-01
3.602882623672485352e-01
3.663006782531738281e+00
1.471222162246704102e+00
-1.093809485435485840e+00
-1.039215207099914551e+00
1.272133469581604004e+00
6.623864769935607910e-01
-1.046832203865051270e+00
-9.964716434478759766e-01
-3.239861726760864258e-01
6.224356889724731445e-01
-2.579822540283203125e-01
-2.318778276443481445e+00
3.153327703475952148e-01
-1.402355432510375977e-01
-1.733067631721496582e+00
-3.565110683441162109e+00
-5.073426961898803711e-01
-3.338741064071655273e+00
-1.880013942718505859e-01
-1.805964946746826172e+00
5.310723185539245605e-01
1.316657185554504395e+00
5.252085924148559570e-01
-6.753974556922912598e-01
-2.135398387908935547e-01
-2.092479467391967773e-01
-7.078655064105987549e-03
2.938548922538757324e-01
-2.096252679824829102e+00
8.475551009178161621e-01
-2.880727052688598633e-01
2.614767551422119141e-01
-1.636409878730773926e+00
-2.792986631393432617e-01
2.930950522422790527e-01
1.367734670639038086e+00
8.031946420669555664e-01
-2.484377622604370117e+00
3.446010351181030273e-01
-5.011941194534301758e-01
-6.893500089645385742e-01
-7.703975439071655273e-01
1.060168385505676270e+00
2.464874982833862305e-01
3.161348104476928711e-01
-3.625941276550292969e-01
-8.198317289352416992e-01
2.402003526687622070e+00
-6.399167776107788086e-01
-8.679827451705932617e-01
-6.420570015907287598e-01
9.106501340866088867e-01
2.221699476242065430e+00
1.370003461837768555e+00
1.624070525169372559e+00
1.115119338035583496e+00
-1.191035866737365723e+00
3.097726106643676758e-01
-1.628938078880310059e+00
-2.412304162979125977e+00
-1.623672366142272949e+00
-9.953416138887405396e-02
-7.830210924148559570e-01
1.537738680839538574e+00
-1.744619607925415039e-01
-1.216178059577941895e+00
1.498892188072204590e+00
-4.213694334030151367e-01
4.475872516632080078e+00
-2.995275735855102539e+00
1.525542974472045898e+00
1.089551091194152832e+00
1.368711352348327637e+00
-4.821081638336181641e+00
4.717377424240112305e-01
-4.717174768447875977e-01
-1.991217017173767090e+00
-3.063708782196044922e+00
-1.010626554489135742e+00
6.811192035675048828e-01
-9.457660317420959473e-01
9.724472761154174805e-01
-1.946884393692016602e+00
3.262425661087036133e-01
2.524697065353393555e+00
1.514778614044189453e+00
4.166411161422729492e-01
-7.890890836715698242e-01
5.173336714506149292e-02
1.358752727508544922e+00
1.271234750747680664e-01
9.684501886367797852e-01
-1.210336208343505859e+00
-8.397749662399291992e-01
2.345517396926879883e+00
6.934289932250976562e-01
-7.297176122665405273e-01
-7.106753587722778320e-01
4.261951893568038940e-02
-1.402317643165588379e+00
-1.804716587066650391e-01
-8.819332122802734375e-01
1.076583027839660645e+00
2.463954687118530273e+00
4.826993942260742188e-01
-1.224860668182373047e+00
-2.812007069587707520e-01
1.907208442687988281e+00
1.881831049919128418e+00
1.497718095779418945e+00
-4.492190480232238770e-01
-1.251059412956237793e+00
-1.360846400260925293e+00
4.848102927207946777e-01
1.995237231254577637e+00
1.529311418533325195e+00
-1.502418398857116699e+00
2.302432060241699219e-01
3.146874904632568359e-01
4.630719870328903198e-02
-2.982090115547180176e-01
-7.583558559417724609e-01
4.791926145553588867e-01
7.609114050865173340e-01
-1.460570096969604492e+00
4.249099493026733398e-01
1.126955628395080566e+00
1.454887270927429199e+00
8.998106718063354492e-01
2.143024206161499023e+00
5.966976881027221680e-01
-4.333624839782714844e-01
-1.343554258346557617e-01
-2.645307779312133789e-01
-6.238544732332229614e-02
-1.169459223747253418e+00
-7.656475305557250977e-01
-2.005110263824462891e+00
-1.803084254264831543e+00
-2.023327589035034180e+00
-2.013242244720458984e+00
-2.107584238052368164e+00
-2.839830398559570312e+00
-1.437795281410217285e+00
-4.463807940483093262e-01
1.759785294532775879e+00
3.264128923416137695e+00
2.696693897247314453e+00
-2.123325586318969727e+00
-2.601727962493896484e+00
-3.035429716110229492e-01
-1.884310126304626465e+00
-1.736078858375549316e+00
-2.327428579330444336e+00
1.571886420249938965e+00
4.152480363845825195e-01
-8.269119858741760254e-01
2.470290422439575195e+00
-2.556415796279907227e+00
-1.306710481643676758e+00
1.319081425666809082e+00
4.400700330734252930e-01
9.890967607498168945e-01
-1.374367713928222656e+00
-1.121904969215393066e+00
-1.853288292884826660e+00
-5.874623060226440430e-01
2.392119169235229492e-01
-2.902456521987915039e-01
2.809891223907470703e+00
4.743091106414794922e+00
1.566926717758178711e+00
-1.124233365058898926e+00
2.593199729919433594e+00
4.131050586700439453e+00
1.962650418281555176e+00
1.855543494224548340e+00
3.547762393951416016e+00
4.096698760986328125e+00
4.447913646697998047e+00
4.704207420349121094e+00
3.186931848526000977e+00
1.823432087898254395e+00
3.878523111343383789e+00
2.991692781448364258e+00
1.518427133560180664e-01
6.062340736389160156e+00
-6.354302763938903809e-01
-1.273494362831115723e+00
-4.193380832672119141e+00
1.983782649040222168e+00
1.533428549766540527e+00
4.336046695709228516e+00
1.996247172355651855e+00
-1.135853603482246399e-01
-3.918933868408203125e-01
-9.300050735473632812e-01
-1.548403143882751465e+00
-1.676084160804748535e+00
-8.392856121063232422e-01
-4.074535518884658813e-02
5.738408565521240234e-01
1.740939021110534668e+00
1.698703169822692871e+00
4.708633899688720703e+00
6.579388141632080078e+00
4.073287487030029297e+00
1.956409335136413574e+00
1.264221549034118652e+00
1.353197216987609863e+00
1.213205337524414062e+00
-6.144583225250244141e-01
1.082509636878967285e+00
6.620322465896606445e-01
1.557704210281372070e-01
4.040256977081298828e+00
2.516305685043334961e+00
-1.131298780441284180e+00
1.332198977470397949e+00
5.174499750137329102e-01
2.517276525497436523e+00
6.023904085159301758e-01
2.523859024047851562e+00
4.162019729614257812e+00
-1.635684967041015625e+00
-2.910568714141845703e+00
4.105752706527709961e-01
2.033453702926635742e+00
6.437667608261108398e-01
-1.117796778678894043e+00
2.789639234542846680e+00
-3.725918531417846680e-01
9.822851419448852539e-01
2.191021442413330078e-01
-2.765542864799499512e-01
7.675627470016479492e-01
1.142432451248168945e+00
-1.413277268409729004e+00
-1.145808458328247070e+00
1.393499612808227539e+00
-2.395830392837524414e+00
-5.990595221519470215e-01
4.596774578094482422e-01
1.602877378463745117e+00
1.519855380058288574e+00
7.164154052734375000e-01
8.463963270187377930e-01
9.728466272354125977e-01
1.099273681640625000e+00
1.189571380615234375e+00
1.285616993904113770e+00
1.280630588531494141e+00
1.326414227485656738e+00
1.490021109580993652e+00
2.742410421371459961e+00
-2.977525472640991211e+00
7.389344573020935059e-01
-1.015954613685607910e+00
3.592784702777862549e-01
1.394891142845153809e+00
2.520017385482788086e+00
2.314767360687255859e+00
1.499097943305969238e+00
1.978353857994079590e+00
3.388076543807983398e+00
4.706412792205810547e+00
-4.120039939880371094e-01
1.983295559883117676e+00
1.706545233726501465e+00
2.430573701858520508e+00
1.384971022605895996e+00
3.416169881820678711e+00
2.570402383804321289e+00
1.969056725502014160e+00
-3.126815795898437500e+00
2.429913282394409180e+00
-1.409422516822814941e+00
2.240645140409469604e-02
-1.221870556473731995e-01
-1.079338788986206055e+00
-2.513813495635986328e+00
3.107864141464233398e+00
1.343535184860229492e-01
1.629747509956359863e+00
2.107926607131958008e-01
6.808244436979293823e-02
1.522315144538879395e-01
8.288128972053527832e-01
6.405351161956787109e-01
-1.162578582763671875e+00
1.057957336306571960e-01
5.667321383953094482e-03
-1.151298522949218750e+00
-2.095869779586791992e+00
-2.510051727294921875e+00
-3.076606988906860352e+00
7.769647836685180664e-01
1.868863463401794434e+00
2.408094882965087891e+00
1.987834811210632324e+00
-1.892084121704101562e+00
-1.090660214424133301e+00
-1.033224225044250488e+00
4.163579940795898438e-01
-2.408834695816040039e-01
-2.028894424438476562e+00
-1.146317362785339355e+00
-1.500948905944824219e+00
-1.392892718315124512e+00
-4.686136245727539062e-01
8.322006464004516602e-01
-8.050864934921264648e-01
-1.216927886009216309e+00
2.266389131546020508e-01
-1.841156840324401855e+00
-1.898178219795227051e+00
1.990840792655944824e+00
1.664794683456420898e-01
-3.069584369659423828e-01
1.692352652549743652e+00
-5.365217924118041992e-01
-1.074777364730834961e+00
3.320392370223999023e-01
-1.001480698585510254e+00
1.000908851623535156e+00
-3.075887441635131836e+00
-2.328765153884887695e+00
-2.435887575149536133e+00
-5.876296758651733398e-01
-7.192329168319702148e-01
-7.381126880645751953e-01
3.959435939788818359e+00
-3.044154644012451172e-01
7.551876306533813477e-01
-2.874169349670410156e-01
1.999881148338317871e+00
-7.540315389633178711e-01
-1.172110199928283691e+00
6.717013120651245117e-01
-7.393528223037719727e-01
-6.320286989212036133e-01
-9.874409437179565430e-01
1.845761299133300781e+00
1.272368788719177246e+00
-1.078594088554382324e+00
-4.439697265625000000e-01
-5.851635932922363281e-01
1.956531643867492676e+00
1.111622929573059082e+00
-9.664619714021682739e-02
8.910606503486633301e-01
2.055996656417846680e+00
-2.194284200668334961e-01
3.870401978492736816e-01
-1.604798316955566406e+00
3.317636251449584961e-01
4.892442822456359863e-01
4.484124183654785156e-01
3.474313020706176758e-01
-9.925683736801147461e-01
1.064092159271240234e+00
8.020526766777038574e-01
-8.307881653308868408e-03
2.262353152036666870e-02
3.401030302047729492e-01
6.254069805145263672e-01
4.994205832481384277e-01
9.964745044708251953e-01
8.158567547798156738e-01
2.665374875068664551e-01
-9.458078145980834961e-01
-3.381809473037719727e+00
-1.702486753463745117e+00
-3.191986322402954102e+00
-3.443103790283203125e+00
-4.340705871582031250e+00
-2.232559442520141602e+00
1.045367479324340820e+00
-1.763812541961669922e+00
-3.501810789108276367e+00
-3.686318397521972656e-01
-1.052612066268920898e+00
1.814974784851074219e+00
-1.683104038238525391e+00
-2.300569772720336914e+00
-1.558993935585021973e+00
-2.130832910537719727e+00
8.866661787033081055e-01
1.949602842330932617e+00
3.459590196609497070e+00
7.032461166381835938e-01
-2.229658365249633789e-01
2.423394441604614258e+00
-1.454686522483825684e+00
-5.944992303848266602e-01
-2.345924973487854004e-01
2.032919168472290039e+00
-2.058554887771606445e+00
-1.070855975151062012e+00
-1.569228529930114746e+00
-1.040792584419250488e+00
-7.794659733772277832e-01
-4.607203006744384766e+00
7.048356533050537109e-01
8.866424560546875000e-01
2.165385723114013672e+00
2.600413799285888672e+00
1.893230795860290527e+00
1.977410674095153809e+00
-1.186549544334411621e+00
3.878432512283325195e-01
4.888739585876464844e-01
1.199912905693054199e+00
-1.726345300674438477e+00
2.670156002044677734e+00
1.210861802101135254e+00
1.809342503547668457e+00
3.500112771987915039e+00
2.868091821670532227e+00
-2.344298362731933594e+00
2.024111509323120117e+00
7.956607341766357422e-01
4.082927227020263672e+00
1.851765036582946777e+00
2.495978116989135742e+00
3.522283315658569336e+00
3.820692062377929688e+00
8.504636287689208984e-01
3.933480739593505859e+00
-1.337101697921752930e+00
-1.418459296226501465e+00
-7.062894105911254883e-01
7.752249240875244141e-01
1.382062792778015137e+00
-4.897902011871337891e+00
-2.535571813583374023e+00
-3.650311708450317383e+00
2.591476678848266602e+00
-8.366607427597045898e-01
-5.183449983596801758e-01
1.467062115669250488e+00
8.830738067626953125e-01
2.091772317886352539e+00
1.297503352165222168e+00
1.670932054519653320e+00
1.537024974822998047e+00
2.065290212631225586e-01
1.337671756744384766e+00
1.823616504669189453e+00
2.310642004013061523e+00
3.343352079391479492e-01
1.827677369117736816e+00
1.001868367195129395e+00
2.413344383239746094e+00
3.896980047225952148e+00
-2.426310539245605469e+00
-5.046535283327102661e-02
4.033916592597961426e-01
2.307998180389404297e+00
5.717052221298217773e-01
-6.710813045501708984e-01
7.932111024856567383e-01
2.372526407241821289e+00
5.453661680221557617e-01
-3.300138711929321289e-01
-1.127787470817565918e+00
-1.862567663192749023e+00
1.114230155944824219e+00
-1.015737056732177734e+00
8.094681501388549805e-01
1.581518650054931641e-01
-1.694537520408630371e+00
-2.034890174865722656e+00
-1.034533143043518066e+00
7.395700216293334961e-01
-5.288258194923400879e-01
2.038618564605712891e+00
5.023177623748779297e+00
3.227013349533081055e+00
4.073582172393798828e+00
3.455165863037109375e+00
1.752723574638366699e+00
3.247102737426757812e+00
3.335743188858032227e+00
5.780144929885864258e-01
-1.655624628067016602e+00
3.987073153257369995e-02
-2.979411363601684570e+00
-1.474590659141540527e+00
1.522146910429000854e-02
5.024742603302001953e+00
-2.083557367324829102e+00
-5.544615983963012695e-01
6.697002053260803223e-01
3.358460664749145508e-01
-3.543931245803833008e-01
2.216014623641967773e+00
2.687012404203414917e-02
-1.111665964126586914e+00
9.760817289352416992e-01
2.367075204849243164e+00
-1.846164584159851074e+00
6.527737379074096680e-01
5.541884154081344604e-02
1.308988809585571289e+00
-2.421463966369628906e+00
-1.724061012268066406e+00
-5.900815725326538086e-01
2.947013974189758301e-01
-1.888066828250885010e-01
-5.067537784576416016e+00
-5.553528070449829102e-01
-1.283718943595886230e+00
9.127641916275024414e-01
-8.721525073051452637e-01
-3.922546654939651489e-02
1.854671835899353027e+00
1.856485605239868164e-01
-5.877214670181274414e-01
8.686862587928771973e-01
-1.924935698509216309e+00
-5.671933889389038086e-01
1.361827254295349121e-01
-5.751803517341613770e-01
-6.684366464614868164e-01
-1.142305731773376465e+00
1.390049457550048828e-01
-5.589926987886428833e-02
6.978281736373901367e-01
-1.901210099458694458e-02
-7.749844789505004883e-01
-5.145824700593948364e-02
3.145232677459716797e+00
6.084685325622558594e-01
-1.175426363945007324e+00
2.720295637845993042e-02
-2.777197957038879395e-01
1.464239478111267090e+00
-1.573741436004638672e+00
1.626708388328552246e+00
3.670452356338500977e+00
2.617222547531127930e+00
-8.070132732391357422e-01
-3.762587308883666992e+00
-1.218158602714538574e+00
1.553806900978088379e+00
1.447872042655944824e+00
3.669682741165161133e+00
1.279085397720336914e+00
1.129989147186279297e+00
-4.647575616836547852e-01
-1.350832581520080566e+00
1.190179467201232910e+00
-5.041271448135375977e-01
1.011196732521057129e+00
-2.009452819824218750e+00
-2.195601224899291992e+00
-8.206554651260375977e-01
3.171742200851440430e+00
5.998612642288208008e-01
-3.431792736053466797e+00
-9.473446607589721680e-01
-3.605531454086303711e+00
1.753078103065490723e+00
-6.114315986633300781e+00
-3.627487897872924805e+00
2.195164918899536133e+00
4.531275629997253418e-01
-1.196068406105041504e+00
3.302751779556274414e-01
-6.585451364517211914e-01
3.756045103073120117e-01
2.087479829788208008e-01
1.234146282076835632e-01
-3.187093019485473633e+00
-9.098784923553466797e-01
-5.539324283599853516e-01
-2.011538743972778320e-01
6.538724303245544434e-01
-6.735869646072387695e-01
3.617401719093322754e-01
9.745552539825439453e-01
-1.195484399795532227e+00
-2.736925601959228516e+00
-6.195522546768188477e-01
-5.673161745071411133e-01
7.812660932540893555e-01
-1.481892824172973633e+00
5.886775255203247070e-01
2.971742868423461914e+00
-9.345189332962036133e-01
8.456653356552124023e-01
7.666879892349243164e-01
6.042626500129699707e-01
1.155923247337341309e+00
1.022736430168151855e+00
-1.721509814262390137e+00
-4.896005392074584961e-01
-1.215923666954040527e+00
-1.181551456451416016e+00
-2.860013246536254883e-01
1.387827396392822266e+00
5.146870613098144531e-01
-4.549806118011474609e-01
2.776862859725952148e+00
5.783497542142868042e-02
-4.659835100173950195e-01
3.156455755233764648e+00
9.364971518516540527e-01
1.888796091079711914e-01
-7.311643362045288086e-01
-6.669198274612426758e-01
-1.379938244819641113e+00
-9.297683238983154297e-01
-1.366895675659179688e+00
2.533268451690673828e+00
1.222445607185363770e+00
-1.264393091201782227e+00
1.467912793159484863e+00
-2.850737094879150391e+00
-1.023145437240600586e+00
-3.654657602310180664e-01
-7.282512187957763672e-01
-1.537256240844726562e-01
-1.576892971992492676e+00
-1.164395928382873535e+00
-1.741740107536315918e+00
-2.430123090744018555e+00
-2.671406507492065430e+00
-1.059973835945129395e+00
-3.093621015548706055e+00
-2.158479928970336914e+00
-1.288101553916931152e+00
-3.614291667938232422e+00
-3.808528184890747070e+00
-1.240054726600646973e+00
-2.758698463439941406e+00
1.107464313507080078e+00
1.742021918296813965e+00
9.325230121612548828e-01
2.401236295700073242e+00
6.781281828880310059e-01
2.799688339233398438e+00
4.029050827026367188e+00
3.956417083740234375e+00
3.974531412124633789e+00
3.824093580245971680e+00
3.330486536026000977e+00
2.735602855682373047e+00
1.425765514373779297e+00
-8.212666511535644531e-01
5.877596735954284668e-01
9.712618589401245117e-01
-4.440871238708496094e+00
4.527363777160644531e+00
2.043275594711303711e+00
-6.170157194137573242e-01
-1.006172299385070801e+00
-2.170389890670776367e+00
-3.927445411682128906e-01
4.153957366943359375e-01
2.784617185592651367e+00
1.249323725700378418e+00
4.225822448730468750e+00
1.876240968704223633e+00
1.811003804206848145e+00
1.754334568977355957e+00
4.891065359115600586e-01
-1.254527688026428223e+00
2.039160490036010742e+00
-1.049097895622253418e+00
-1.806993246078491211e+00
-3.191193342208862305e-01
-2.787679195404052734e+00
1.324176669120788574e+00
2.035483360290527344e+00
-6.997557878494262695e-01
1.267062425613403320e-01
-5.140647888183593750e-01
3.339206576347351074e-01
2.228735923767089844e+00
2.772294282913208008e-01
-1.261311173439025879e+00
1.672497868537902832e+00
3.760677576065063477e+00
1.190655589103698730e+00
1.669723629951477051e+00
-2.097401380538940430e+00
-9.756518602371215820e-01
-1.495881199836730957e+00
-5.354231595993041992e-01
-1.678997278213500977e-01
-5.648666620254516602e-01
-1.056950688362121582e+00
-1.112757682800292969e+00
6.472195386886596680e-01
-3.554604291915893555e+00
-1.180649757385253906e+00
1.592285513877868652e+00
1.686281323432922363e+00
-2.292331933975219727e+00
3.085373163223266602e+00
1.660736799240112305e-01
2.364611148834228516e+00
1.266818046569824219e+00
1.172206997871398926e+00
-8.041373491287231445e-01
5.638126134872436523e-01
-1.894014239311218262e+00
-1.599321365356445312e+00
-8.087713122367858887e-01
3.952508926391601562e+00
-2.500345945358276367e+00
-5.389095544815063477e-01
7.071708440780639648e-01
-2.119484663009643555e+00
1.945515632629394531e+00
-4.246100187301635742e-01
-3.787243366241455078e+00
-1.179549098014831543e+00
-3.162761688232421875e+00
-1.745405316352844238e+00
-1.782586216926574707e+00
-6.861793398857116699e-01
-1.718750834465026855e+00
4.607430696487426758e-01
1.008074641227722168e+00
2.239994049072265625e+00
-2.621581315994262695e+00
1.656442880630493164e-01
-4.305011272430419922e+00
-1.721518158912658691e+00
6.047353744506835938e-01
-3.342001199722290039e+00
-1.521726489067077637e+00
2.586981058120727539e+00
-6.203905344009399414e-01
7.753443717956542969e-01
1.134678721427917480e+00
1.418521404266357422e-01
-6.617754697799682617e-01
-2.042340040206909180e-01
3.135839700698852539e-01
2.774878740310668945e-01
1.213977932929992676e+00
6.611592769622802734e-01
5.061973094940185547e+00
2.875937223434448242e-01
9.483507871627807617e-01
-1.115320324897766113e+00
-6.918799877166748047e-01
2.832797765731811523e-01
2.476278543472290039e-01
1.084431290626525879e+00
-7.416966557502746582e-01
1.251634716987609863e+00
1.286629915237426758e+00
-1.810303211212158203e+00
-1.108953833580017090e+00
-6.400014162063598633e-01
-3.472238779067993164e+00
-4.009824991226196289e-01
-9.581673890352249146e-02
-1.201715826988220215e+00
-2.838261127471923828e+00
3.852487802505493164e-01
1.033605262637138367e-01
-4.875980019569396973e-01
1.992853522300720215e+00
2.394110441207885742e+00
9.441540241241455078e-01
1.768757939338684082e+00
-4.527891278266906738e-01
-7.397974729537963867e-01
-1.508413672447204590e+00
-1.174653649330139160e+00
-2.317430973052978516e+00
6.900142431259155273e-01
1.265977382659912109e+00
3.858157396316528320e-01
-1.009835600852966309e+00
6.061142683029174805e-01
6.521630287170410156e-01
2.222042322158813477e+00
-3.389492511749267578e+00
-6.251397132873535156e-01
-1.665103435516357422e+00
3.950229883193969727e-01
-6.070175766944885254e-01
1.278268814086914062e+00
-9.670937806367874146e-02
-1.129311442375183105e+00
-1.073755621910095215e+00
-1.336022734642028809e+00
-1.763876318931579590e+00
-1.253792643547058105e+00
-3.846267461776733398e-01
6.536396741867065430e-01
-1.409451067447662354e-01
-4.000295996665954590e-01
4.829984188079833984e+00
2.441279172897338867e+00
7.671352624893188477e-01
3.212085008621215820e+00
1.797454476356506348e+00
2.887045383453369141e+00
2.967884302139282227e+00
2.928207397460937500e+00
1.357075691223144531e+00
2.962863922119140625e+00
1.798871636390686035e+00
4.395784139633178711e-01
1.732286214828491211e+00
1.606305003166198730e+00
1.541291832923889160e+00
2.686789035797119141e+00
-2.170855522155761719e+00
1.861077189445495605e+00
-1.889074802398681641e+00
-1.780829429626464844e-01
3.056079745292663574e-01
-9.175978899002075195e-01
7.375808954238891602e-01
-1.449655294418334961e-01
1.010552525520324707e+00
1.482535004615783691e+00
7.898031920194625854e-02
-1.619445800781250000e+00
2.855869293212890625e+00
1.844998240470886230e+00
4.617806434631347656e+00
3.453981161117553711e+00
1.856921434402465820e+00
2.718669891357421875e+00
1.551174998283386230e+00
1.048155426979064941e+00
-1.013323426246643066e+00
2.144200563430786133e+00
2.455406904220581055e+00
-1.098762035369873047e+00
1.112668871879577637e+00
-1.174650430679321289e+00
8.235801458358764648e-01
5.185958147048950195e-01
3.603439092636108398e+00
1.456770896911621094e-01
1.733338832855224609e+00
-1.353145003318786621e+00
6.094908237457275391e+00
2.742886304855346680e+00
3.487638235092163086e-01
2.248044252395629883e+00
4.339210510253906250e+00
-1.017728924751281738e+00
1.229975104331970215e+00
1.741274595260620117e-01
1.720985651016235352e+00
1.424882292747497559e+00
-1.307118535041809082e+00
-1.684638857841491699e+00
-6.616824865341186523e-01
1.789280176162719727e-01
2.892152547836303711e+00
5.880044698715209961e-01
-1.373723745346069336e+00
-3.023397684097290039e+00
-2.101991415023803711e+00
9.741108417510986328e-01
1.624647855758666992e+00
3.448453187942504883e+00
5.847302675247192383e-01
3.317110300064086914e+00
4.841948032379150391e+00
2.358088254928588867e+00
-2.302860021591186523e+00
-1.787046194076538086e-01
-1.331150650978088379e+00
-1.711543202400207520e+00
3.651744127273559570e+00
2.153621912002563477e+00
1.679081082344055176e+00
-1.852382421493530273e-01
7.391262054443359375e-01
-2.095674753189086914e+00
1.175218582153320312e+00
-1.756222605705261230e+00
-3.618729591369628906e+00
2.545180082321166992e+00
1.940075874328613281e+00
5.729531049728393555e-01
1.524899721145629883e+00
1.085350990295410156e+00
1.147466823458671570e-01
1.337182760238647461e+00
-5.775631219148635864e-02
2.391819953918457031e-01
1.909093141555786133e+00
1.455901145935058594e+00
1.819874882698059082e+00
2.582571268081665039e+00
6.194113940000534058e-02
3.086133241653442383e+00
-6.659070253372192383e-01
-4.013987779617309570e-01
-1.023831605911254883e+00
-1.546830892562866211e+00
-1.849921345710754395e+00
-6.469358205795288086e-01
6.271874159574508667e-02
-2.008229494094848633e-01
-6.348940134048461914e-01
-5.693005323410034180e-01
-6.371852159500122070e-01
8.110575675964355469e-01
-3.317880630493164062e-01
-5.202168226242065430e-01
-1.748533844947814941e+00
-1.690439820289611816e+00
-1.484611868858337402e+00
-1.238178610801696777e+00
-8.382112979888916016e-01
-6.921695470809936523e-01
-1.928074359893798828e-01
-1.418000459671020508e-01
-2.621808767318725586e+00
-8.630073070526123047e-01
-1.290700554847717285e+00
-8.730971813201904297e-01
-8.275984525680541992e-01
-8.523482084274291992e-01
2.048369646072387695e-01
3.892658948898315430e-01
2.676016807556152344e+00
-3.557356595993041992e-01
1.768382430076599121e+00
1.840102314949035645e+00
2.802469581365585327e-02
2.509153604507446289e+00
4.346247315406799316e-01
-2.567676305770874023e-01
7.069724053144454956e-02
-1.094016075134277344e+00
6.703196763992309570e-01
-7.272661477327346802e-02
-1.041328907012939453e+00
3.251448392868041992e+00
6.800440549850463867e-01
9.635113924741744995e-02
8.885961771011352539e-01
-2.003082334995269775e-01
5.832897871732711792e-02
3.685214281082153320e+00
5.316325426101684570e-01
9.477393627166748047e-01
1.583539128303527832e+00
4.150010347366333008e-01
-2.391670942306518555e+00
-2.200237751007080078e+00
9.682661294937133789e-01
-6.800246238708496094e-01
-2.406858682632446289e+00
-1.098057702183723450e-01
2.372357606887817383e+00
4.086203575134277344e+00
2.206879615783691406e+00
1.563121914863586426e+00
7.348150014877319336e-01
8.970440626144409180e-01
1.335787177085876465e+00
5.977655649185180664e-01
-6.039527654647827148e-01
2.118812799453735352e-01
8.400604724884033203e-01
-5.970454216003417969e-01
1.326780319213867188e-01
1.299135446548461914e+00
3.741637468338012695e+00
3.810310125350952148e+00
1.751953244209289551e+00
1.011826038360595703e+00
-2.116804361343383789e+00
7.318611741065979004e-01
1.494596004486083984e+00
-6.884458661079406738e-01
1.472329348325729370e-02
-2.829307556152343750e+00
-1.198557257652282715e+00
2.362205982208251953e-01
1.146008968353271484e+00
-1.990684032440185547e+00
-3.580144643783569336e+00
-2.565183877944946289e+00
-9.510357379913330078e-01
-1.061818957328796387e+00
-1.191804885864257812e+00
-1.094216182827949524e-01
-2.144819021224975586e+00
-5.695816278457641602e-01
-1.215696930885314941e+00
-1.286874890327453613e+00
-1.678452849388122559e+00
9.535462856292724609e-01
1.063840746879577637e+00
6.590371131896972656e-01
4.766944646835327148e-01
7.822446823120117188e-01
-6.480914950370788574e-01
1.643450379371643066e+00
-2.007993698120117188e+00
1.368743777275085449e+00
1.424122929573059082e+00
1.109310030937194824e+00
5.099459886550903320e-01
7.675229310989379883e-01
-8.160141706466674805e-01
4.311982393264770508e-01
6.600319594144821167e-02
2.711416959762573242e+00
-3.382862210273742676e-01
1.088554859161376953e+00
2.502141475677490234e+00
-2.459851264953613281e+00
-4.861022233963012695e-01
-2.380792796611785889e-01
-1.573075890541076660e+00
-6.261741518974304199e-01
-1.550386548042297363e+00
2.331477403640747070e-01
1.949857473373413086e+00
1.111029505729675293e+00
-7.086100578308105469e-01
4.273817539215087891e+00
1.732222735881805420e-03
-6.101297736167907715e-01
1.170174241065979004e+00
-1.320829272270202637e+00
-1.285692930221557617e+00
1.537698626518249512e+00
1.833190202713012695e+00
4.508162736892700195e-01
-1.482615351676940918e+00
-2.284049987792968750e-01
8.449426889419555664e-01
-2.720172643661499023e+00
8.014724254608154297e-01
2.309093236923217773e+00
-9.893215894699096680e-01
-2.061954736709594727e-01
7.420956343412399292e-02
-3.639841556549072266e+00
5.257045477628707886e-02
3.829005956649780273e-01
2.263830900192260742e-01
2.449434995651245117e-01
6.204360723495483398e-01
2.150239229202270508e+00
-4.343560934066772461e-01
1.933591604232788086e+00
-1.087034493684768677e-02
-9.719698429107666016e-01
-2.292575120925903320e+00
8.286548852920532227e-01
8.984731882810592651e-02
5.346738100051879883e-01
3.945618629455566406e+00
2.629903554916381836e+00
1.701673626899719238e+00
4.111682176589965820e-01
-1.621710658073425293e+00
3.842884302139282227e-01
-1.263966917991638184e+00
6.235125064849853516e-01
9.724801778793334961e-01
-4.139794111251831055e-01
2.331743001937866211e+00
3.663632631301879883e+00
-4.079397678375244141e+00
7.358433008193969727e-01
7.356192469596862793e-01
3.634851694107055664e+00
3.351214647293090820e+00
2.195884943008422852e+00
3.043371438980102539e+00
3.256569862365722656e+00
2.519848108291625977e+00
1.611132025718688965e+00
1.754428267478942871e+00
3.354219675064086914e+00
2.707710742950439453e+00
3.203593492507934570e+00
1.206511616706848145e+00
-1.541522741317749023e-01
-3.198579549789428711e+00
-1.257901072502136230e+00
6.717883795499801636e-02
1.309234976768493652e+00
1.304183125495910645e+00
9.138298034667968750e-01
1.521441578865051270e+00
2.858828783035278320e+00
2.818143606185913086e+00
4.048113346099853516e+00
1.384687304496765137e+00
9.801639318466186523e-01
-5.957802534103393555e-01
5.547757148742675781e-01
2.114758253097534180e+00
2.220465898513793945e+00
2.459840536117553711e+00
1.308999180793762207e+00
1.882431983947753906e+00
3.335266590118408203e+00
-1.126683354377746582e+00
1.513670086860656738e+00
-2.625333786010742188e+00
-1.382411122322082520e+00
1.151990815997123718e-01
2.308209657669067383e+00
1.428530335426330566e+00
-2.655353784561157227e+00
-5.391570329666137695e-01
5.772445797920227051e-01
-1.743020415306091309e+00
-1.897584795951843262e+00
-5.683352947235107422e-01
-1.061664298176765442e-01
-1.417283058166503906e+00
-2.440489530563354492e-01
1.483097553253173828e+00
1.689809679985046387e+00
1.558018326759338379e+00
1.872367858886718750e+00
1.703719615936279297e+00
4.293891787528991699e-01
5.334868431091308594e+00
5.627444744110107422e+00
6.082241058349609375e+00
1.943090081214904785e+00
1.013855814933776855e+00
2.681077718734741211e+00
2.739344358444213867e+00
4.009789466857910156e+00
1.892131567001342773e+00
1.505866408348083496e+00
1.795562863349914551e+00
1.363418221473693848e+00
1.612713217735290527e+00
1.363402009010314941e+00
6.075947284698486328e-01
1.592221260070800781e-01
2.241102218627929688e+00
1.818970799446105957e+00
2.998641967773437500e+00
1.129935383796691895e+00
1.161151289939880371e+00
3.181916952133178711e+00
-2.423825860023498535e-01
-8.743325471878051758e-01
-6.955440640449523926e-01
-5.843150615692138672e-01
-2.628111839294433594e-01
2.156971693038940430e+00
3.630899429321289062e+00
6.078733444213867188e+00
5.437388420104980469e+00
2.836814403533935547e+00
-9.538490325212478638e-02
2.326191663742065430e+00
-1.200102642178535461e-01
-9.234368801116943359e-01
1.159283995628356934e+00
1.404216170310974121e+00
-6.759098768234252930e-01
1.128441616892814636e-01
2.429440259933471680e+00
-1.912572622299194336e+00
1.380849719047546387e+00
1.326335668563842773e+00
6.413375735282897949e-01
2.015297889709472656e+00
3.008894681930541992e+00
2.891091823577880859e+00
2.209344625473022461e+00
-5.831355452537536621e-01
-6.168755888938903809e-01
-5.368320941925048828e-01
-1.388901472091674805e-01
-2.627762794494628906e+00
-1.227417707443237305e+00
-1.641093373298645020e+00
-1.301727652549743652e+00
-1.755918025970458984e+00
-5.462085008621215820e-01
-2.338915586471557617e+00
-1.866638064384460449e+00
-2.462129116058349609e+00
-3.295825958251953125e+00
-3.351224660873413086e+00
-3.175723075866699219e+00
-1.918336153030395508e+00
3.283960819244384766e-01
3.834003686904907227e+00
3.530938386917114258e+00
-4.259832203388214111e-03
-1.505331516265869141e+00
-9.353355169296264648e-01
-7.469643354415893555e-01
-1.729361772537231445e+00
-9.616570472717285156e-01
-7.767865657806396484e-01
-3.295692801475524902e-01
4.239844530820846558e-02
1.427360296249389648e+00
9.091410636901855469e-01
-5.556793212890625000e-01
5.390654802322387695e-01
7.887093424797058105e-01
2.151266574859619141e+00
-2.330744266510009766e-01
-1.238746285438537598e+00
3.985060453414916992e-01
1.143942713737487793e+00
1.561111330986022949e+00
4.480331420898437500e+00
6.543015688657760620e-02
2.103281497955322266e+00
-5.179774761199951172e-01
-9.446447491645812988e-01
7.252178192138671875e-01
1.109999343752861023e-01
-2.086496353149414062e+00
8.542047142982482910e-01
7.145002484321594238e-01
2.852431058883666992e+00
8.390303850173950195e-01
3.484920978546142578e+00
1.824873924255371094e+00
-2.036968231201171875e+00
-2.855021953582763672e-01
1.634726405143737793e+00
4.881716966629028320e-01
9.302968978881835938e-01
-4.313371181488037109e-01
2.727831125259399414e+00
-1.584752321243286133e+00
-3.940306901931762695e-01
-7.698334455490112305e-01
1.220608875155448914e-01
8.494156599044799805e-01
1.632456660270690918e+00
1.985793471336364746e+00
1.609979271888732910e+00
1.697690010070800781e+00
3.451864004135131836e+00
1.911376237869262695e+00
2.438858747482299805e+00
-2.596060037612915039e-01
-2.450096845626831055e+00
8.809424638748168945e-01
-1.937724709510803223e+00
-6.071466207504272461e-01
-1.007519125938415527e+00
-9.376388788223266602e-01
8.470160961151123047e-01
3.652965724468231201e-01
1.083093211054801941e-01
-5.288622379302978516e-01
-5.531365424394607544e-02
-2.997981905937194824e-01
-3.754708766937255859e-01
-1.835016250610351562e+00
4.873286485671997070e-01
-1.667256355285644531e-01
-3.518393039703369141e-01
-1.488436222076416016e+00
-5.067656517028808594e+00
-2.666031599044799805e+00
7.320575118064880371e-01
-2.062837600708007812e+00
-4.105592966079711914e-01
-1.820438265800476074e+00
-1.249609351158142090e+00
1.711591362953186035e+00
-2.278789281845092773e-01
-1.571319937705993652e+00
-1.991272091865539551e+00
-3.018030881881713867e+00
-1.467583060264587402e+00
6.582881212234497070e-01
7.533050775527954102e-01
-1.908632516860961914e-01
-1.688912749290466309e+00
6.066339015960693359e-01
8.861369490623474121e-01
1.508724212646484375e+00
7.467623949050903320e-01
1.710058808326721191e+00
1.680700898170471191e+00
2.513670921325683594e+00
2.529868841171264648e+00
1.951757788658142090e+00
-3.765157461166381836e-01
4.990685462951660156e+00
1.784705400466918945e+00
7.991069555282592773e-01
-2.037517070770263672e+00
5.244188904762268066e-01
9.473131895065307617e-01
4.163156747817993164e-01
-8.458728790283203125e-01
1.527801632881164551e+00
5.598024129867553711e-01
1.310173153877258301e+00
9.781264066696166992e-01
1.410410284996032715e+00
2.360377788543701172e+00
2.501695871353149414e+00
3.497101545333862305e+00
-2.398175716400146484e+00
-2.791660428047180176e-01
2.904570341110229492e+00
2.488697767257690430e-01
-1.801645874977111816e+00
-1.319195866584777832e+00
3.731291592121124268e-01
2.010223865509033203e-01
-3.083699941635131836e-01
-5.938023924827575684e-01
1.993441581726074219e-01
1.006051540374755859e+00
1.173541069030761719e+00
6.589294672012329102e-01
1.858721852302551270e+00
-3.938292264938354492e-01
-1.072376012802124023e+00
-3.908501267433166504e-01
-1.017071127891540527e+00
-1.356852889060974121e+00
2.804025411605834961e+00
-7.101603150367736816e-01
-4.788376092910766602e-01
-2.194437980651855469e+00
-7.498797178268432617e-01
1.532768368721008301e+00
9.126296043395996094e-01
-1.950014829635620117e-01
-2.852187395095825195e+00
-1.202075600624084473e+00
-2.382644414901733398e-01
-1.195476293563842773e+00
-8.399374783039093018e-03
-2.692667245864868164e+00
-8.126962184906005859e-01
8.406329154968261719e-01
-8.877951651811599731e-02
-1.259478449821472168e+00
-1.414796233177185059e+00
-9.613686800003051758e-01
-2.298447370529174805e+00
-9.981250166893005371e-01
-2.417000055313110352e+00
-2.416214466094970703e+00
2.608397483825683594e+00
7.827847003936767578e-01
9.119759798049926758e-01
-4.569600224494934082e-01
-5.615783929824829102e-01
-2.572901546955108643e-03
-4.333444595336914062e+00
-3.533149480819702148e+00
-1.855424761772155762e+00
6.816435456275939941e-01
-8.860993385314941406e-01
-2.859981298446655273e+00
-3.312628507614135742e+00
-3.559223651885986328e+00
-9.337568879127502441e-01
-7.303299903869628906e-01
-1.331769824028015137e-01
-1.198344305157661438e-01
6.803197860717773438e-01
1.039843440055847168e+00
-1.387834072113037109e+00
-1.798533082008361816e+00
-1.531154751777648926e+00
-4.248754382133483887e-01
-4.764195084571838379e-01
-3.401531934738159180e+00
-3.271104812622070312e+00
-1.054962038993835449e+00
-3.595247030258178711e+00
-3.803338766098022461e+00
-5.679241657257080078e+00
-4.097300529479980469e+00
-3.625967025756835938e+00
-4.042429447174072266e+00
-4.019381999969482422e+00
-3.525767087936401367e+00
-2.751873731613159180e+00
-2.852500677108764648e+00
-2.642883062362670898e+00
-7.943465709686279297e+00
-8.060748577117919922e-01
-2.589306592941284180e+00
7.887501716613769531e-01
1.178382992744445801e+00
5.862488746643066406e-01
1.051812529563903809e+00
1.558855772018432617e-01
-6.627787351608276367e-01
-1.635568022727966309e+00
7.927224040031433105e-01
1.644050240516662598e+00
-1.408632636070251465e+00
5.867481827735900879e-01
1.119386315345764160e+00
3.330077648162841797e+00
4.373013973236083984e+00
3.292955636978149414e+00
6.715271472930908203e-01
1.108051896095275879e+00
-1.580276846885681152e+00
9.521233290433883667e-02
-2.988612890243530273e+00
-1.643614530563354492e+00
1.208206653594970703e+00
-5.256012082099914551e-04
1.816830635070800781e-01
-1.185039877891540527e+00
1.490055918693542480e-01
-6.387198716402053833e-02
7.929692268371582031e-01
2.946627378463745117e+00
-3.211680650711059570e-01
1.881989359855651855e+00
1.904002428054809570e+00
1.385053515434265137e+00
2.338505029678344727e+00
-3.924226760864257812e-01
-1.679344773292541504e+00
2.728121280670166016e-01
4.596602171659469604e-02
1.893140196800231934e+00
-2.020071148872375488e-01
-1.003364399075508118e-01
1.555268764495849609e-01
-1.264161467552185059e+00
-6.435862779617309570e-01
-5.003234148025512695e-01
7.597764134407043457e-01
1.337483763694763184e+00
2.807800173759460449e-01
6.167957782745361328e-01
6.581734418869018555e-01
-1.167089104652404785e+00
8.584287762641906738e-01
6.336919069290161133e-01
9.152812361717224121e-01
1.182035088539123535e+00
7.109448909759521484e-01
-1.695650815963745117e-01
-3.535431623458862305e-01
6.214169263839721680e-01
-2.364752292633056641e-01
4.684184789657592773e-01
7.445811033248901367e-01
1.266457319259643555e+00
1.025287985801696777e+00
1.593634963035583496e+00
1.806607723236083984e+00
1.541078209877014160e+00
1.245637416839599609e+00
1.043302297592163086e+00
-3.671389818191528320e-01
-1.186599373817443848e+00
-4.511988908052444458e-02
1.004501223564147949e+00
8.776450157165527344e-01
6.174515932798385620e-02
9.185270071029663086e-01
2.168239355087280273e+00
-2.839620351791381836e+00
-1.030373930931091309e+00
2.366290092468261719e+00
4.581164121627807617e-01
7.948064804077148438e-01
4.012293338775634766e+00
-1.287085533142089844e+00
-7.298704385757446289e-01
1.225428819656372070e+00
2.003232002258300781e+00
-1.018521070480346680e+00
-4.924726486206054688e-01
-6.675360202789306641e-01
-3.721460342407226562e+00
-1.512213349342346191e+00
-1.587655663490295410e+00
-3.935229778289794922e-01
-2.638839006423950195e+00
2.040312588214874268e-01
-1.323348283767700195e-01
-3.983166217803955078e-01
1.707583546638488770e+00
1.784750103950500488e+00
-4.821194410324096680e-01
2.127225160598754883e+00
2.762824296951293945e+00
-1.296297311782836914e+00
7.818193435668945312e-01
-5.874336510896682739e-02
-1.143942713737487793e+00
-1.447136282920837402e+00
-6.057044267654418945e-01
-1.083602786064147949e+00
-1.182000994682312012e+00
-2.912409305572509766e-01
2.329257488250732422e+00
1.349932312965393066e+00
-4.468055963516235352e-01
-5.495210886001586914e-01
6.015887260437011719e-01
-2.392911911010742188e+00
6.725718379020690918e-01
1.881139278411865234e-01
1.299570918083190918e+00
3.234719038009643555e-01
6.193815469741821289e-01
8.485340327024459839e-02
-6.658328771591186523e-01
-1.827654480934143066e+00
-1.263051748275756836e+00
-8.276396989822387695e-01
2.501544356346130371e-01
-1.035237431526184082e+00
-9.607334136962890625e-01
-1.320773363113403320e+00
-1.214430928230285645e+00
-1.872976183891296387e+00
-3.343526124954223633e+00
-2.299589157104492188e+00
-1.588244795799255371e+00
-3.390171289443969727e+00
-3.026288032531738281e+00
-1.304675221443176270e+00
-4.732841253280639648e-01
-7.915503978729248047e-01
8.275412321090698242e-01
2.156052112579345703e+00
1.721693396568298340e+00
1.063100218772888184e+00
1.071502566337585449e+00
7.954517602920532227e-01
-4.875863790512084961e-01
-5.549133569002151489e-02
1.283577322959899902e+00
-1.162037849426269531e+00
-2.406726837158203125e+00
-2.355467796325683594e+00
-2.836330890655517578e+00
-2.702990770339965820e+00
-1.934697031974792480e+00
-1.518727898597717285e+00
-1.522421717643737793e+00
-8.523141145706176758e-01
2.820085287094116211e-01
-2.737789452075958252e-01
1.215567588806152344e+00
1.648193597793579102e+00
3.306196689605712891e+00
5.639209747314453125e-01
8.700404167175292969e-01
8.149021863937377930e-01
-6.675339341163635254e-01
-4.921011328697204590e-01
-4.662090539932250977e-01
-8.362041711807250977e-01
-1.515112400054931641e+00
4.562051296234130859e+00
2.181711912155151367e+00
1.671292304992675781e+00
3.329293966293334961e+00
1.776858448982238770e+00
3.097913980484008789e+00
3.111567258834838867e+00
-1.384721159934997559e+00
3.273511886596679688e+00
2.216625928878784180e+00
1.723932474851608276e-02
8.654403686523437500e-01
5.464762449264526367e-01
8.259605765342712402e-01
7.529138773679733276e-02
-1.577159643173217773e+00
1.055185914039611816e+00
9.369047880172729492e-01
1.814264357089996338e-01
2.719890326261520386e-02
-4.691846668720245361e-03
7.847123146057128906e-01
4.056944370269775391e+00
2.608989477157592773e-01
-2.344355106353759766e+00
-1.864262819290161133e-01
2.588952779769897461e+00
2.360044717788696289e+00
5.451772689819335938e+00
2.905073404312133789e+00
6.340661048889160156e-01
1.583802461624145508e+00
4.042608737945556641e+00
-1.059711813926696777e+00
1.031357884407043457e+00
1.077178120613098145e+00
-7.223201990127563477e-01
-2.356323957443237305e+00
-8.865637779235839844e-01
-1.323528885841369629e+00
-1.753846406936645508e-01
3.034800291061401367e-01
-1.253441572189331055e-01
4.190930128097534180e-01
-1.474478363990783691e+00
1.728178262710571289e+00
6.631444692611694336e-01
1.582145452499389648e+00
-5.437837839126586914e-01
1.919918179512023926e+00
1.449715733528137207e+00
3.521266698837280273e+00
2.021022081375122070e+00
-9.712939858436584473e-01
-1.035271644592285156e+00
-1.284500479698181152e+00
-2.391706109046936035e-01
2.453101634979248047e+00
1.388889908790588379e+00
-2.712674856185913086e+00
1.587378263473510742e+00
-2.016468524932861328e+00
-4.163547754287719727e-01
3.214220762252807617e+00
2.227223634719848633e+00
2.453881978988647461e+00
2.301207780838012695e+00
8.448747396469116211e-01
5.182217806577682495e-02
1.164942145347595215e+00
-4.565298557281494141e-01
7.105315327644348145e-01
-3.480129003524780273e+00
-1.767327666282653809e+00
-4.189347743988037109e+00
-3.774539232254028320e-01
-1.843224763870239258e-01
-1.247431159019470215e+00
-1.614400982856750488e+00
2.725445479154586792e-02
1.146332621574401855e+00
1.296640992164611816e+00
1.888474225997924805e-01
3.559793233871459961e-01
4.497643709182739258e-01
3.758673667907714844e-01
-2.041503190994262695e+00
1.644028544425964355e+00
-9.238798618316650391e-01
-2.146354913711547852e+00
1.430342078208923340e+00
-1.072609066963195801e+00
2.396243572235107422e+00
7.601174116134643555e-01
3.138071298599243164e+00
1.395511865615844727e+00
2.749589681625366211e-01
7.888294458389282227e-01
1.348797678947448730e+00
1.227008938789367676e+00
2.658553838729858398e+00
3.491059303283691406e+00
-2.093116521835327148e+00
-2.462621927261352539e-01
3.585488200187683105e-01
-1.348105192184448242e+00
-1.061119556427001953e+00
8.161925524473190308e-02
-9.860092401504516602e-01
1.528477787971496582e+00
-2.115598201751708984e+00
1.480252623558044434e+00
-1.952603936195373535e+00
-4.775310516357421875e+00
-2.450246334075927734e+00
-9.068391323089599609e-01
-1.044464707374572754e+00
1.110850498080253601e-01
-4.185280203819274902e-01
-2.666466474533081055e+00
-4.276064634323120117e-01
-5.860054492950439453e-01
-1.099874258041381836e+00
-2.181863784790039062e-01
-2.193421363830566406e+00
-1.542201638221740723e+00
-3.684378862380981445e-01
-4.025075435638427734e-01
-2.109256744384765625e+00
1.593173623085021973e+00
2.510203123092651367e-01
-1.085951328277587891e+00
-1.211056187748908997e-01
-1.270731568336486816e+00
-2.732849121093750000e+00
-1.576719284057617188e+00
1.179390788078308105e+00
-5.719895958900451660e-01
-7.052026987075805664e-01
-1.119023919105529785e+00
1.712440252304077148e-01
-6.510919332504272461e-01
-1.247346282005310059e+00
-3.580949306488037109e-01
7.712125033140182495e-02
6.614762544631958008e-01
-2.399779319763183594e+00
1.489178299903869629e+00
-9.979921579360961914e-01
-2.943030118942260742e+00
-2.276058912277221680e+00
-8.156042098999023438e-01
-9.853314161300659180e-01
2.669240951538085938e+00
3.152541399002075195e+00
-6.931387186050415039e-01
1.087852835655212402e+00
-9.235419034957885742e-01
-1.813371181488037109e-01
-4.047701358795166016e-01
6.613694429397583008e-01
-3.422454595565795898e+00
-8.038723468780517578e-01
-3.112578392028808594e-01
6.955906152725219727e-01
2.653493165969848633e+00
-1.256458759307861328e-01
-4.521389007568359375e-01
-6.456981897354125977e-01
1.659551262855529785e+00
-2.422471761703491211e+00
2.140915870666503906e+00
4.653483033180236816e-01
1.287238121032714844e+00
-1.892987966537475586e+00
-1.777954697608947754e+00
1.607757210731506348e+00
1.337397217750549316e+00
1.507027268409729004e+00
2.272234201431274414e+00
-1.524696230888366699e+00
2.200837373733520508e+00
-4.022002220153808594e+00
-2.230733633041381836e+00
5.839091539382934570e-01
1.504077434539794922e+00
-2.455269098281860352e-01
2.426408976316452026e-02
-2.540776014328002930e+00
6.928759813308715820e-01
3.135725259780883789e-01
2.698730230331420898e-01
-6.400681734085083008e-01
9.428334832191467285e-01
4.519870281219482422e-01
5.950791835784912109e-01
1.185338616371154785e+00
1.767904877662658691e+00
2.026883125305175781e+00
1.894106507301330566e+00
9.368249177932739258e-01
3.381300687789916992e+00
1.705036401748657227e+00
2.053941726684570312e+00
3.070451021194458008e-01
-3.006458044052124023e+00
-1.328684091567993164e+00
8.741155862808227539e-01
-1.782478690147399902e+00
-1.942927956581115723e+00
3.532651662826538086e-01
3.696568727493286133e+00
-6.247708201408386230e-01
1.607600331306457520e+00
-2.053265333175659180e+00
-8.243204355239868164e-01
-2.421816825866699219e+00
2.928216457366943359e+00
8.758283853530883789e-01
-6.826487779617309570e-01
1.370583772659301758e-01
-2.470736503601074219e-01
-9.136346578598022461e-01
-6.551886796951293945e-01
7.460982799530029297e-01
2.768480032682418823e-02
2.514691352844238281e-01
2.962647914886474609e+00
3.174034833908081055e+00
7.669686079025268555e-01
5.165606141090393066e-01
-1.160107612609863281e+00
2.931098341941833496e-01
-3.178802132606506348e-01
2.752221822738647461e-01
-9.522516727447509766e-01
2.046512812376022339e-02
8.114883899688720703e-01
1.570294380187988281e+00
3.048542737960815430e-01
-2.631685018539428711e+00
6.305783390998840332e-01
-1.831560134887695312e-01
1.034062266349792480e+00
-1.986935496330261230e+00
-2.333207845687866211e+00
-1.869063377380371094e-01
1.372197866439819336e+00
-1.398195505142211914e+00
-7.078915834426879883e-01
1.002011775970458984e+00
1.143383860588073730e+00
-8.906545639038085938e-01
-8.294318914413452148e-01
-2.192506074905395508e+00
5.790106952190399170e-03
-1.619681239128112793e+00
3.391003370285034180e+00
1.890890121459960938e+00
2.412223577499389648e+00
5.857881307601928711e-01
2.500834465026855469e-01
9.130214452743530273e-01
1.904114365577697754e+00
-2.132524490356445312e+00
1.541130185127258301e+00
1.056629538536071777e+00
7.550735473632812500e-01
-1.995922446250915527e+00
1.246431469917297363e+00
4.810615777969360352e-01
-5.353070497512817383e-01
-6.608463525772094727e-01
1.803184628486633301e+00
1.228820323944091797e+00
-6.447138786315917969e-01
-1.792072951793670654e-01
4.414686203002929688e+00
-1.223266199231147766e-01
-2.005892992019653320e-01
2.619316577911376953e+00
4.174402236938476562e+00
-1.877283930778503418e+00
-2.206643342971801758e+00
7.508693933486938477e-01
-2.020819187164306641e+00
-1.352153420448303223e+00
-2.078395605087280273e+00
2.215820550918579102e-01
-5.609581470489501953e-01
-3.438359498977661133e-01
3.235283613204956055e+00
-6.418520212173461914e-01
-1.160877823829650879e+00
-2.057572603225708008e+00
-1.560797333717346191e+00
-2.393554925918579102e+00
-2.609212636947631836e+00
-9.769366979598999023e-01
-1.876327157020568848e+00
-3.641361594200134277e-01
-3.075692415237426758e+00
1.732599139213562012e-01
1.842018961906433105e+00
3.254111528396606445e+00
7.564531564712524414e-01
4.095762252807617188e+00
2.468230724334716797e+00
3.728316783905029297e+00
-8.911623954772949219e-01
1.256186127662658691e+00
3.453255891799926758e-01
-1.111203432083129883e+00
1.893835425376892090e+00
8.552670478820800781e-01
1.950038909912109375e+00
-3.426048517227172852e+00
-9.986199736595153809e-01
1.348707437515258789e+00
-6.162163019180297852e-01
-5.513948202133178711e-01
-3.438235521316528320e-01
-9.986936450004577637e-01
1.546023726463317871e+00
2.053756952285766602e+00
3.658269643783569336e+00
2.923738718032836914e+00
3.403063535690307617e+00
3.529283285140991211e+00
3.248595952987670898e+00
3.990550279617309570e+00
-1.485524177551269531e+00
-1.356955647468566895e+00
-1.205449342727661133e+00
-1.018122673034667969e+00
-9.847871065139770508e-01
-5.426703095436096191e-01
-6.172424554824829102e-01
-2.330260038375854492e+00
2.648829668760299683e-02
1.751805543899536133e-01
3.094278097152709961e+00
-3.976950883865356445e+00
-6.392278671264648438e-01
-5.146309137344360352e-01
2.236564159393310547e-01
3.224559068679809570e+00
1.845360159873962402e+00
7.152918577194213867e-01
1.852147698402404785e+00
1.910175085067749023e+00
2.079576253890991211e-01
-5.937632322311401367e-01
-9.667782783508300781e-01
3.404410600662231445e+00
-4.161199331283569336e-01
1.677943944931030273e+00
-1.048294380307197571e-01
-5.819768905639648438e-01
1.947770595550537109e+00
-1.578715562820434570e+00
-1.788538098335266113e+00
2.360151290893554688e+00
-1.184143662452697754e+00
-1.010374426841735840e+00
-1.156798362731933594e+00
4.365502595901489258e-01
2.736576795578002930e-01
3.448108434677124023e-01
-1.672614812850952148e-01
2.150844573974609375e+00
1.606570720672607422e+00
5.329200267791748047e+00
4.196000099182128906e+00
3.253284215927124023e+00
1.365882515907287598e+00
1.124146819114685059e+00
2.160924196243286133e+00
2.534147977828979492e+00
1.964562416076660156e+00
-1.282853484153747559e+00
-2.213594198226928711e+00
-3.579689502716064453e+00
-1.177405193448066711e-01
3.256483078002929688e+00
5.018887519836425781e-01
-2.551496982574462891e+00
-5.299486160278320312e+00
-4.378944873809814453e+00
-8.087572097778320312e+00
-2.253086566925048828e+00
-5.202014446258544922e-01
-4.082901477813720703e+00
-9.741455316543579102e-01
-2.473665952682495117e+00
-8.052484393119812012e-01
5.480702519416809082e-01
1.261562108993530273e+00
-2.313463449478149414e+00
-1.961730599403381348e+00
7.468522787094116211e-01
1.384030580520629883e-01
-4.246071577072143555e-01
-8.942838907241821289e-01
4.812993049621582031e+00
2.954228401184082031e+00
-1.022249817848205566e+00
2.119565486907958984e+00
1.043689131736755371e+00
3.169515728950500488e-01
1.104464173316955566e+00
2.027109861373901367e+00
-2.305576562881469727e+00
-2.715107917785644531e+00
-1.935632109642028809e+00
-3.048788309097290039e+00
-1.660289764404296875e+00
-2.004022121429443359e+00
-3.387739181518554688e+00
1.753489971160888672e+00
-9.902501702308654785e-01
-1.376165986061096191e+00
-2.015694379806518555e+00
8.036366701126098633e-01
9.570590257644653320e-01
1.721646666526794434e+00
7.826867103576660156e-01
-8.860517740249633789e-01
-1.621441602706909180e+00
1.111730456352233887e+00
-2.317998647689819336e+00
-9.633775949478149414e-01
-1.119859814643859863e+00
-4.811261892318725586e-01
-5.792455673217773438e-01
1.681161999702453613e+00
2.314111471176147461e+00
-2.192098855972290039e+00
-4.496755123138427734e+00
3.895672559738159180e-01
-2.223578691482543945e+00
1.897026300430297852e-01
3.520233333110809326e-01
3.387175798416137695e+00
-1.454372882843017578e+00
2.300135791301727295e-03
-1.307681560516357422e+00
-1.258724927902221680e+00
2.835068464279174805e+00
6.610921621322631836e-01
1.625006556510925293e+00
1.295488119125366211e+00
-1.083008408546447754e+00
3.702877283096313477e+00
-1.652691245079040527e+00
3.458216786384582520e-01
-1.018936157226562500e+00
-1.559181094169616699e+00
-1.345145702362060547e-01
2.472163438796997070e+00
1.696728467941284180e-01
1.230138182640075684e+00
-1.077547192573547363e+00
-1.100599884986877441e+00
2.534352064132690430e+00
1.288193464279174805e+00
1.358938336372375488e+00
-2.032816648483276367e+00
-3.334887742996215820e+00
-1.493718981742858887e+00
-1.450371861457824707e+00
-1.499604105949401855e+00
-4.963835239410400391e+00
-1.738279700279235840e+00
5.972123146057128906e-01
-7.050067782402038574e-01
-2.625690937042236328e+00
2.462540864944458008e-01
2.633477449417114258e-01
-1.591035485267639160e+00
-1.533848881721496582e+00
8.527060747146606445e-01
3.564125299453735352e-01
4.981790781021118164e-01
1.499197363853454590e+00
2.842523813247680664e+00
2.641057968139648438e+00
1.762512564659118652e+00
-1.436903595924377441e+00
1.759086966514587402e+00
1.830440402030944824e+00
5.826443433761596680e-01
2.054833412170410156e+00
-2.051273107528686523e+00
-2.999299764633178711e-01
-1.969559907913208008e+00
-5.547990322113037109e+00
-3.386171102523803711e+00
8.341122865676879883e-01
1.255843639373779297e-01
2.571558713912963867e+00
1.947570204734802246e+00
-4.212237358093261719e+00
3.503041028976440430e+00
4.266321182250976562e+00
3.618293046951293945e+00
-6.466754674911499023e-01
-4.107279300689697266e+00
7.341450452804565430e-01
8.835195302963256836e-01
1.697217226028442383e-01
4.321898221969604492e-01
1.385353684425354004e+00
-1.501348614692687988e+00
-1.566873431205749512e+00
-1.031949639320373535e+00
1.526891827583312988e+00
4.518301010131835938e+00
1.573873877525329590e+00
1.169638514518737793e+00
-3.260540962219238281e+00
9.217074513435363770e-01
-1.558502554893493652e+00
2.461480855941772461e+00
2.734995126724243164e+00
2.716516971588134766e+00
1.176373600959777832e+00
1.139539241790771484e+00
-1.302483677864074707e+00
-3.542254686355590820e+00
7.388256788253784180e-01
-6.432369947433471680e-01
-7.877572774887084961e-01
6.722233295440673828e-01
1.938962936401367188e-01
-7.302981615066528320e-01
-2.041976690292358398e+00
-1.271459102630615234e+00
-3.081883192062377930e-01
6.584511995315551758e-01
5.100892782211303711e-01
1.213315963745117188e+00
5.851951837539672852e-01
-3.806842565536499023e+00
-3.495083332061767578e+00
-1.616523861885070801e+00
-1.063269376754760742e+00
1.496341824531555176e+00
9.537016600370407104e-02
2.612048149108886719e+00
-8.923043012619018555e-01
-5.425375699996948242e-01
2.373243570327758789e-01
-6.502701044082641602e-01
-1.697145938873291016e+00
-9.318243265151977539e-01
-9.807345271110534668e-01
1.412861943244934082e+00
-5.886722356081008911e-02
1.747805714607238770e+00
-1.102835536003112793e+00
2.394983530044555664e+00
-2.770830154418945312e+00
5.506859779357910156e+00
-1.007184267044067383e+00
-1.035396456718444824e+00
2.909308075904846191e-01
-5.642272233963012695e-01
-2.586771249771118164e-01
