1.560377955436706543e+00
2.303726911544799805e+00
2.582792997360229492e+00
1.046664476394653320e+00
5.672821402549743652e-01
1.018610715866088867e+00
1.179516434669494629e+00
1.086538314819335938e+00
1.122923851013183594e+00
-1.462064266204833984e+00
-1.973543643951416016e+00
-3.310293436050415039e+00
-2.378984928131103516e+00
-1.700165390968322754e+00
-1.330077409744262695e+00
-1.286170363426208496e+00
-7.425969243049621582e-01
-4.842007756233215332e-01
-6.569445133209228516e-01
-1.560014635324478149e-01
-2.884823083877563477e-01
-1.247780084609985352e+00
-6.886296272277832031e-01
-3.803192973136901855e-01
-2.392223626375198364e-01
-1.202167421579360962e-01
2.326773107051849365e-02
2.187425345182418823e-01
4.706284999847412109e-01
1.408462762832641602e+00
9.935465455055236816e-01
7.197924852371215820e-01
7.885333299636840820e-01
8.436760902404785156e-01
1.447868347167968750e+00
2.576962232589721680e+00
9.202222228050231934e-01
1.708420395851135254e+00
7.370235323905944824e-01
6.655319333076477051e-01
6.010423302650451660e-01
6.285869479179382324e-01
5.568808913230895996e-01
4.165700674057006836e-01
3.287099003791809082e-01
2.593880295753479004e-01
1.931407898664474487e-01
1.393748968839645386e-01
8.952485024929046631e-02
2.385430037975311279e-02
-6.591631472110748291e-02
-1.628257185220718384e-01
-2.396533638238906860e-01
-2.879902124404907227e-01
-3.272408843040466309e-01
-3.821673989295959473e-01
-4.655690193176269531e-01
-5.512233972549438477e-01
-6.093437075614929199e-01
-6.265788674354553223e-01
-6.241893172264099121e-01
-6.249707937240600586e-01
-6.334541440010070801e-01
-6.332937479019165039e-01
-6.227695345878601074e-01
-6.004055738449096680e-01
-1.457188963890075684e+00
5.286933779716491699e-01
1.120853781700134277e+00
3.395631313323974609e-01
2.659849822521209717e-02
-2.880768179893493652e-01
-3.637680411338806152e-01
1.052868962287902832e+00
4.227559268474578857e-02
-2.810212969779968262e-01
3.155922293663024902e-01
-3.535531163215637207e-01
-3.926187157630920410e-01
-1.293456703424453735e-01
5.676338076591491699e-01
-1.447357237339019775e-02
1.874559372663497925e-01
8.417202830314636230e-01
-8.289151787757873535e-01
-2.227919101715087891e+00
-3.034362077713012695e+00
-1.396484851837158203e+00
-2.541321039199829102e+00
-2.873202800750732422e+00
-2.136841058731079102e+00
-9.291487336158752441e-01
-3.067187666893005371e-01
-7.846751809120178223e-01
-7.019780278205871582e-01
1.042230576276779175e-01
1.047401547431945801e+00
1.588680267333984375e+00
9.994321465492248535e-01
-9.257583320140838623e-02
-1.164066076278686523e+00
8.117564320564270020e-01
3.005596995353698730e-01
1.294030427932739258e+00
4.718177914619445801e-01
1.200189232826232910e+00
1.110195994377136230e+00
7.233825325965881348e-01
3.732597231864929199e-01
5.614493787288665771e-02
2.634885907173156738e-01
6.438215374946594238e-01
3.731371760368347168e-01
1.455284804105758667e-01
1.117516010999679565e-01
1.312926262617111206e-01
9.390555322170257568e-02
4.811213910579681396e-02
7.934793829917907715e-03
-2.688087522983551025e-02
-5.735702812671661377e-02
-8.389766514301300049e-02
-1.065384298563003540e-01
-1.254874020814895630e-01
-1.407485753297805786e-01
-1.527533680200576782e-01
-1.620013862848281860e-01
-1.689666062593460083e-01
-1.740204244852066040e-01
-1.769994050264358521e-01
-1.789786964654922485e-01
-1.795025616884231567e-01
-1.819232851266860962e-01
-1.754766851663589478e-01
-1.734017282724380493e-01
-2.068032771348953247e-01
-3.911761641502380371e-01
-6.420708298683166504e-01
-1.688843518495559692e-01
1.135959476232528687e-01
-1.159891039133071899e-01
-6.467030048370361328e-01
-4.462618827819824219e-01
-1.016840219497680664e+00
-6.374664902687072754e-01
-1.789810895919799805e+00
-3.027964830398559570e+00
-2.760034084320068359e+00
-6.822679042816162109e-01
-3.623373508453369141e-01
-1.237469196319580078e+00
-1.411055684089660645e+00
-5.895431637763977051e-01
-1.118872404098510742e+00
-1.125655770301818848e+00
-3.632101297378540039e+00
-2.359298467636108398e+00
-1.978582620620727539e+00
-8.575447797775268555e-01
4.280814528465270996e-01
7.328981757164001465e-01
-5.902168154716491699e-01
-2.576393365859985352e+00
-7.965854406356811523e-01
1.431178569793701172e+00
4.051745533943176270e-01
-2.499088764190673828e+00
-1.756023883819580078e+00
-1.650146484375000000e+00
-1.496497631072998047e+00
-1.450572252273559570e+00
-2.028234720230102539e+00
-2.619661092758178711e+00
-1.333445668220520020e+00
-2.185143470764160156e+00
-1.401634931564331055e+00
-1.758006572723388672e+00
-2.153940498828887939e-02
-2.026603966951370239e-01
5.872221589088439941e-01
-1.734584212303161621e+00
-6.262997388839721680e-01
-6.398794054985046387e-01
2.981981635093688965e-01
6.252319216728210449e-01
4.052578806877136230e-01
-5.315850377082824707e-01
3.679139018058776855e-01
-1.275374412536621094e+00
4.084745049476623535e-01
-1.243160724639892578e+00
-2.947493553161621094e+00
-2.664062261581420898e+00
-1.554941892623901367e+00
-2.029386997222900391e+00
2.213761061429977417e-01
-6.325961947441101074e-01
3.145780563354492188e-01
1.359732866287231445e+00
2.735239863395690918e-01
-2.311994075775146484e+00
-1.529987096786499023e+00
2.430406063795089722e-01
-2.806318998336791992e+00
-2.138767004013061523e+00
-2.627321958541870117e+00
1.328955590724945068e-02
5.894043445587158203e-01
1.863922834396362305e+00
3.574804961681365967e-02
4.529111385345458984e-01
1.132013559341430664e+00
-9.757444262504577637e-01
1.855551600456237793e+00
1.416034936904907227e+00
1.165587425231933594e+00
1.723177194595336914e+00
7.079300880432128906e-01
-4.220389723777770996e-01
-1.587570190429687500e+00
-1.574962586164474487e-01
2.349073737859725952e-01
3.908529281616210938e-01
-1.332095503807067871e+00
1.695221811532974243e-01
-3.173012733459472656e-01
-4.664294719696044922e-01
-3.049842715263366699e-01
-4.939309954643249512e-01
-2.395629644393920898e+00
-5.920193195343017578e-01
8.448705077171325684e-03
-2.750219345092773438e+00
1.924410015344619751e-01
-8.139412105083465576e-02
-1.277710497379302979e-02
1.798075288534164429e-01
9.823110699653625488e-01
-4.241959452629089355e-01
2.336256951093673706e-01
3.322198629379272461e+00
3.384476423263549805e+00
2.659555435180664062e+00
2.577287673950195312e+00
3.545924425125122070e+00
3.822647333145141602e+00
3.172261476516723633e+00
2.839665889739990234e+00
2.301552534103393555e+00
2.054638147354125977e+00
3.576047897338867188e+00
1.936357140541076660e+00
1.690483570098876953e+00
2.390348911285400391e+00
2.880488157272338867e+00
3.700597524642944336e+00
4.698668003082275391e+00
4.990539550781250000e+00
1.502392649650573730e+00
3.074226140975952148e+00
1.374362826347351074e+00
5.712635517120361328e-01
1.622384548187255859e+00
2.564415931701660156e-01
3.200931072235107422e+00
2.407264947891235352e+00
3.370617866516113281e+00
2.252721309661865234e+00
-3.471924364566802979e-02
1.475717067718505859e+00
2.864783048629760742e+00
1.927517652511596680e+00
2.656428575515747070e+00
3.410647630691528320e+00
1.063207030296325684e+00
2.205829620361328125e+00
1.972595214843750000e+00
-3.403440117835998535e-01
-3.088978052139282227e+00
-2.267066240310668945e+00
-1.481216073036193848e+00
-1.336035490036010742e+00
1.447848975658416748e-02
-1.260011315345764160e+00
-9.804735779762268066e-01
-1.934247851371765137e+00
1.930821388959884644e-01
1.104326099157333374e-01
4.654052853584289551e-01
4.038193225860595703e-01
1.788936704397201538e-01
-2.385466843843460083e-01
1.340613603591918945e+00
5.032718777656555176e-01
5.660213828086853027e-01
1.938108652830123901e-01
-3.944231867790222168e-01
3.142689466476440430e-01
9.927277266979217529e-02
-8.845904469490051270e-01
-3.146387934684753418e-01
-4.240344166755676270e-01
-2.292505741119384766e+00
-2.571913957595825195e+00
3.145900368690490723e-01
1.879747211933135986e-01
-6.188871860504150391e-01
2.737466990947723389e-02
-1.465557694435119629e+00
8.103405833244323730e-01
-1.081149697303771973e+00
-1.143191456794738770e+00
1.290505975484848022e-01
1.394544094800949097e-01
-7.454344630241394043e-01
-1.078659772872924805e+00
-1.508403658866882324e+00
-4.406570792198181152e-01
-6.575033068656921387e-01
-9.939700961112976074e-01
-1.169433593750000000e+00
-9.901832938194274902e-01
-1.115122318267822266e+00
-2.856193184852600098e-01
2.585914134979248047e-01
-1.170565605163574219e+00
-8.607109189033508301e-01
-8.550054430961608887e-01
6.568821072578430176e-01
-1.934388399124145508e+00
-3.473504066467285156e+00
2.581828832626342773e-01
-8.792348206043243408e-02
-2.168366909027099609e+00
-1.167487651109695435e-01
-8.238660693168640137e-01
3.457500338554382324e-01
-1.057727336883544922e+00
-1.136318445205688477e+00
-1.450409412384033203e+00
-7.853244543075561523e-01
8.266784250736236572e-02
-8.356898427009582520e-01
-1.086732864379882812e+00
-1.808594912290573120e-01
-1.261539578437805176e+00
-5.319284200668334961e-01
8.443699777126312256e-02
-5.561807155609130859e-01
-7.112020850181579590e-01
-1.008095145225524902e+00
-2.379673957824707031e+00
-6.979219317436218262e-01
-1.846424341201782227e+00
-1.600111603736877441e+00
4.599641263484954834e-02
-5.312768816947937012e-01
-3.375564515590667725e-02
3.851907849311828613e-01
-1.665192842483520508e+00
-9.962984919548034668e-01
3.430642485618591309e-01
-1.205732583999633789e+00
-6.145558953285217285e-01
-1.000045984983444214e-01
-5.176296234130859375e-01
4.319179654121398926e-01
7.774137258529663086e-01
1.386852025985717773e+00
4.423627257347106934e-01
1.100398063659667969e+00
-1.022501587867736816e+00
-2.364710718393325806e-01
5.184070467948913574e-01
8.012127280235290527e-01
2.639238119125366211e+00
2.567668914794921875e+00
1.592111587524414062e+00
1.415797829627990723e+00
5.350947380065917969e-01
7.205360531806945801e-01
2.754897475242614746e-01
2.316513508558273315e-01
-7.013369798660278320e-01
-2.085518389940261841e-01
1.707500070333480835e-01
-3.096559643745422363e-01
-1.695122271776199341e-01
3.354149460792541504e-01
1.562259674072265625e+00
8.398887515068054199e-01
5.471580028533935547e-01
-1.126169711351394653e-01
-1.562253713607788086e+00
5.496193170547485352e-01
-1.559028983116149902e+00
-1.836933612823486328e+00
6.539478302001953125e-01
-3.083180189132690430e-01
-3.264806270599365234e-01
-7.782243192195892334e-02
-6.238587200641632080e-02
4.284734129905700684e-01
5.962904691696166992e-01
-1.124563962221145630e-01
-1.403813838958740234e+00
-3.188632249832153320e+00
-2.934235572814941406e+00
-2.964567661285400391e+00
-9.713026881217956543e-01
7.334579229354858398e-01
-6.737251579761505127e-02
-1.218236684799194336e+00
-1.472017407417297363e+00
-7.902633547782897949e-01
7.119606435298919678e-02
-2.103694826364517212e-01
-9.338665604591369629e-01
-2.607605218887329102e+00
-1.549983263015747070e+00
-1.250993251800537109e+00
-1.422436952590942383e+00
-8.834573030471801758e-01
-3.901957869529724121e-01
-4.136217236518859863e-01
-2.678618192672729492e+00
-1.575532317161560059e+00
-8.831378817558288574e-01
-1.465294063091278076e-01
-1.998077183961868286e-01
-7.044959068298339844e-01
-2.294985204935073853e-01
-2.569121718406677246e-01
-1.462015658617019653e-01
-8.468641340732574463e-02
-1.620878130197525024e-01
5.194481611251831055e-01
-1.370048642158508301e+00
3.076776266098022461e-01
8.031444251537322998e-02
-1.596554517745971680e+00
-8.772315382957458496e-01
-1.515111446380615234e+00
-7.867150902748107910e-01
-1.493794322013854980e+00
2.455984205007553101e-01
1.052067428827285767e-01
-1.319559335708618164e+00
-8.706159889698028564e-02
-1.915581077337265015e-01
-2.567647695541381836e-01
8.737088739871978760e-02
-5.473151803016662598e-03
2.703169584274291992e-01
-5.209421515464782715e-01
-6.301285624504089355e-01
7.586744427680969238e-01
-7.934717833995819092e-02
5.688507854938507080e-02
-2.938492894172668457e-01
-9.205648303031921387e-01
2.261797636747360229e-01
1.746986359357833862e-01
-9.098772406578063965e-01
1.504756063222885132e-01
1.000401616096496582e+00
1.020778894424438477e+00
-5.564815402030944824e-01
5.069842934608459473e-01
-9.930230677127838135e-02
-1.015210747718811035e+00
-1.138284444808959961e+00
-6.217163801193237305e-01
-1.805258840322494507e-01
3.427736461162567139e-02
1.080350726842880249e-01
4.302768409252166748e-02
1.051729768514633179e-01
1.240470647811889648e+00
3.129953384399414062e+00
2.131603956222534180e+00
2.437947034835815430e+00
1.910822391510009766e+00
2.519527673721313477e+00
4.027920246124267578e+00
3.965518236160278320e+00
3.798496007919311523e+00
4.062157630920410156e+00
4.176963806152343750e+00
3.901007890701293945e+00
3.169932842254638672e+00
2.435413122177124023e+00
6.261240839958190918e-01
-1.359596729278564453e+00
-1.199261665344238281e+00
1.159307599067687988e+00
2.324673891067504883e+00
8.842450976371765137e-01
-3.334046006202697754e-01
-2.819206714630126953e+00
-1.890269517898559570e+00
4.998620152473449707e-01
7.501617670059204102e-01
-6.848378479480743408e-02
-7.680847644805908203e-01
-1.083262115716934204e-01
4.692589640617370605e-01
-2.629833221435546875e-01
2.357480973005294800e-01
2.126846462488174438e-01
-1.614203810691833496e+00
-2.815637826919555664e+00
-3.411629915237426758e+00
-3.509274959564208984e+00
-3.572612047195434570e+00
-3.307783842086791992e+00
-2.492609739303588867e+00
-1.251095294952392578e+00
1.900466918945312500e+00
8.399339318275451660e-01
-1.258496046066284180e+00
-1.440026402473449707e+00
-5.764606595039367676e-01
8.263767361640930176e-01
5.181961655616760254e-01
1.184025049209594727e+00
8.211315274238586426e-01
1.180845379829406738e+00
1.487185239791870117e+00
1.841130137443542480e+00
1.796892404556274414e+00
1.073866724967956543e+00
1.170904874801635742e+00
1.116914510726928711e+00
2.019601017236709595e-01
3.025403261184692383e+00
2.465461015701293945e+00
1.617686271667480469e+00
5.459566712379455566e-01
2.393605947494506836e+00
5.850866436958312988e-01
8.407600522041320801e-01
1.795861721038818359e+00
6.211937069892883301e-01
8.223697543144226074e-01
1.279681921005249023e+00
1.000481486320495605e+00
7.672474980354309082e-01
7.725484967231750488e-01
9.576998353004455566e-01
1.441141724586486816e+00
8.215346932411193848e-01
1.518494367599487305e+00
-9.028764367103576660e-01
-1.147912859916687012e+00
-1.438641905784606934e+00
-1.532863140106201172e+00
-9.781997203826904297e-01
2.004547864198684692e-01
9.988090395927429199e-01
4.556187987327575684e-01
-3.110986351966857910e-01
-8.917886614799499512e-01
-1.262851357460021973e+00
-1.311564922332763672e+00
-1.632551193237304688e+00
-2.080404520034790039e+00
-3.400374650955200195e+00
-8.972700238227844238e-01
-1.880277752876281738e+00
-1.443637609481811523e+00
-8.376726508140563965e-01
-1.015245437622070312e+00
1.703234165906906128e-01
-6.325430274009704590e-01
-6.405088305473327637e-01
-3.526814579963684082e-01
-1.648811578750610352e+00
-2.571379542350769043e-01
-4.454948008060455322e-02
-2.802739739418029785e-01
3.225247859954833984e-01
-1.835301071405410767e-01
-9.459252953529357910e-01
-7.366671562194824219e-01
-3.407076001167297363e-01
1.049325227737426758e+00
1.230888724327087402e+00
-7.187481224536895752e-02
4.278722405433654785e-01
1.056604832410812378e-01
1.458799093961715698e-01
2.343311756849288940e-01
1.385466307401657104e-01
1.236193627119064331e-01
-1.663567572832107544e-01
-3.305258154869079590e-01
-1.658080369234085083e-01
1.711492240428924561e-02
9.478732943534851074e-03
-2.997453510761260986e-02
1.340989768505096436e-02
4.499982297420501709e-02
-9.389341473579406738e-01
-4.417561888694763184e-01
-1.320855855941772461e+00
-2.338275194168090820e+00
-2.341413974761962891e+00
-2.038277149200439453e+00
-1.798836231231689453e+00
-1.378945469856262207e+00
-7.612900733947753906e-01
-1.723188906908035278e-01
1.694908589124679565e-01
1.650258541107177734e+00
-4.578687548637390137e-01
2.422420740127563477e+00
2.850771188735961914e+00
2.098927259445190430e+00
7.330895662307739258e-01
3.675128221511840820e-01
8.889868259429931641e-01
1.365021824836730957e+00
-1.779669672250747681e-01
-5.641801953315734863e-01
-1.893364191055297852e+00
7.082836031913757324e-01
-1.652262955904006958e-01
-2.915120124816894531e-01
8.870776891708374023e-01
1.330543041229248047e+00
-1.027331233024597168e+00
5.590443015098571777e-01
-6.331102848052978516e-01
-6.333613991737365723e-01
-6.272966861724853516e-01
-1.056831955909729004e+00
-2.224242210388183594e+00
-1.131057858467102051e+00
-2.267667531967163086e+00
-3.087236642837524414e+00
-3.324130773544311523e+00
-2.442247390747070312e+00
-2.924742698669433594e+00
-3.254785060882568359e+00
-6.505253911018371582e-01
-1.904343605041503906e+00
-1.796464204788208008e+00
-5.995633006095886230e-01
-3.487725853919982910e-01
-6.226443648338317871e-01
-1.919596940279006958e-01
1.122424125671386719e+00
2.054410427808761597e-01
1.908223330974578857e-02
-4.148037433624267578e-01
-2.983827888965606689e-02
-5.805082619190216064e-02
-1.857695102691650391e+00
-1.028699278831481934e+00
-1.466538459062576294e-01
-1.962872296571731567e-01
5.075778961181640625e-01
4.216287732124328613e-01
4.987311959266662598e-01
5.427339673042297363e-01
1.084005355834960938e+00
4.568119645118713379e-01
-5.874255299568176270e-01
-1.158673524856567383e+00
-5.791085362434387207e-01
6.356637179851531982e-02
-1.564628034830093384e-01
7.343735098838806152e-01
2.578381299972534180e+00
1.356121659278869629e+00
8.180682063102722168e-01
2.204294651746749878e-01
-1.855343729257583618e-01
-8.886124193668365479e-02
-5.688307881355285645e-01
-5.384822487831115723e-01
1.640180796384811401e-01
-1.563921719789505005e-01
-3.861482441425323486e-02
8.390621840953826904e-02
2.173071950674057007e-01
-2.968461811542510986e-02
-2.392823994159698486e-02
-5.983836948871612549e-02
-3.543026745319366455e-02
2.300362288951873779e-02
4.407744109630584717e-02
1.185789555311203003e-01
1.004314869642257690e-01
-1.151389002799987793e+00
-7.206494212150573730e-01
-1.094220280647277832e+00
-1.439981818199157715e+00
-5.294829607009887695e-04
-4.657983183860778809e-01
-1.300408989191055298e-01
-6.290015578269958496e-01
-1.787845253944396973e+00
-3.658612072467803955e-02
-1.809275984764099121e+00
-1.795567125082015991e-01
-7.425984740257263184e-01
1.100425124168395996e+00
1.877090334892272949e+00
1.724579334259033203e+00
1.338820934295654297e+00
1.249828338623046875e+00
1.274454355239868164e+00
1.363439559936523438e+00
1.473108291625976562e+00
1.409336447715759277e+00
1.367965698242187500e+00
1.303920269012451172e+00
1.928907394409179688e+00
1.853231787681579590e+00
1.814413189888000488e+00
1.785139322280883789e+00
1.743175029754638672e+00
1.717317342758178711e+00
3.224593162536621094e+00
1.923719644546508789e+00
3.733467578887939453e+00
-1.744620352983474731e-01
-3.613413095474243164e+00
-3.007561206817626953e+00
-2.302490234375000000e+00
-2.021544456481933594e+00
-1.505966782569885254e+00
2.713871598243713379e-01
2.679605007171630859e+00
9.104233384132385254e-01
-7.615115046501159668e-01
-1.135721325874328613e+00
7.967615127563476562e-01
-3.887603282928466797e-01
-8.888866305351257324e-01
-6.833665370941162109e-01
6.699199676513671875e-01
6.011301875114440918e-01
-1.064522981643676758e+00
-1.953956842422485352e+00
8.991110324859619141e-01
2.076940536499023438e+00
2.343112230300903320e+00
2.447227239608764648e+00
1.655602931976318359e+00
2.546320676803588867e+00
1.192846775054931641e+00
6.741110980510711670e-02
-5.937387347221374512e-01
-9.426842331886291504e-01
-1.702594995498657227e+00
4.111074805259704590e-01
7.570469975471496582e-01
1.763035506010055542e-01
-2.406194955110549927e-01
9.899395108222961426e-01
2.813656091690063477e+00
2.775345444679260254e-01
-5.266607403755187988e-01
-1.376952171325683594e+00
-2.378498554229736328e+00
-1.100377798080444336e+00
1.058191895484924316e+00
3.151021957397460938e+00
-7.077025175094604492e-01
-1.989380836486816406e+00
-2.407449960708618164e+00
-1.411125421524047852e+00
-8.804863095283508301e-01
-1.673705458641052246e+00
-1.775141477584838867e+00
-1.680610179901123047e+00
-1.533902168273925781e+00
-4.419155418872833252e-02
3.950470089912414551e-01
-3.363645672798156738e-01
-8.567205667495727539e-01
-1.426063418388366699e+00
5.599198341369628906e-01
1.165145874023437500e+00
1.691863059997558594e+00
1.084981560707092285e+00
1.731977701187133789e+00
2.876874804496765137e-01
4.754063487052917480e-01
-3.030685782432556152e-01
-3.726454377174377441e-01
1.392828673124313354e-01
2.095389366149902344e+00
9.624827504158020020e-01
4.488494992256164551e-01
-2.771064758300781250e+00
-1.220520496368408203e+00
-9.258181452751159668e-01
-3.418307781219482422e+00
-3.338804483413696289e+00
-1.263046264648437500e+00
1.074479937553405762e+00
1.543202161788940430e+00
2.529908895492553711e+00
1.680300235748291016e+00
2.908352017402648926e-01
-1.556286364793777466e-01
1.164827704429626465e+00
9.168004989624023438e-01
-9.987410902976989746e-01
-2.255446195602416992e+00
-3.270053148269653320e+00
-3.344827175140380859e+00
-2.945810556411743164e+00
-1.809664070606231689e-02
7.002230286598205566e-01
1.819756269454956055e+00
2.343360185623168945e+00
1.125785827636718750e+00
2.729311585426330566e-01
4.149945378303527832e-01
-7.843162417411804199e-01
-2.370395898818969727e+00
-1.419172048568725586e+00
-6.132767796516418457e-01
1.266050487756729126e-01
6.751119494438171387e-01
1.232137799263000488e+00
9.332090616226196289e-01
1.483107566833496094e+00
3.352698087692260742e+00
2.147051572799682617e+00
-1.533343344926834106e-01
5.855867862701416016e-01
5.486509799957275391e-01
1.273911476135253906e+00
2.679957628250122070e+00
2.208650112152099609e+00
4.674838483333587646e-02
8.788707852363586426e-01
1.281932830810546875e+00
-3.593137860298156738e-01
-2.214532852172851562e+00
-2.049288272857666016e+00
-3.203103065490722656e+00
-3.383552789688110352e+00
-2.741537332534790039e+00
-1.424561142921447754e+00
-3.143319606781005859e+00
-3.693623542785644531e-01
-1.663502007722854614e-01
-5.695397853851318359e-01
-1.083619147539138794e-01
1.482859849929809570e+00
6.116384863853454590e-01
4.915900230407714844e-01
3.360406756401062012e-01
2.324307203292846680e+00
1.331107854843139648e+00
1.283659696578979492e+00
-5.426163673400878906e-01
-3.218230009078979492e+00
-2.891696453094482422e+00
-1.219033241271972656e+00
-5.304651260375976562e-01
6.554405391216278076e-02
-2.894309163093566895e-01
-6.703804135322570801e-01
-7.449736595153808594e-01
-4.255660176277160645e-01
-1.696804314851760864e-01
4.995236992835998535e-01
3.270667195320129395e-01
1.742993444204330444e-01
1.020744889974594116e-01
1.712213605642318726e-01
3.983219265937805176e-01
6.567852199077606201e-02
-2.993764281272888184e-01
-1.535616874694824219e+00
-1.406534075736999512e+00
-8.134070038795471191e-01
6.580709815025329590e-01
3.978106379508972168e-01
9.949212670326232910e-01
-6.165392994880676270e-01
-2.316288709640502930e+00
-2.470444679260253906e+00
-4.132956027984619141e+00
-3.635601520538330078e+00
-2.105958223342895508e+00
-6.303923726081848145e-01
1.419222831726074219e+00
4.776754975318908691e-01
-7.686551809310913086e-01
-2.307547330856323242e+00
-1.100504279136657715e+00
9.997807443141937256e-02
1.621767044067382812e+00
-5.995711684226989746e-01
-1.155040621757507324e+00
-7.879520058631896973e-01
-1.440140724182128906e+00
-1.824435144662857056e-01
-2.971531629562377930e+00
-2.740011930465698242e+00
-1.210306882858276367e+00
-2.874383687973022461e+00
-2.465735673904418945e+00
1.023139059543609619e-02
-1.391124248504638672e+00
-9.889485836029052734e-01
-2.251112461090087891e+00
-2.147192716598510742e+00
-3.870095610618591309e-01
-6.664863228797912598e-01
-1.547428667545318604e-01
-3.898677229881286621e-01
1.544854491949081421e-01
5.529700219631195068e-02
-2.330870926380157471e-02
-6.203538775444030762e-01
-9.048093855381011963e-02
1.747409552335739136e-01
-6.175391077995300293e-01
-1.616684198379516602e+00
-2.002123355865478516e+00
2.636621594429016113e-01
-1.934483766555786133e+00
-1.790873289108276367e+00
-7.419827580451965332e-01
-1.178117036819458008e+00
1.943048685789108276e-01
-1.335805416107177734e+00
7.248144745826721191e-01
3.868330121040344238e-01
-6.103892922401428223e-01
-3.613231182098388672e-01
-4.668859839439392090e-01
-1.222715854644775391e+00
-6.829885244369506836e-01
-5.893351137638092041e-02
-2.554221451282501221e-02
-1.173637062311172485e-01
-3.851997256278991699e-01
2.267070859670639038e-01
-6.227220594882965088e-02
-1.682121992111206055e+00
-1.789083242416381836e+00
-1.049655795097351074e+00
-2.915501356124877930e+00
-2.750815629959106445e+00
-1.294131517410278320e+00
-1.233363866806030273e+00
-9.595487713813781738e-01
-5.599278211593627930e-01
-1.390488296747207642e-01
-7.542921602725982666e-02
-1.123405992984771729e-02
-2.406581193208694458e-01
-1.957089900970458984e+00
-9.589236378669738770e-01
-8.533043265342712402e-01
-2.525351643562316895e-01
1.864468306303024292e-01
3.029960393905639648e-01
5.710323452949523926e-01
1.676921129226684570e+00
1.323527812957763672e+00
1.119555115699768066e+00
1.106710433959960938e+00
2.619572401046752930e+00
2.631108999252319336e+00
2.808161020278930664e+00
1.617822885513305664e+00
1.773027539253234863e+00
1.236115694046020508e+00
1.091770887374877930e+00
2.600408792495727539e+00
2.599170684814453125e+00
3.162231206893920898e+00
4.590842723846435547e+00
9.503144621849060059e-01
3.895842790603637695e+00
4.998093605041503906e+00
1.417673826217651367e+00
1.620407223701477051e+00
9.193651080131530762e-01
6.924073398113250732e-02
9.906120896339416504e-01
2.212545126676559448e-01
5.567066371440887451e-02
2.607617974281311035e-01
4.936900734901428223e-01
1.138974189758300781e+00
2.151445388793945312e+00
1.921659231185913086e+00
8.210759758949279785e-01
1.803736448287963867e+00
-7.029864788055419922e-01
-1.594540715217590332e+00
-2.235970735549926758e+00
-1.351361036300659180e+00
-2.113489389419555664e+00
1.958505809307098389e-02
6.019075512886047363e-01
1.392935514450073242e+00
1.906004190444946289e+00
1.340847253799438477e+00
2.821013331413269043e-01
-1.892405986785888672e+00
-1.605486989021301270e+00
-2.364256143569946289e+00
7.170318961143493652e-01
-3.494043648242950439e-02
9.988546967506408691e-01
-7.728921771049499512e-01
-9.111538529396057129e-01
-1.023408055305480957e+00
-9.918172359466552734e-01
-5.253964066505432129e-01
3.378098011016845703e-01
-1.334871768951416016e+00
-9.482384324073791504e-01
-2.443581968545913696e-01
-5.708951950073242188e-01
-1.726154446601867676e+00
-1.259944677352905273e+00
-1.224086999893188477e+00
-4.100404381752014160e-01
5.301728844642639160e-01
-1.641264319419860840e+00
-2.649520635604858398e+00
-2.003460645675659180e+00
-1.777870059013366699e+00
-4.862055182456970215e-03
-1.742667794227600098e+00
-2.729406118392944336e+00
-1.896569252014160156e+00
-3.316896677017211914e+00
-1.312327504158020020e+00
-5.743106007575988770e-01
-4.274326562881469727e-01
-8.853183388710021973e-01
-3.254049539566040039e+00
-2.952552080154418945e+00
5.997243523597717285e-01
-1.442737460136413574e+00
1.015086024999618530e-01
-1.136860013008117676e+00
-3.263840436935424805e+00
-2.039525270462036133e+00
5.131233334541320801e-01
-5.194782614707946777e-01
-1.066130161285400391e+00
-6.765990257263183594e-01
-8.441508412361145020e-01
-1.457444578409194946e-01
-1.655882447957992554e-01
9.573774039745330811e-02
-1.415360212326049805e+00
5.875459313392639160e-01
1.281579017639160156e+00
8.997851014137268066e-01
1.959914207458496094e+00
1.859931230545043945e+00
1.637051701545715332e+00
6.640764474868774414e-01
7.048622369766235352e-01
8.009056448936462402e-01
-6.601117253303527832e-01
-3.873636722564697266e-01
-1.154391646385192871e+00
-2.749937176704406738e-01
-4.659349322319030762e-01
-5.191171169281005859e-01
-4.342689514160156250e-01
-8.184353113174438477e-01
-8.876606822013854980e-01
-1.136874794960021973e+00
-7.033930420875549316e-01
-2.025698572397232056e-01
-1.190324544906616211e+00
-1.379039049148559570e+00
-7.080333828926086426e-01
5.065928399562835693e-02
9.035979211330413818e-02
-7.728284597396850586e-01
-2.039529383182525635e-02
6.438481211662292480e-01
-5.429523587226867676e-01
8.152549862861633301e-01
1.582468152046203613e+00
-1.045455336570739746e+00
-3.784750103950500488e-01
-1.742272853851318359e+00
-1.802472591400146484e+00
2.290861308574676514e-02
1.195963621139526367e+00
1.177014589309692383e+00
-2.741291522979736328e-01
-1.158362627029418945e+00
5.505767464637756348e-01
2.189808607101440430e+00
1.011581182479858398e+00
4.789476990699768066e-01
-3.690386414527893066e-01
2.453027665615081787e-02
-3.019831180572509766e-01
-3.284817934036254883e-01
-9.978264570236206055e-01
-7.012993693351745605e-01
-8.729198575019836426e-02
6.740356087684631348e-01
-4.710549712181091309e-01
-4.631760716438293457e-01
1.896779984235763550e-01
-1.825204253196716309e+00
9.492016434669494629e-01
6.692674160003662109e-01
4.738776087760925293e-01
8.980511128902435303e-02
7.072704434394836426e-01
-1.422818154096603394e-01
-6.391038000583648682e-02
3.282402753829956055e-01
-3.216995298862457275e-02
2.197042256593704224e-01
-1.635591536760330200e-01
-1.209151983261108398e+00
-3.782958388328552246e-01
-9.408180117607116699e-01
-1.899565458297729492e+00
1.190278053283691406e+00
7.138256430625915527e-01
2.189417928457260132e-01
3.850275278091430664e-01
-9.447852969169616699e-01
-2.753742933273315430e+00
2.887554168701171875e-01
9.684396386146545410e-01
-9.110565483570098877e-02
2.423053234815597534e-01
6.155769228935241699e-01
1.309396743774414062e+00
1.707575201988220215e+00
1.071832895278930664e+00
-1.074410319328308105e+00
-2.216161042451858521e-01
1.000989198684692383e+00
-2.190212756395339966e-01
-5.545333027839660645e-01
-1.066089630126953125e+00
-1.071630954742431641e+00
-2.836562693119049072e-02
8.608916401863098145e-01
3.327047824859619141e-01
9.142462611198425293e-01
5.451405048370361328e-01
1.242339730262756348e+00
1.150855422019958496e+00
3.335627317428588867e-01
-2.130769640207290649e-01
1.988539457321166992e+00
1.551673263311386108e-01
-1.043393850326538086e+00
9.029703736305236816e-01
1.629377484321594238e+00
2.031934976577758789e+00
7.829825282096862793e-01
1.351460456848144531e+00
4.396821856498718262e-01
-7.087475657463073730e-01
5.743846297264099121e-01
1.397533416748046875e+00
1.255310535430908203e+00
-2.431175947189331055e+00
-3.353018522262573242e+00
-1.962245106697082520e+00
1.713655114173889160e+00
5.160477757453918457e-01
-1.070874333381652832e+00
7.712867856025695801e-01
1.479971885681152344e+00
-1.525817960500717163e-01
1.726565241813659668e+00
-4.207678139209747314e-02
-2.374381303787231445e+00
-1.223933339118957520e+00
-1.653507232666015625e+00
-2.882076799869537354e-02
3.758916258811950684e-01
-3.239451646804809570e+00
-3.412096738815307617e+00
-6.671912968158721924e-02
8.636110424995422363e-01
-2.787379622459411621e-01
-2.626272916793823242e+00
-6.866235733032226562e-01
4.319651126861572266e-01
1.382080435752868652e+00
9.555553793907165527e-01
8.771576285362243652e-01
1.274703741073608398e+00
1.732167363166809082e+00
1.480793714523315430e+00
1.210410118103027344e+00
1.408811450004577637e+00
-8.346888422966003418e-01
-2.077841997146606445e+00
-2.722497224807739258e+00
-3.162835597991943359e+00
-3.657697439193725586e+00
-3.506242513656616211e+00
-2.108453512191772461e+00
-2.560644388198852539e+00
-2.333447933197021484e+00
-1.611666798591613770e+00
-8.006669878959655762e-01
6.043568253517150879e-01
1.962282508611679077e-01
-8.062012195587158203e-01
-8.568053245544433594e-01
3.209338784217834473e-01
-1.266461730003356934e+00
8.564730286598205566e-01
1.684143424034118652e+00
1.261079788208007812e+00
-4.917698502540588379e-01
-1.119571447372436523e+00
-2.963317930698394775e-02
4.086130261421203613e-01
-5.213566124439239502e-02
-1.185309171676635742e+00
-1.709824204444885254e+00
-3.582193255424499512e-01
-1.548386365175247192e-01
-6.812222301959991455e-02
-4.540203213691711426e-01
1.943788975477218628e-01
-2.111557275056838989e-01
-2.406998425722122192e-01
-1.844812184572219849e-01
-2.985508739948272705e-02
-4.713744521141052246e-01
-5.162283778190612793e-01
-2.514597773551940918e-01
-2.658498883247375488e-01
-4.208868145942687988e-01
-3.129641413688659668e-01
-1.851000338792800903e-01
-2.229939252138137817e-01
-1.839507967233657837e-01
-2.042849808931350708e-01
-1.879010945558547974e-01
-2.075693756341934204e-01
-2.161010056734085083e-01
-2.226976901292800903e-01
-1.765374690294265747e-01
-1.640842109918594360e-01
-1.035726219415664673e-01
-2.552439570426940918e-01
-3.210512995719909668e-01
-1.235587745904922485e-01
-1.041658669710159302e-01
-1.179912239313125610e-01
-1.239745169878005981e-01
-1.314118653535842896e-01
-1.147400498390197754e+00
4.723519086837768555e-04
-4.693963527679443359e-01
-4.697206616401672363e-01
-2.816517353057861328e-01
-2.944695949554443359e-01
-2.288213521242141724e-01
-1.676202565431594849e-01
-4.200618863105773926e-01
-1.445029735565185547e+00
-5.256272852420806885e-02
-1.848377466201782227e+00
-1.764524936676025391e+00
-1.158489704132080078e+00
-1.851487040519714355e+00
2.554084658622741699e-01
-4.590924382209777832e-01
-1.692604273557662964e-01
-1.873353272676467896e-01
2.822806835174560547e-01
2.825529575347900391e-01
5.923338532447814941e-01
1.463456004858016968e-01
4.244170784950256348e-01
2.460064738988876343e-01
-1.291971683502197266e+00
-9.159703254699707031e-01
-2.184681445360183716e-01
-5.923148989677429199e-01
-2.349588394165039062e+00
-5.441775321960449219e-01
-2.090734243392944336e+00
-1.713515400886535645e+00
-2.949689030647277832e-01
8.672497272491455078e-01
-6.815180182456970215e-01
-1.158955335617065430e+00
2.898932695388793945e-01
1.778191089630126953e+00
2.354558706283569336e+00
2.866333246231079102e+00
2.485567092895507812e+00
2.045652151107788086e+00
1.244496464729309082e+00
2.674835920333862305e+00
2.823084831237792969e+00
2.722617149353027344e+00
2.696253061294555664e+00
2.731523275375366211e+00
2.794431447982788086e+00
2.430864334106445312e+00
1.719574928283691406e+00
1.957196444272994995e-01
-2.676432132720947266e-01
-5.763118267059326172e-01
-7.846410870552062988e-01
-8.451867699623107910e-01
2.910003662109375000e-01
-8.225311636924743652e-01
-9.703746438026428223e-01
1.690140128135681152e+00
-9.894067645072937012e-01
-1.075924515724182129e+00
-1.902934074401855469e+00
-1.309365987777709961e+00
-6.684372425079345703e-01
-8.339959979057312012e-01
-2.611567378044128418e-01
-6.481880545616149902e-01
-9.052203297615051270e-01
-5.927588343620300293e-01
-7.315056920051574707e-01
-2.747627496719360352e-01
1.283678054809570312e+00
7.398481369018554688e-01
1.274163365364074707e+00
-1.357931941747665405e-01
6.759332120418548584e-02
2.832912206649780273e-01
-2.654628753662109375e+00
-9.483948945999145508e-01
8.108942508697509766e-01
-8.574196696281433105e-01
-1.663573533296585083e-01
-5.365808606147766113e-01
4.109093546867370605e-01
4.456632733345031738e-01
6.044484376907348633e-01
4.949173927307128906e-01
2.335167974233627319e-01
-7.986615896224975586e-01
-1.756623744964599609e+00
-6.494657397270202637e-01
5.127458274364471436e-02
-1.107590943574905396e-01
-1.943992853164672852e+00
-7.596713900566101074e-01
1.094127893447875977e+00
-1.200505644083023071e-01
-2.725959539413452148e+00
-3.886341094970703125e+00
-1.163806438446044922e+00
-9.270378947257995605e-01
-4.498804807662963867e-01
-2.594910860061645508e-01
-1.632740378379821777e+00
-2.160877466201782227e+00
-3.617856740951538086e+00
-1.917656779289245605e+00
1.406233012676239014e-02
7.990960478782653809e-01
-1.524695873260498047e+00
-1.486119270324707031e+00
-2.969833850860595703e+00
-2.011093616485595703e+00
-1.296297788619995117e+00
-2.620697259902954102e+00
-7.276543974876403809e-01
-6.213113665580749512e-03
-3.291919231414794922e-01
-1.493111371994018555e+00
-1.422802209854125977e+00
-1.135160923004150391e+00
9.989736974239349365e-02
2.136493921279907227e+00
1.647432804107666016e+00
7.962113022804260254e-01
2.004715919494628906e+00
2.690640211105346680e+00
-1.022556275129318237e-01
-1.101418614387512207e+00
-9.209798276424407959e-02
-1.127668380737304688e+00
2.730256915092468262e-01
-1.400503396987915039e+00
-8.691408038139343262e-01
-3.405238628387451172e+00
-1.829720973968505859e+00
-9.707373976707458496e-01
2.640563845634460449e-01
-2.577546834945678711e-01
-6.520199179649353027e-01
-2.530503034591674805e+00
1.244214773178100586e+00
-1.906372457742691040e-01
-9.564077854156494141e-01
-2.262295246124267578e+00
-1.179198741912841797e+00
-3.622072339057922363e-01
-6.080617904663085938e-01
-5.668945610523223877e-02
-1.480510711669921875e+00
5.325729250907897949e-01
9.578744769096374512e-01
5.388419330120086670e-02
4.990320801734924316e-01
3.021672964096069336e-01
9.547107815742492676e-01
-1.600702106952667236e-02
-6.713008284568786621e-01
6.034557521343231201e-02
7.019693255424499512e-01
-4.452286958694458008e-01
4.799138009548187256e-02
-2.937217056751251221e-02
-7.909311354160308838e-02
-1.110083013772964478e-01
-1.594608306884765625e+00
-1.730202317237854004e+00
-9.839713573455810547e-01
-1.047134846448898315e-01
5.301156640052795410e-01
1.243146181106567383e+00
2.096467018127441406e+00
2.915907144546508789e+00
2.944352388381958008e+00
2.903609991073608398e+00
2.091912031173706055e+00
2.094798326492309570e+00
3.158999681472778320e+00
2.597259998321533203e+00
2.459975481033325195e+00
1.736710309982299805e+00
2.978478372097015381e-02
-2.914284467697143555e-01
-3.189856410026550293e-01
-3.715538978576660156e-01
1.542027950286865234e+00
3.119065284729003906e+00
1.469652175903320312e+00
-1.245728969573974609e+00
-4.502115249633789062e-01
-2.778495073318481445e+00
-2.869372129440307617e+00
-1.330174446105957031e+00
1.999818801879882812e+00
4.587472677230834961e-01
1.038008213043212891e+00
-2.093977212905883789e+00
-1.816966176033020020e+00
-2.464713811874389648e+00
-2.651077747344970703e+00
-2.418319940567016602e+00
-1.577650904655456543e+00
-2.671934366226196289e+00
-1.885220289230346680e+00
-2.689600706100463867e+00
-2.423049211502075195e+00
-2.063493967056274414e+00
-1.875743865966796875e+00
-2.021367311477661133e+00
-1.681081771850585938e+00
-9.623286128044128418e-01
-8.529704809188842773e-01
-6.500465273857116699e-01
3.248280286788940430e-01
1.794878602027893066e+00
3.699783682823181152e-01
3.665426969528198242e-01
-2.667419910430908203e-01
6.620714068412780762e-01
6.387550830841064453e-01
7.297089695930480957e-01
8.231728672981262207e-01
8.933852314949035645e-01
9.552693963050842285e-01
1.030467271804809570e+00
1.124392032623291016e+00
7.895836234092712402e-01
3.511138558387756348e-01
2.650480866432189941e-01
2.211548537015914917e-01
2.972440421581268311e-02
2.535740733146667480e-01
-1.411096602678298950e-01
-1.894905716180801392e-01
-1.908896714448928833e-01
-4.906647801399230957e-01
-7.185786366462707520e-01
9.045355319976806641e-01
1.721896529197692871e+00
2.504961192607879639e-02
-2.425958395004272461e+00
-2.100862264633178711e+00
-1.785868644714355469e+00
-1.909071326255798340e+00
-2.114464759826660156e+00
-2.097454547882080078e+00
-2.061499834060668945e+00
-1.881807088851928711e+00
-1.796378135681152344e+00
-2.120532035827636719e+00
-2.168812036514282227e+00
-1.443034887313842773e+00
-3.172260046005249023e+00
-2.898581266403198242e+00
-2.322693586349487305e+00
-1.063467741012573242e+00
-1.043665647506713867e+00
-3.689703941345214844e-01
-8.764746785163879395e-01
-1.292031526565551758e+00
-1.456313848495483398e+00
-1.454618096351623535e+00
-2.545274972915649414e+00
-1.659586429595947266e+00
-2.058448791503906250e+00
-1.606530904769897461e+00
-1.789180397987365723e+00
-1.863900423049926758e+00
-1.860392212867736816e+00
-1.167038083076477051e+00
-1.827663898468017578e+00
-2.008453130722045898e+00
-1.310728549957275391e+00
-1.442617654800415039e+00
-1.411186695098876953e+00
2.489046752452850342e-02
1.032542228698730469e+00
-1.099043726921081543e+00
-1.537469744682312012e+00
-1.427980422973632812e+00
-1.218014478683471680e+00
-1.859174221754074097e-01
-1.306445002555847168e-01
-2.501418590545654297e-01
-4.070703983306884766e-01
-5.413447022438049316e-01
-8.173510432243347168e-01
-8.613386154174804688e-01
-9.652916789054870605e-01
-1.861082673072814941e+00
-2.230480194091796875e+00
-2.256153821945190430e+00
-1.582442402839660645e+00
-8.089986443519592285e-01
-2.773085236549377441e-02
6.453935801982879639e-02
-8.402080833911895752e-02
1.025623917579650879e+00
9.460752606391906738e-01
-5.432401299476623535e-01
-1.388746738433837891e+00
-1.205842137336730957e+00
-8.765498995780944824e-01
-2.052489072084426880e-01
2.351453751325607300e-01
-8.361979126930236816e-01
-5.633262991905212402e-01
-6.269747614860534668e-01
-9.305534958839416504e-01
-1.425461053848266602e+00
-1.172481775283813477e+00
-5.473867058753967285e-01
-1.414858847856521606e-01
-2.703450918197631836e-01
2.256706207990646362e-01
-5.904268622398376465e-01
1.643581032752990723e+00
3.554937243461608887e-01
4.766320586204528809e-01
3.144602179527282715e-01
2.259151488542556763e-01
2.013058811426162720e-01
4.889733195304870605e-01
6.605227589607238770e-01
6.884998679161071777e-01
-7.979928851127624512e-01
-1.507132530212402344e+00
-2.741031408309936523e+00
-2.878124952316284180e+00
-2.082926511764526367e+00
-2.086687803268432617e+00
-9.476721286773681641e-01
-2.163334369659423828e+00
-1.997025966644287109e+00
-1.253882765769958496e+00
-2.218477487564086914e+00
-1.147028923034667969e+00
-1.386330842971801758e+00
-2.055775165557861328e+00
-1.483464956283569336e+00
-1.294672489166259766e+00
-1.080738902091979980e+00
-7.122824788093566895e-01
-9.969084858894348145e-01
-6.084455847740173340e-01
-5.396866798400878906e-01
-8.251413702964782715e-01
-7.551844716072082520e-01
-1.086825728416442871e+00
-7.977716326713562012e-01
-8.447228074073791504e-01
-1.187861800193786621e+00
-1.348597288131713867e+00
-1.462950348854064941e+00
-3.453624486923217773e+00
-3.304308414459228516e+00
-3.502782583236694336e+00
-2.833731889724731445e+00
-2.040105342864990234e+00
-5.637044310569763184e-01
-1.468697339296340942e-01
-1.654256731271743774e-01
-1.610486656427383423e-01
1.202744007110595703e+00
-2.606688141822814941e-01
-3.358209133148193359e+00
-4.201498031616210938e+00
-1.744209051132202148e+00
-9.891048073768615723e-01
-9.673849344253540039e-01
-6.657544970512390137e-01
-5.127089023590087891e-01
-2.947471141815185547e-01
-9.303492903709411621e-01
4.625647664070129395e-01
7.785535454750061035e-01
9.090663790702819824e-01
4.175797104835510254e-01
-5.421988368034362793e-01
7.693473100662231445e-01
-9.505042433738708496e-01
-6.491664052009582520e-01
-7.724669575691223145e-01
-1.323379039764404297e+00
-1.552426815032958984e+00
-1.545255541801452637e+00
-1.533933520317077637e+00
-1.590650081634521484e+00
-1.408910512924194336e+00
-7.323169112205505371e-01
-1.186854839324951172e+00
-1.270342588424682617e+00
-1.910703897476196289e+00
-1.681934118270874023e+00
-1.343220114707946777e+00
-1.347848176956176758e+00
-1.022589325904846191e+00
-7.385669350624084473e-01
1.431962728500366211e+00
-9.712963104248046875e-01
-8.838366270065307617e-01
-1.408312559127807617e+00
-1.976543664932250977e-01
-6.349525451660156250e-01
-2.358046919107437134e-01
-2.254185229539871216e-01
-1.333690434694290161e-01
1.117221236228942871e+00
6.079690158367156982e-02
5.911376476287841797e-01
4.436087012290954590e-01
-3.020354509353637695e-01
-5.065075159072875977e-01
-1.871279627084732056e-01
-2.283503562211990356e-01
-6.758762001991271973e-01
7.144241034984588623e-02
-2.635392546653747559e-01
-2.955319285392761230e-01
-1.486448049545288086e+00
-8.563174307346343994e-02
7.488498091697692871e-01
-2.130200713872909546e-01
3.115774691104888916e-02
4.085736274719238281e-01
9.559367597103118896e-02
-3.497356772422790527e-01
-6.928211450576782227e-01
-9.013170599937438965e-01
-1.409285426139831543e+00
-1.576701521873474121e+00
8.115975558757781982e-02
4.534394145011901855e-01
-9.697844088077545166e-02
2.506652832031250000e+00
-1.053494930267333984e+00
1.662798285484313965e+00
9.312201738357543945e-01
-1.278855681419372559e+00
-3.110825538635253906e+00
-3.127137422561645508e+00
-3.529561519622802734e+00
-2.637944936752319336e+00
-2.685542345046997070e+00
-2.304270267486572266e+00
-2.416703224182128906e+00
-1.284374594688415527e+00
-3.676930069923400879e-01
1.626625537872314453e+00
1.656354665756225586e+00
1.648443460464477539e+00
1.267429113388061523e+00
1.119024157524108887e+00
2.288970232009887695e+00
2.612758636474609375e+00
1.590233445167541504e+00
7.812687754631042480e-01
1.367346167564392090e+00
6.103806197643280029e-02
-2.771877646446228027e-01
6.196336448192596436e-02
1.288038253784179688e+00
9.996438622474670410e-01
1.772546052932739258e+00
2.096801757812500000e+00
1.981730222702026367e+00
2.052682876586914062e+00
3.137432038784027100e-02
5.030073642730712891e+00
2.031421661376953125e+00
2.904503583908081055e+00
3.921457290649414062e+00
3.319477796554565430e+00
3.336702823638916016e+00
3.321084737777709961e+00
3.084510564804077148e+00
2.551477670669555664e+00
2.370261430740356445e+00
-1.246916413307189941e+00
-1.165594935417175293e+00
6.403864026069641113e-01
-1.018398404121398926e+00
-2.790971040725708008e+00
-2.956181764602661133e+00
-1.080922007560729980e+00
-1.048300981521606445e+00
-9.023690819740295410e-01
-8.971395492553710938e-01
-9.152104258537292480e-01
-7.224781811237335205e-02
-1.138777285814285278e-01
-1.031423091888427734e+00
-3.874499797821044922e-01
2.914354205131530762e-03
-1.027767419815063477e+00
-1.564749717712402344e+00
-1.154034614562988281e+00
-1.570116996765136719e+00
-3.498447418212890625e+00
-1.890237808227539062e+00
1.270037889480590820e+00
2.626090764999389648e+00
1.391755580902099609e+00
-1.048048883676528931e-01
1.033862233161926270e+00
-1.744739055633544922e+00
-3.158684372901916504e-01
8.326712846755981445e-01
1.211550235748291016e+00
5.966566205024719238e-01
-6.225262284278869629e-01
-1.040066123008728027e+00
-1.151384830474853516e+00
-8.737055659294128418e-01
-2.235364466905593872e-01
-1.144654303789138794e-01
-2.899073958396911621e-01
5.856519341468811035e-01
-6.397572755813598633e-01
-7.684476971626281738e-01
-8.240268826484680176e-01
-1.048909902572631836e+00
-9.922835230827331543e-01
-1.466863155364990234e+00
-4.972332119941711426e-01
-5.055314898490905762e-01
-5.416370034217834473e-01
-5.574478507041931152e-01
-5.916579365730285645e-01
-5.212069153785705566e-01
-8.222386240959167480e-01
-3.608921170234680176e-01
-2.383962422609329224e-01
-1.637534648180007935e-01
-1.012869626283645630e-01
-9.321637451648712158e-02
7.910181879997253418e-01
-4.687034487724304199e-01
4.375316500663757324e-01
3.553266525268554688e-01
1.314905136823654175e-01
4.374127089977264404e-02
6.986837089061737061e-02
7.974104583263397217e-02
-8.482411503791809082e-03
6.366007030010223389e-02
1.234642714262008667e-01
1.632981151342391968e-01
1.450242847204208374e-01
5.855648219585418701e-02
-1.619454175233840942e-01
-7.561953365802764893e-02
-1.311918050050735474e-01
-9.060099720954895020e-03
5.458121001720428467e-02
7.284717261791229248e-02
-1.075393706560134888e-01
-1.083891510963439941e+00
-1.454143524169921875e+00
1.009892463684082031e+00
-8.112250566482543945e-01
-2.115351438522338867e+00
-2.134295701980590820e+00
-2.633909583091735840e-01
-9.173318147659301758e-01
-2.274159669876098633e+00
-2.060066461563110352e+00
-1.815538644790649414e+00
-1.814784288406372070e+00
7.000283002853393555e-01
7.516393661499023438e-01
6.075029969215393066e-01
3.929210901260375977e-01
-4.407794773578643799e-02
6.340450644493103027e-01
8.379869163036346436e-02
-4.003941416740417480e-01
8.950080275535583496e-01
7.440142333507537842e-02
-2.253427267074584961e+00
-6.585971117019653320e-01
-1.014960557222366333e-01
-1.125283688306808472e-01
-1.748892188072204590e+00
-1.070270419120788574e+00
-1.207486033439636230e+00
-1.608208417892456055e+00
-1.843575984239578247e-01
2.398954331874847412e-02
-9.670090079307556152e-01
-3.661871671676635742e+00
-1.877713203430175781e+00
3.582242131233215332e-01
1.830932021141052246e+00
-6.591479778289794922e-01
-3.259556531906127930e+00
-3.902654647827148438e-01
5.295733213424682617e-01
3.706326484680175781e-01
-2.185525417327880859e+00
-3.065366029739379883e+00
-3.065907239913940430e+00
-2.926872253417968750e+00
-2.353782892227172852e+00
-2.053912639617919922e+00
-2.512107133865356445e+00
-1.376909732818603516e+00
-1.375373244285583496e+00
-4.189661741256713867e-01
-5.152928829193115234e-01
-9.705263972282409668e-01
-5.038346350193023682e-02
-5.608477592468261719e-01
-3.577347099781036377e-02
5.536910891532897949e-01
8.740952610969543457e-01
-5.114473104476928711e-01
7.893895506858825684e-01
8.705546259880065918e-01
1.086829423904418945e+00
5.751537680625915527e-01
4.979304671287536621e-01
4.878049492835998535e-01
4.319853186607360840e-01
2.578993439674377441e-01
-1.509004384279251099e-01
-5.851300954818725586e-01
-7.010897994041442871e-01
3.856098651885986328e-01
-2.060213238000869751e-01
3.094063401222229004e-01
8.027833104133605957e-01
1.263013601303100586e+00
9.434214234352111816e-01
4.645166993141174316e-01
1.913584023714065552e-01
1.100309342145919800e-01
5.413739383220672607e-02
2.421234548091888428e-02
8.817057311534881592e-02
5.214721560478210449e-01
9.391214251518249512e-01
1.012166142463684082e+00
2.274728268384933472e-01
2.173013448715209961e+00
1.997728824615478516e+00
1.869124531745910645e+00
1.691774129867553711e+00
1.240356326103210449e+00
1.062379598617553711e+00
3.722880482673645020e-01
1.884305924177169800e-01
9.648960232734680176e-01
-2.364116430282592773e+00
-5.492156147956848145e-01
-2.265100955963134766e+00
8.516343832015991211e-01
3.218667268753051758e+00
3.397296190261840820e+00
1.212821483612060547e+00
4.762892425060272217e-02
1.255944490432739258e+00
2.169752597808837891e+00
9.493905901908874512e-01
-1.989439725875854492e+00
-3.523245573043823242e+00
-3.323680162429809570e+00
-2.725979089736938477e+00
-4.823648929595947266e-01
-1.009992718696594238e+00
-3.858955502510070801e-01
-7.185315489768981934e-01
-6.870250105857849121e-01
-8.054811954498291016e-01
1.361013174057006836e+00
5.309813022613525391e-01
-1.037692904472351074e+00
-2.367125749588012695e+00
-2.600180149078369141e+00
-3.619285821914672852e-01
-7.501658797264099121e-01
-2.312044858932495117e+00
-2.347525358200073242e+00
8.838959336280822754e-01
1.055196285247802734e+00
1.737144708633422852e+00
4.382556080818176270e-01
-5.570399761199951172e-01
3.174075484275817871e-01
2.384489029645919800e-01
-1.181982308626174927e-01
-5.624957382678985596e-02
3.282613158226013184e-01
-6.491084396839141846e-02
4.261259734630584717e-02
2.456944435834884644e-01
1.447068899869918823e-01
1.038952112197875977e+00
1.185132622718811035e+00
9.390591979026794434e-01
4.248979687690734863e-01
-3.296076655387878418e-01
3.101730942726135254e-01
-1.086647748947143555e+00
-1.772623777389526367e+00
-1.255022883415222168e+00
-2.154417276382446289e+00
1.174943447113037109e+00
9.166808724403381348e-01
-1.188482046127319336e+00
1.070229709148406982e-02
-1.335732340812683105e+00
-1.501722633838653564e-02
-6.497424840927124023e-01
-1.460193157196044922e+00
-2.094324380159378052e-01
-3.597884178161621094e-01
-9.897918105125427246e-01
-6.660169959068298340e-01
-7.685531675815582275e-02
3.798260092735290527e-01
-6.262723803520202637e-01
6.324414610862731934e-01
8.750693500041961670e-02
-5.184669792652130127e-02
-8.241559267044067383e-01
-5.342596173286437988e-01
-1.506031036376953125e+00
-4.128596782684326172e-01
8.743314445018768311e-02
2.079192250967025757e-01
-4.082217812538146973e-03
4.324207901954650879e-01
5.308382213115692139e-02
4.248740077018737793e-01
5.452547669410705566e-01
-2.520081400871276855e-01
-1.372714042663574219e+00
-1.791338920593261719e+00
-3.435470581054687500e+00
-3.545154333114624023e+00
-1.408072948455810547e+00
1.546236723661422729e-01
-4.066330194473266602e-01
-3.648037195205688477e+00
-9.032411575317382812e-01
-1.827622413635253906e+00
-1.100600838661193848e+00
2.312281131744384766e+00
1.003051280975341797e+00
1.712082028388977051e+00
1.781853914260864258e+00
1.423024654388427734e+00
9.815307259559631348e-01
6.426035761833190918e-01
-1.290328502655029297e+00
-2.638313531875610352e+00
1.355129927396774292e-01
-3.315476775169372559e-01
1.938095539808273315e-01
-1.788283348083496094e+00
-2.847490072250366211e+00
-2.813814878463745117e+00
-2.361155748367309570e+00
2.620258331298828125e-01
-9.228080511093139648e-01
-5.593659281730651855e-01
-2.463359594345092773e+00
-1.678694039583206177e-01
-5.805264115333557129e-01
1.586693078279495239e-01
8.598276972770690918e-01
-1.458185195922851562e+00
7.551400065422058105e-01
-1.147299051284790039e+00
-1.128503233194351196e-01
5.204340815544128418e-01
-2.779594063758850098e-01
-1.074915409088134766e+00
-5.873160958290100098e-01
-1.056814938783645630e-01
-1.787199497222900391e+00
-1.645461320877075195e+00
1.219128817319869995e-01
1.841276884078979492e+00
-2.832328081130981445e-01
1.381818205118179321e-01
8.285368978977203369e-02
-3.561624288558959961e-01
4.856057167053222656e-01
2.784311175346374512e-01
1.087405920028686523e+00
3.152157545089721680e+00
-5.468021035194396973e-01
9.891718029975891113e-01
2.870335102081298828e+00
2.228197336196899414e+00
2.327653646469116211e+00
2.727920532226562500e+00
2.984469175338745117e+00
1.501167863607406616e-01
1.357372045516967773e+00
-1.300790905952453613e-02
-1.240687847137451172e+00
-1.313989281654357910e+00
-2.195934057235717773e+00
1.301570415496826172e+00
8.843870460987091064e-02
1.567821979522705078e+00
8.642004132270812988e-01
6.544340252876281738e-01
2.767407298088073730e-01
2.337357252836227417e-01
5.529146790504455566e-01
-2.514103174209594727e+00
-2.034955978393554688e+00
-3.060969114303588867e+00
-3.468804597854614258e+00
-3.609863996505737305e+00
-3.580111742019653320e+00
-3.462352275848388672e+00
-2.971067428588867188e+00
-2.544354677200317383e+00
-1.598538160324096680e+00
-7.079413533210754395e-01
-6.552499532699584961e-01
-1.903512954711914062e+00
-1.410422801971435547e+00
-8.860177397727966309e-01
-9.862956404685974121e-01
-1.177743196487426758e+00
-1.278595685958862305e+00
-1.429941058158874512e+00
-1.733265399932861328e+00
-1.456844449043273926e+00
-2.188735008239746094e+00
-2.676881551742553711e+00
-1.389666318893432617e+00
-6.729147434234619141e-01
5.947571396827697754e-01
3.607733547687530518e-02
-5.777173638343811035e-01
4.609827697277069092e-02
1.171669363975524902e+00
1.503634452819824219e+00
1.666470289230346680e+00
1.589275360107421875e+00
1.830293416976928711e+00
1.654883384704589844e+00
1.140972614288330078e+00
-5.218667387962341309e-01
3.639273345470428467e-02
8.806280493736267090e-01
-6.403153538703918457e-01
-1.072430253028869629e+00
1.738113611936569214e-01
-6.659227013587951660e-01
-3.062395811080932617e+00
-2.504317760467529297e+00
-9.067780971527099609e-01
4.997702687978744507e-02
-7.966693043708801270e-01
-5.820129513740539551e-01
-5.273455977439880371e-01
1.883791387081146240e-02
8.811475336551666260e-02
-7.857720851898193359e-01
-2.527093887329101562e-01
-2.521730065345764160e-01
2.593342959880828857e-02
3.497611880302429199e-01
4.286178946495056152e-01
5.948613584041595459e-02
-3.599586486816406250e-01
-4.178614020347595215e-01
-9.065654873847961426e-01
-3.052793741226196289e-01
2.851660847663879395e-01
-1.471498757600784302e-01
-1.179842710494995117e+00
-1.980215191841125488e+00
-2.714512109756469727e+00
-3.683198451995849609e+00
-2.059201240539550781e+00
-1.094548463821411133e+00
-2.426808118820190430e+00
-8.523766398429870605e-01
-1.604229927062988281e+00
-2.485151767730712891e+00
-2.010256528854370117e+00
-1.722456932067871094e+00
-1.310089707374572754e+00
-1.232732683420181274e-01
-3.833295106887817383e-01
-7.354184985160827637e-01
-1.279227972030639648e+00
-1.208278536796569824e+00
1.140483617782592773e+00
2.365055799484252930e+00
2.866472005844116211e-01
1.938719272613525391e+00
1.947270631790161133e+00
2.574907243251800537e-02
-1.216950178146362305e+00
-1.436966180801391602e+00
-3.685060739517211914e-01
4.744723439216613770e-01
1.513308525085449219e+00
1.852311015129089355e+00
3.863494396209716797e-01
-1.016535401344299316e+00
-1.833570480346679688e+00
-2.583487033843994141e-01
-1.313285112380981445e+00
-7.799435257911682129e-01
7.841221988201141357e-02
2.915509343147277832e-01
-1.034385085105895996e+00
-6.341822147369384766e-01
-2.022611141204833984e+00
-1.455261230468750000e+00
-1.576520055532455444e-01
-1.050976276397705078e+00
2.106427401304244995e-01
2.426946908235549927e-01
-2.060549259185791016e+00
-2.728808403015136719e+00
-3.776955127716064453e+00
-3.969889402389526367e+00
-2.684516429901123047e+00
-3.031105756759643555e+00
-1.475973725318908691e+00
-1.162179708480834961e+00
-8.403559029102325439e-02
-1.483606845140457153e-01
-1.474125385284423828e+00
-8.578613400459289551e-03
-1.840147495269775391e+00
-1.363381624221801758e+00
-6.752209067344665527e-01
2.887669801712036133e-01
-5.939550995826721191e-01
-2.748423099517822266e+00
-3.007056236267089844e+00
-2.260781764984130859e+00
-1.702199935913085938e+00
1.515191048383712769e-01
-1.718873858451843262e+00
-5.018054246902465820e-01
-6.199464201927185059e-03
8.939011394977569580e-02
7.984876036643981934e-01
5.141958594322204590e-01
9.881966710090637207e-01
5.940595865249633789e-01
-6.316078305244445801e-01
-7.765692472457885742e-01
-1.945067763328552246e+00
-2.316041707992553711e+00
-3.164235830307006836e+00
-1.836374521255493164e+00
-2.683018445968627930e-01
9.172273874282836914e-01
-2.130851030349731445e+00
-3.648939847946166992e+00
-2.184455871582031250e+00
-1.740098595619201660e+00
-1.262946605682373047e+00
-5.638181567192077637e-01
-9.428433179855346680e-01
-2.014847993850708008e+00
9.619610011577606201e-02
-1.145167231559753418e+00
-6.073112785816192627e-02
2.728927731513977051e-01
-4.908956587314605713e-02
-1.091814994812011719e+00
-1.807922482490539551e+00
-3.309112191200256348e-01
2.222028017044067383e+00
3.647482633590698242e+00
3.216859817504882812e+00
1.240554571151733398e+00
-2.327673196792602539e+00
6.149139404296875000e-01
9.631573557853698730e-01
-5.259920954704284668e-01
-7.869961261749267578e-01
-4.954047203063964844e-01
7.104510664939880371e-01
-2.118160277605056763e-01
-8.348745703697204590e-01
-4.570860266685485840e-01
-1.618055224418640137e+00
-1.821872472763061523e+00
-1.345401525497436523e+00
-1.844985961914062500e+00
-1.780054092407226562e+00
-3.492708206176757812e-01
-1.239749044179916382e-01
-4.539403319358825684e-01
-4.093722701072692871e-01
-1.668073177337646484e+00
-2.546481370925903320e+00
5.458973646163940430e-01
-4.401640892028808594e-01
-3.261195421218872070e-01
8.232633769512176514e-02
-4.182580709457397461e-01
1.233340740203857422e+00
8.981370925903320312e-01
1.004789233207702637e+00
3.383483886718750000e-01
-1.679372310638427734e+00
-1.824226737022399902e+00
1.164698600769042969e+00
-3.075725436210632324e-01
7.515909671783447266e-01
2.144558668136596680e+00
1.459631562232971191e+00
1.926912426948547363e+00
2.114875078201293945e+00
1.979480236768722534e-01
-1.028487443923950195e+00
-2.023729801177978516e+00
-3.190697431564331055e+00
-2.599675178527832031e+00
-3.096643686294555664e+00
-3.361347198486328125e+00
-2.605253458023071289e+00
-3.833899021148681641e+00
-6.673126816749572754e-01
2.962072491645812988e-01
9.752647578716278076e-02
1.831728070974349976e-01
8.804319798946380615e-02
3.804688155651092529e-02
-8.850409388542175293e-01
-3.656159043312072754e-01
9.573698639869689941e-01
1.694732069969177246e+00
2.277054309844970703e+00
2.643768548965454102e+00
1.259254336357116699e+00
5.137417316436767578e-01
-2.129745036363601685e-01
9.216725230216979980e-01
-4.248867630958557129e-01
-9.627570211887359619e-02
-1.430902719497680664e+00
-9.884192943572998047e-01
-8.392291069030761719e-01
1.007941216230392456e-01
-1.442753314971923828e+00
-2.893511772155761719e+00
-3.186037302017211914e+00
-3.372812509536743164e+00
-2.542190313339233398e+00
-1.927649736404418945e+00
-1.454201459884643555e+00
8.785739541053771973e-01
-1.241836667060852051e+00
-1.539679318666458130e-01
8.121734261512756348e-01
1.704948395490646362e-01
-1.500232458114624023e+00
-3.108422279357910156e+00
-2.457394838333129883e+00
-1.813925385475158691e+00
-1.277016997337341309e+00
-1.670774698257446289e+00
-5.547665953636169434e-01
-6.136904358863830566e-01
1.633082151412963867e+00
1.604310035705566406e+00
1.526779294013977051e+00
-3.154374659061431885e-02
-2.057676076889038086e+00
-1.595550179481506348e+00
-1.901463747024536133e+00
-2.866237401962280273e+00
-8.756477236747741699e-01
-4.893848299980163574e-01
1.457989066839218140e-01
6.907923817634582520e-01
4.582421481609344482e-02
5.998787283897399902e-01
1.454796552658081055e+00
6.194051504135131836e-01
1.136239022016525269e-01
-2.839999794960021973e-01
-9.022952914237976074e-01
-1.545433551073074341e-01
2.412039488554000854e-01
-4.261736273765563965e-01
-4.283888936042785645e-01
-1.715439081192016602e+00
-2.039911985397338867e+00
-1.617758631706237793e+00
-1.919408559799194336e+00
-1.905817985534667969e+00
-2.275831460952758789e+00
-2.423106431961059570e+00
-1.587596654891967773e+00
-5.299059748649597168e-01
-1.344690084457397461e+00
-2.047415256500244141e+00
-2.187573194503784180e+00
-1.589385151863098145e+00
1.995978802442550659e-01
1.007767200469970703e+00
3.196141123771667480e-01
1.258329153060913086e+00
2.949311256408691406e+00
9.042959213256835938e-01
1.081800460815429688e+00
6.860230863094329834e-02
-8.854444324970245361e-02
6.922026276588439941e-01
1.787624597549438477e+00
1.450114011764526367e+00
8.996397852897644043e-01
1.632141828536987305e+00
1.907383084297180176e+00
-8.675627708435058594e-01
-6.183372139930725098e-01
-9.677042067050933838e-02
2.451859712600708008e+00
-5.250269174575805664e-01
3.718366622924804688e-01
5.991291403770446777e-01
-6.646475195884704590e-01
4.888657927513122559e-01
1.677980184555053711e+00
4.829087853431701660e-01
7.105146050453186035e-01
8.106371760368347168e-01
1.390702486038208008e+00
1.336326956748962402e+00
2.014686107635498047e+00
1.961637496948242188e+00
2.916560888290405273e+00
3.471942663192749023e+00
4.164921283721923828e+00
2.971537828445434570e+00
3.116569995880126953e+00
2.515780448913574219e+00
2.856901407241821289e+00
2.995791435241699219e+00
2.898390531539916992e+00
2.739161252975463867e+00
2.321406841278076172e+00
1.676051378250122070e+00
1.772169828414916992e+00
2.657126188278198242e+00
1.412042737007141113e+00
7.302273511886596680e-01
1.919907808303833008e+00
1.462001085281372070e+00
2.287170141935348511e-01
-1.616961717605590820e+00
-2.330223083496093750e+00
-2.531001091003417969e+00
-2.505417823791503906e+00
-2.547999620437622070e+00
-3.235781788825988770e-01
8.153994679450988770e-01
-7.462536692619323730e-01
-5.550184845924377441e-01
-7.415221333503723145e-01
1.413892358541488647e-01
-2.940694093704223633e-01
-1.470988988876342773e+00
-8.177395462989807129e-01
1.001294255256652832e+00
3.267483115196228027e-01
-3.123795390129089355e-01
4.954434037208557129e-01
-1.525338441133499146e-01
-6.856552362442016602e-01
-3.433211565017700195e+00
-1.051375865936279297e+00
-9.729351103305816650e-02
-1.818612575531005859e+00
-1.697012066841125488e+00
-1.577985763549804688e+00
-4.909657239913940430e-01
-1.442673921585083008e+00
-1.090494036674499512e+00
3.569350838661193848e-01
-8.825451731681823730e-01
-1.266237974166870117e+00
-1.392998456954956055e+00
-5.023746490478515625e-01
-1.209385633468627930e+00
-2.178361564874649048e-01
2.929353713989257812e-01
-5.227650701999664307e-02
1.772113800048828125e+00
8.202297091484069824e-01
-8.092865347862243652e-03
-3.344123959541320801e-01
4.362658262252807617e-01
9.309941530227661133e-01
2.392199516296386719e+00
1.424995303153991699e+00
9.107948541641235352e-01
5.926563739776611328e-01
-4.507369399070739746e-01
-2.461103349924087524e-01
-1.439967304468154907e-01
-3.365083336830139160e-01
-4.683018326759338379e-01
-3.992343544960021973e-01
2.633177042007446289e-01
-2.577944099903106689e-02
-6.760445833206176758e-01
-3.632526993751525879e-01
-1.417140513658523560e-01
-1.073511391878128052e-01
-1.298383623361587524e-01
1.809101551771163940e-01
