1.859456300735473633e+00
1.761218547821044922e+00
1.712532281875610352e+00
7.782108783721923828e-01
5.811812877655029297e-01
1.045481562614440918e+00
1.343396902084350586e+00
1.053328752517700195e+00
1.073331832885742188e+00
1.172967910766601562e+00
2.002268314361572266e+00
2.091885805130004883e+00
2.245966196060180664e+00
1.908756852149963379e+00
5.074143409729003906e-01
5.411813855171203613e-01
2.257009506225585938e+00
2.501719474792480469e+00
1.919919013977050781e+00
5.337540507316589355e-01
-2.101893872022628784e-01
-6.007692813873291016e-01
-6.216398477554321289e-01
-5.052334070205688477e-01
-5.106880664825439453e-01
-5.147457122802734375e-01
-5.327237844467163086e-01
-6.031505465507507324e-01
-6.664322614669799805e-01
-3.589677512645721436e-01
-2.635091841220855713e-01
-5.043828487396240234e-01
-4.567855894565582275e-01
-4.093808233737945557e-01
-5.579864978790283203e-01
2.880067527294158936e-01
-1.234406381845474243e-01
-2.212579920887947083e-02
-6.097514629364013672e-01
1.692284196615219116e-01
2.309679836034774780e-01
3.560686409473419189e-01
4.505055844783782959e-01
4.748497903347015381e-01
4.816289842128753662e-01
4.771539270877838135e-01
4.405914247035980225e-01
3.830967843532562256e-01
3.126283586025238037e-01
2.364209145307540894e-01
1.904863566160202026e-01
7.263450324535369873e-02
-6.476320326328277588e-02
-1.569742113351821899e-01
-2.568000257015228271e-01
-3.069964051246643066e-01
-3.165447413921356201e-01
-2.939896285533905029e-01
-3.165212571620941162e-01
-4.206908643245697021e-01
-4.888608157634735107e-01
-4.512906372547149658e-01
-3.721804916858673096e-01
-3.314013779163360596e-01
-3.130875527858734131e-01
-2.177798300981521606e-01
5.035069584846496582e-01
2.899709641933441162e-01
-1.104783564805984497e-01
-1.963032633066177368e-01
-6.103833392262458801e-02
-4.326691105961799622e-02
-4.223896935582160950e-02
-4.213948920369148254e-02
-4.213114455342292786e-02
7.748378515243530273e-01
-1.804697066545486450e-01
-5.227817967534065247e-02
3.757531344890594482e-01
3.561358153820037842e-01
-9.753848612308502197e-02
2.865047156810760498e-01
4.235357940196990967e-01
4.463989436626434326e-01
2.427570074796676636e-01
3.325200378894805908e-01
3.902824819087982178e-01
-1.117338091135025024e-01
-6.514735519886016846e-02
6.052963063120841980e-02
5.020878836512565613e-02
1.529370993375778198e-01
1.483324021100997925e-01
1.480629295110702515e-01
1.480114310979843140e-01
1.480945199728012085e-01
1.482213586568832397e-01
5.372669100761413574e-01
1.483920067548751831e-01
-1.505853608250617981e-02
1.918278262019157410e-02
-1.274423748254776001e-01
1.535258144140243530e-01
5.778878927230834961e-01
-1.283626109361648560e-01
-6.146897748112678528e-02
-5.453409627079963684e-02
-5.504586175084114075e-02
-5.046172812581062317e-02
1.696081012487411499e-01
-1.247223764657974243e-01
-6.368018686771392822e-02
-9.217955172061920166e-02
-1.257119327783584595e-01
-1.278277784585952759e-01
-1.280324608087539673e-01
-1.280679851770401001e-01
-1.281078010797500610e-01
-1.281788498163223267e-01
-1.282493025064468384e-01
-1.282975822687149048e-01
-1.283244043588638306e-01
-1.283366829156875610e-01
-1.283416897058486938e-01
-1.283434778451919556e-01
-1.283441931009292603e-01
-1.283444315195083618e-01
-1.283444315195083618e-01
-1.283445507287979126e-01
-1.283445507287979126e-01
-1.283445507287979126e-01
-1.283445507287979126e-01
-1.283445507287979126e-01
-1.283444315195083618e-01
-1.283420473337173462e-01
-1.276233345270156860e-01
-6.131019070744514465e-02
-5.113943293690681458e-02
-4.973806813359260559e-02
-1.283444315195083618e-01
-1.283445507287979126e-01
2.873935401439666748e-01
3.316089808940887451e-01
3.316540420055389404e-01
3.316600024700164795e-01
5.933226346969604492e-01
7.558180093765258789e-01
7.649319171905517578e-01
8.039361238479614258e-01
6.658129096031188965e-01
1.767296642065048218e-01
3.310624063014984131e-01
-1.783998757600784302e-01
-8.290428668260574341e-03
1.365019530057907104e-01
4.357057511806488037e-01
2.718451917171478271e-01
1.645181030035018921e-01
1.518406718969345093e-01
5.519182682037353516e-01
4.632818996906280518e-01
1.602637618780136108e-01
-6.497277319431304932e-02
8.045230805873870850e-02
1.113017648458480835e-01
-1.916270405054092407e-01
4.276818931102752686e-01
3.735070526599884033e-01
-1.009972244501113892e-01
4.733413159847259521e-01
1.438335895538330078e+00
3.418584167957305908e-01
-7.520045340061187744e-02
1.554195731878280640e-01
4.025202691555023193e-01
1.394851058721542358e-01
2.978815138339996338e-01
1.413617581129074097e-01
5.477371215820312500e-01
2.349624484777450562e-01
4.532350003719329834e-01
-2.051164582371711731e-02
-1.284039169549942017e-01
-1.283527761697769165e-01
-6.141521409153938293e-02
-1.240376979112625122e-01
-1.283447295427322388e-01
-1.177566200494766235e-01
-1.819298416376113892e-01
6.748369932174682617e-01
7.525098919868469238e-01
4.413076341152191162e-01
6.610147953033447266e-01
1.963629573583602905e-01
3.910609185695648193e-01
7.352973222732543945e-01
-6.426860392093658447e-02
-5.348588898777961731e-02
4.140458628535270691e-02
2.569085061550140381e-01
1.483568996191024780e-01
-1.217819005250930786e-01
4.970384538173675537e-01
1.533084958791732788e-01
2.200631946325302124e-01
1.902000755071640015e-01
-1.443046480417251587e-01
3.797253072261810303e-01
4.019198119640350342e-01
2.230279296636581421e-01
-3.434498608112335205e-01
-6.772889196872711182e-02
3.782138526439666748e-01
4.156796038150787354e-01
1.551252454519271851e-01
7.706674337387084961e-01
9.141055941581726074e-01
4.346426427364349365e-01
4.871558845043182373e-01
4.355508983135223389e-01
3.543049991130828857e-01
1.097735017538070679e-01
1.476346701383590698e-01
-1.245442181825637817e-01
5.316227078437805176e-01
-1.907547265291213989e-01
-1.188398748636245728e-01
-1.269633919000625610e-01
-1.282277256250381470e-01
7.810729742050170898e-01
1.431133002042770386e-01
1.198319643735885620e-01
1.146960705518722534e-01
-1.287673860788345337e-01
-1.283932477235794067e-01
5.004100129008293152e-02
-1.650757342576980591e-01
1.737508624792098999e-01
-1.223098784685134888e-01
5.978063866496086121e-02
-1.575654000043869019e-01
-3.326782286167144775e-01
-2.657535076141357422e-01
5.399514362215995789e-02
4.980922639369964600e-01
-1.762422323226928711e+00
-1.622413158416748047e+00
-1.357941627502441406e+00
-1.660460233688354492e+00
-1.819388866424560547e+00
-1.344736099243164062e+00
5.671259164810180664e-01
1.012898206710815430e+00
8.642236888408660889e-02
-2.418627217411994934e-02
-1.126321703195571899e-01
-1.247414499521255493e-01
-1.081105619668960571e-01
1.757732480764389038e-01
7.020746171474456787e-02
-1.318516880273818970e-01
-1.875875145196914673e-01
-6.051244735717773438e-01
3.495235145092010498e-01
2.902004420757293701e-01
3.604922816157341003e-02
-9.067012369632720947e-02
-5.009893178939819336e-01
-7.100656032562255859e-01
5.711064860224723816e-02
-1.640151888132095337e-01
-6.183840706944465637e-02
-1.216766983270645142e-01
-7.531358301639556885e-02
-2.252385765314102173e-01
9.695409238338470459e-02
1.920152753591537476e-01
-1.656114012002944946e-01
-5.602755025029182434e-02
2.645808160305023193e-01
-2.017367035150527954e-01
3.683373034000396729e-01
7.668499350547790527e-01
4.857362806797027588e-01
2.409761995077133179e-01
-5.993672087788581848e-02
1.361380144953727722e-02
7.503710687160491943e-02
-7.813264429569244385e-02
-6.938554346561431885e-02
-7.439519464969635010e-02
-1.283408552408218384e-01
2.187892049551010132e-01
-1.283453255891799927e-01
-1.442352682352066040e-01
-2.275915294885635376e-01
-5.657418444752693176e-02
-4.960407689213752747e-02
3.464911878108978271e-01
1.476053446531295776e-01
-5.872156098484992981e-02
2.816150486469268799e-01
6.389082074165344238e-01
7.506700754165649414e-01
-1.612581685185432434e-02
-2.532746270298957825e-02
-1.282239109277725220e-01
1.902310699224472046e-01
-1.579473167657852173e-01
6.144660711288452148e-01
5.609360933303833008e-01
1.795670837163925171e-01
-1.164686232805252075e-01
5.025507211685180664e-01
7.347607612609863281e-01
4.059775173664093018e-01
4.246519505977630615e-01
-1.311805397272109985e-01
1.435594409704208374e-01
3.803907334804534912e-01
3.483341261744499207e-02
7.282108068466186523e-01
7.032785415649414062e-01
5.654635429382324219e-01
-6.454481184482574463e-02
1.050206273794174194e-01
3.992290198802947998e-01
-1.217174082994461060e-01
3.716308176517486572e-01
4.635477960109710693e-01
6.408563256263732910e-01
2.382477968931198120e-01
-1.790030151605606079e-01
1.483411043882369995e-01
2.074001282453536987e-01
1.069550365209579468e-01
3.878377005457878113e-02
1.721165701746940613e-02
-1.219000965356826782e-01
-1.274377852678298950e-01
2.710213959217071533e-01
5.636833906173706055e-01
5.159283876419067383e-01
1.411934345960617065e-01
-1.449706032872200012e-02
6.722701787948608398e-01
4.772507846355438232e-01
1.413605660200119019e-01
6.686595678329467773e-01
2.818855941295623779e-01
-1.873650699853897095e-01
5.783459544181823730e-01
-1.669923216104507446e-01
1.441703289747238159e-01
7.001539468765258789e-01
1.446713656187057495e-01
-1.287434250116348267e-01
-1.283993273973464966e-01
-1.283520609140396118e-01
5.912251472473144531e-01
1.455321758985519409e-01
-1.071482449769973755e-01
5.597001910209655762e-01
1.789657399058341980e-02
-5.625595524907112122e-02
-6.529809534549713135e-02
-1.740808635950088501e-01
-1.283944994211196899e-01
2.831267416477203369e-01
-1.278899461030960083e-01
-3.337331116199493408e-01
2.929221093654632568e-01
1.856888383626937866e-01
1.205179542303085327e-01
1.138914674520492554e-01
-1.872419267892837524e-01
-1.055041700601577759e-01
-1.278886944055557251e-01
-1.759903579950332642e-01
1.483537405729293823e-01
-1.302749067544937134e-01
-1.261700540781021118e-01
-1.280484348535537720e-01
-1.283046156167984009e-01
-1.283393055200576782e-01
-1.283440142869949341e-01
-1.242138296365737915e-01
3.319287002086639404e-01
1.562886089086532593e-01
-1.288426071405410767e-01
-1.284039765596389771e-01
-1.283527761697769165e-01
1.326896995306015015e-01
2.597536742687225342e-01
-1.287764459848403931e-01
1.493218988180160522e-01
3.320083320140838623e-01
-1.574613600969314575e-01
1.606838032603263855e-02
-1.241451054811477661e-01
7.696974277496337891e-01
2.778099477291107178e-01
7.446108758449554443e-02
-1.288531571626663208e-01
6.705340147018432617e-01
5.670441389083862305e-01
-2.297999337315559387e-02
-3.989459946751594543e-02
-2.971168234944343567e-02
-2.333309799432754517e-01
-3.628878891468048096e-01
-5.539991855621337891e-01
-6.623270511627197266e-01
-6.193925142288208008e-01
-7.655808329582214355e-01
-1.005468368530273438e+00
-9.780763983726501465e-01
-9.671026468276977539e-01
-4.099575579166412354e-01
1.560857146978378296e-01
4.626528918743133545e-01
3.622250258922576904e-01
2.007655948400497437e-01
-3.571730554103851318e-01
-3.936173394322395325e-02
1.440058201551437378e-01
-1.217819601297378540e-01
-1.025872975587844849e-01
6.803343296051025391e-01
-1.328762322664260864e-01
-7.827819883823394775e-02
-5.719782784581184387e-02
-1.282940059900283813e-01
-1.283371597528457642e-01
-1.270275264978408813e-01
-1.283409744501113892e-01
-2.359065562486648560e-01
-1.886261850595474243e-01
-1.283147484064102173e-01
-1.283406764268875122e-01
-2.021302655339241028e-02
-1.849510818719863892e-01
1.151751726865768433e-01
3.293392360210418701e-01
3.294688165187835693e-01
-1.297257095575332642e-01
-1.284037977457046509e-01
1.073461025953292847e-01
1.888100951910018921e-01
-4.199773371219635010e-01
-1.287844330072402954e-01
-1.284039765596389771e-01
2.393720597028732300e-01
2.541447579860687256e-01
-2.329604178667068481e-01
4.093470275402069092e-01
-1.810913234949111938e-01
-1.263806968927383423e-01
-1.280764490365982056e-01
-1.584696918725967407e-01
1.523816436529159546e-01
1.180747598409652710e-01
6.753998994827270508e-01
-4.766782224178314209e-01
-1.485719829797744751e-01
-8.679099380970001221e-02
-1.679625064134597778e-01
-7.241185009479522705e-02
3.194492310285568237e-03
1.336483210325241089e-01
5.436028838157653809e-01
-1.945511847734451294e-01
-2.052370458841323853e-01
-1.314745694398880005e-01
-1.283348351716995239e-01
-1.273739486932754517e-01
-1.954224854707717896e-01
-2.759213149547576904e-01
1.354253739118576050e-01
5.648104548454284668e-01
6.434922218322753906e-01
9.428978562355041504e-01
1.388735055923461914e+00
1.506266593933105469e+00
1.274217367172241211e+00
1.250795483589172363e+00
1.089876055717468262e+00
1.040609836578369141e+00
9.036026597023010254e-01
2.269095033407211304e-01
2.236808389425277710e-01
2.439342588186264038e-01
7.417842149734497070e-01
6.211809515953063965e-01
-6.739197373390197754e-01
-5.881955027580261230e-01
-7.060576677322387695e-01
-2.219759374856948853e-01
4.721795022487640381e-01
1.461678594350814819e-01
3.554958999156951904e-01
2.386448830366134644e-01
1.339918226003646851e-01
7.743653059005737305e-01
2.188706248998641968e-01
1.263586133718490601e-01
8.280913531780242920e-02
-1.217919737100601196e-01
-1.274420171976089478e-01
2.819664776325225830e-01
5.035831928253173828e-01
2.919567525386810303e-01
-1.834994703531265259e-01
-2.512829601764678955e-01
-6.807807683944702148e-01
-6.901479959487915039e-01
-4.253250658512115479e-01
-1.019733667373657227e+00
-5.625880360603332520e-01
-5.495506525039672852e-01
-9.116245806217193604e-02
-5.205590128898620605e-01
-4.836402833461761475e-01
-3.062981963157653809e-01
-4.623222649097442627e-01
-5.016498565673828125e-01
-6.257748603820800781e-01
-7.446738481521606445e-01
-7.444570660591125488e-01
-7.438896298408508301e-01
-7.070752382278442383e-01
-8.422274887561798096e-02
-7.185740470886230469e-01
-7.778753340244293213e-02
-1.380171060562133789e+00
-8.162552118301391602e-01
3.998397886753082275e-01
3.503241837024688721e-01
2.134636193513870239e-01
-3.642919361591339111e-01
-4.812026917934417725e-01
-8.295471966266632080e-02
-4.352863729000091553e-01
-1.101683527231216431e-01
-1.021746695041656494e-01
-1.261379197239875793e-02
-4.876405000686645508e-06
4.966370761394500732e-04
-1.040468513965606689e-01
-5.096350312232971191e-01
-5.503600835800170898e-01
-6.232296228408813477e-01
-5.889322757720947266e-01
-1.637972146272659302e-01
-6.659166216850280762e-01
-6.394913196563720703e-01
-6.670769453048706055e-01
-6.170496940612792969e-01
-5.898479223251342773e-01
-1.625156551599502563e-01
-1.195884943008422852e+00
-1.365676641464233398e+00
-1.214105606079101562e+00
4.648278281092643738e-02
4.716504514217376709e-01
5.250801444053649902e-01
-8.803402185440063477e-01
-3.247027695178985596e-01
-5.248485803604125977e-01
-4.590844511985778809e-01
-5.881394147872924805e-01
-6.939448118209838867e-01
-1.280871778726577759e-01
-5.587661266326904297e-01
-8.852084875106811523e-01
-8.427165746688842773e-01
-6.220552921295166016e-01
1.767437905073165894e-01
-3.393481075763702393e-01
-3.323795273900032043e-02
4.318278282880783081e-03
-4.858784973621368408e-01
-6.074556112289428711e-01
-1.228256374597549438e-01
-2.239006906747817993e-01
-6.221740245819091797e-01
-3.915551006793975830e-01
-5.619019269943237305e-01
-6.224234700202941895e-01
-6.231350898742675781e-01
-5.561984777450561523e-01
-5.459390878677368164e-01
-5.445256233215332031e-01
-5.443327426910400391e-01
-5.443106293678283691e-01
-5.443049073219299316e-01
-5.443026423454284668e-01
-5.443025231361389160e-01
-5.443025231361389160e-01
-5.443025231361389160e-01
-5.443025231361389160e-01
-5.443025231361389160e-01
-6.231229305267333984e-01
2.474900335073471069e-01
4.376767203211784363e-02
-5.173176527023315430e-01
-5.236334204673767090e-01
-5.245556235313415527e-01
-5.247136354446411133e-01
-5.245209336280822754e-01
-5.242543816566467285e-01
-5.244860649108886719e-01
-5.246832966804504395e-01
-5.252189636230468750e-01
-1.252281785011291504e+00
-1.227459192276000977e+00
-1.221177577972412109e+00
-1.220716714859008789e+00
-1.272295713424682617e+00
-1.534718513488769531e+00
-4.668138325214385986e-01
3.305651843547821045e-01
8.826401829719543457e-01
8.468354940414428711e-01
1.211055517196655273e+00
1.911144614219665527e+00
7.818715572357177734e-01
1.424032807350158691e+00
1.012561559677124023e+00
2.890840470790863037e-01
-2.887412607669830322e-01
-1.866299062967300415e-01
7.863251864910125732e-02
4.426079094409942627e-01
4.364984929561614990e-01
-9.530831873416900635e-02
-7.111708819866180420e-02
-3.008427321910858154e-01
1.948499530553817749e-01
6.587183475494384766e-01
1.079461812973022461e+00
8.781478404998779297e-01
2.556217610836029053e-01
-2.188328057527542114e-01
1.464582562446594238e+00
-5.732530355453491211e-01
-4.285564720630645752e-01
-3.355726301670074463e-01
-4.348649084568023682e-01
-3.381643593311309814e-01
4.918559491634368896e-01
-6.586302816867828369e-02
8.307309150695800781e-01
-9.478248655796051025e-02
-1.622619777917861938e-01
8.174990117549896240e-02
-5.769510939717292786e-02
-2.012610584497451782e-01
1.489999145269393921e-01
6.720388531684875488e-01
-5.430581048130989075e-02
-5.861689522862434387e-02
-1.345523148775100708e-01
-4.898788407444953918e-02
-4.248597100377082825e-02
-1.275130063295364380e-01
-6.087543442845344543e-02
-5.070247128605842590e-02
-1.278001219034194946e-01
6.511072516441345215e-01
3.325354754924774170e-01
-1.476964503526687622e-01
2.638218924403190613e-02
1.470823138952255249e-01
-1.603750735521316528e-01
-1.225631386041641235e-01
-6.002922728657722473e-02
-5.049361661076545715e-02
-4.918040707707405090e-02
-4.900230839848518372e-02
-1.242669969797134399e-01
-1.278005987405776978e-01
-1.169581562280654907e-01
-1.277996450662612915e-01
-1.277976185083389282e-01
-1.278005987405776978e-01
-1.278005987405776978e-01
-1.269900947809219360e-01
-1.278005987405776978e-01
-1.278005987405776978e-01
-1.278005987405776978e-01
-1.278005987405776978e-01
-1.278005987405776978e-01
-1.278005987405776978e-01
-1.278005987405776978e-01
-2.000497132539749146e-01
-1.278013139963150024e-01
-1.991034895181655884e-01
-1.530044823884963989e-01
-1.216542869806289673e-01
-1.112407594919204712e-01
-1.277841478586196899e-01
-7.850457727909088135e-02
-1.243193820118904114e-02
-1.213534027338027954e-01
1.489044278860092163e-01
-3.653975129127502441e-01
-5.043121576309204102e-01
-7.318010330200195312e-01
-4.250383675098419189e-01
-2.794654667377471924e-01
-2.791475057601928711e-01
-2.934513688087463379e-01
-3.115870058536529541e-01
-3.130559027194976807e-01
-3.132664859294891357e-01
-3.133272826671600342e-01
-3.133463859558105469e-01
-3.133515119552612305e-01
1.815736740827560425e-01
4.241074249148368835e-02
4.829103872179985046e-02
4.909871146082878113e-02
4.920827969908714294e-02
4.922946915030479431e-02
-1.378793358802795410e+00
-8.560548424720764160e-01
-9.898926019668579102e-01
-1.316576004028320312e+00
-1.630841493606567383e+00
-2.845806181430816650e-01
-4.192526042461395264e-01
-1.408665925264358521e-01
-4.032132923603057861e-01
9.148689508438110352e-01
7.775019407272338867e-01
3.468880355358123779e-01
9.991490840911865234e-01
5.702929496765136719e-01
-2.884020283818244934e-02
1.153487682342529297e+00
1.056613802909851074e+00
6.004108190536499023e-01
5.978991985321044922e-01
5.945557951927185059e-01
7.981513738632202148e-01
1.610088586807250977e+00
1.626017332077026367e+00
1.600851774215698242e+00
8.369145393371582031e-01
7.352707386016845703e-01
7.890379428863525391e-01
1.506957173347473145e+00
4.786508977413177490e-01
8.403682708740234375e-01
7.375590801239013672e-01
6.929302215576171875e-01
7.442713975906372070e-01
1.491004347801208496e+00
1.867229789495468140e-01
4.191691577434539795e-01
4.191834628582000732e-01
1.246539235115051270e+00
3.443476855754852295e-01
4.212857186794281006e-01
1.216017603874206543e+00
1.106340289115905762e+00
1.094981193542480469e+00
9.265482425689697266e-01
1.846560001373291016e+00
1.726878523826599121e+00
7.577278614044189453e-01
2.604067027568817139e-01
2.106413692235946655e-01
2.170950025320053101e-01
1.802716016769409180e+00
2.101380676031112671e-01
-1.199462562799453735e-01
9.440670907497406006e-02
-2.008168846368789673e-01
-3.521629869937896729e-01
3.153615891933441162e-01
-3.586563169956207275e-01
-5.411793664097785950e-02
-1.028732895851135254e+00
-5.510802268981933594e-01
6.857697665691375732e-02
-2.520463764667510986e-01
7.880502343177795410e-01
-1.353932172060012817e-01
6.364118456840515137e-01
1.508191674947738647e-01
2.086826413869857788e-01
2.187993973493576050e-01
-1.956849247217178345e-01
-2.294337898492813110e-01
-1.347154527902603149e-01
-1.015605404973030090e-02
-8.821123242378234863e-01
-3.793241456151008606e-02
4.587672278285026550e-02
-6.716290712356567383e-01
8.257958889007568359e-01
-1.690634638071060181e-01
-9.754672050476074219e-01
-1.050845533609390259e-01
-7.057989239692687988e-01
-7.496741414070129395e-01
-1.680328994989395142e-01
-2.019273787736892700e-01
-9.335892796516418457e-01
5.977408215403556824e-02
-6.889283657073974609e-01
-6.646969318389892578e-01
-3.467346131801605225e-01
-3.519559204578399658e-01
4.553161188960075378e-02
1.016040295362472534e-01
-2.308060601353645325e-02
-6.215165853500366211e-01
-5.812649726867675781e-01
-3.635971844196319580e-01
-5.450251102447509766e-01
-5.468600988388061523e-01
-7.482621073722839355e-01
2.849837243556976318e-01
-1.628358513116836548e-01
-7.596684992313385010e-02
-4.747141897678375244e-01
-1.396831423044204712e-01
-6.476618349552154541e-02
-5.366482213139533997e-02
3.552409112453460693e-01
1.235648036003112793e+00
8.829419612884521484e-01
4.564839303493499756e-01
-2.454911023378372192e-01
7.028291225433349609e-01
8.901903629302978516e-01
6.118157505989074707e-01
3.583995997905731201e-01
3.008355796337127686e-01
3.792034089565277100e-01
8.562449812889099121e-01
6.783024072647094727e-01
-1.246885806322097778e-01
-6.104894354939460754e-02
-7.397104799747467041e-02
-1.756062656641006470e-01
-9.262849390506744385e-02
-1.804067566990852356e-02
3.022293373942375183e-02
-1.260236054658889771e-01
-1.282406002283096313e-01
-1.281384974718093872e-01
1.131813377141952515e-01
-8.026369214057922363e-01
-7.705006599426269531e-01
-4.916656315326690674e-01
-2.136434763669967651e-01
-1.459628224372863770e+00
-1.227920651435852051e+00
-1.221013545989990234e+00
-7.981443405151367188e-01
5.193359851837158203e-01
-6.406010389328002930e-01
-5.494621992111206055e-01
-5.273025035858154297e-01
-6.935681104660034180e-01
-8.387373685836791992e-01
-7.846051454544067383e-01
-5.597019195556640625e-01
-6.671975851058959961e-01
-6.473485231399536133e-01
-5.462186336517333984e-01
-5.452404022216796875e-01
-5.487999916076660156e-01
-5.444918870925903320e-01
-5.447072982788085938e-01
-5.443986654281616211e-01
-5.443986654281616211e-01
-2.708353698253631592e-01
2.058168500661849976e-01
-5.424566939473152161e-02
2.364860102534294128e-02
2.983568310737609863e-01
-1.002782583236694336e+00
-1.177909016609191895e+00
-1.066084504127502441e+00
-1.074462294578552246e+00
-1.102682709693908691e+00
-5.146746039390563965e-01
-5.231860876083374023e-01
-4.326658546924591064e-01
-1.213757395744323730e+00
-1.163456082344055176e+00
-1.559985876083374023e+00
-4.207484722137451172e-01
-5.574799180030822754e-01
-9.281229376792907715e-01
-1.613839745521545410e+00
-1.579064965248107910e+00
-7.013512849807739258e-01
-6.618262529373168945e-01
-9.434367716312408447e-02
-1.301153451204299927e-01
-4.334217011928558350e-01
-7.405890524387359619e-02
-2.196245267987251282e-02
1.207766771316528320e+00
4.214375913143157959e-01
4.400044381618499756e-01
1.016381621360778809e+00
6.294915676116943359e-01
1.211160272359848022e-01
2.893291041254997253e-02
-4.872448146343231201e-01
-1.219318658113479614e-01
-6.485439836978912354e-02
2.069754451513290405e-01
1.087689250707626343e-01
-6.086554005742073059e-02
-5.128856375813484192e-02
-1.096538454294204712e-01
-1.283896714448928833e-01
-6.145741418004035950e-02
-8.280010521411895752e-02
-1.283669620752334595e-01
6.714984774589538574e-01
1.484047025442123413e-01
-1.766275018453598022e-01
3.635428473353385925e-02
-1.218269020318984985e-01
-1.255468875169754028e-01
-6.100930646061897278e-02
-1.678422242403030396e-01
3.775898739695549011e-02
6.455872952938079834e-02
-9.562636911869049072e-02
-1.257223039865493774e-01
-1.280291825532913208e-01
4.526113569736480713e-01
-1.220677047967910767e-01
-1.274877339601516724e-01
-1.282673031091690063e-01
-1.283731609582901001e-01
-1.283878237009048462e-01
-1.376634985208511353e-01
-1.283896118402481079e-01
-1.283896714448928833e-01
6.715276241302490234e-01
7.582146525382995605e-01
2.831531465053558350e-01
-7.134856283664703369e-02
-2.645784914493560791e-01
-1.559442430734634399e-01
1.500054448843002319e-01
-3.265912830829620361e-01
-1.219090372323989868e-01
-1.274898797273635864e-01
-1.282675415277481079e-01
-1.283731609582901001e-01
-1.283872276544570923e-01
5.463204383850097656e-01
3.319332301616668701e-01
1.412690132856369019e-01
-1.227885633707046509e-01
-1.276177912950515747e-01
4.793628156185150146e-01
-1.285845190286636353e-01
-1.784077435731887817e-01
3.001067787408828735e-03
3.407075628638267517e-02
-1.850341707468032837e-01
-4.979153871536254883e-01
-2.366720914840698242e+00
-2.305358648300170898e+00
-2.460736274719238281e+00
-1.920742154121398926e+00
-8.171558380126953125e-01
-4.859363436698913574e-01
-2.102803140878677368e-01
-5.503492355346679688e-01
1.025642007589340210e-01
-4.388882219791412354e-01
-3.232898190617561340e-02
6.349173784255981445e-01
-8.471153974533081055e-01
-7.202994823455810547e-01
-1.054769754409790039e+00
-5.898094177246093750e-01
-1.170624256134033203e+00
-1.080265045166015625e+00
-1.080610752105712891e+00
-1.080291271209716797e+00
-1.077163219451904297e+00
-7.701920270919799805e-01
-4.928890764713287354e-01
-1.747300773859024048e-01
-2.305282503366470337e-01
-1.636488586664199829e-01
2.287108749151229858e-01
-3.633499443531036377e-01
-6.540398597717285156e-01
-3.760444223880767822e-01
2.442304939031600952e-01
-2.740886509418487549e-01
-8.053370714187622070e-01
8.280096948146820068e-02
1.285002753138542175e-02
2.348707169294357300e-01
8.617620915174484253e-03
6.841801106929779053e-02
2.884553372859954834e-01
1.312788963317871094e+00
3.181652724742889404e-01
1.363332033157348633e+00
8.006469011306762695e-01
8.378766179084777832e-01
1.685145944356918335e-01
4.937594830989837646e-01
2.185668796300888062e-01
1.287009567022323608e-01
3.506908118724822998e-01
1.469721049070358276e-01
-3.017743304371833801e-02
2.005779594182968140e-01
-1.499595195055007935e-01
-2.384288460016250610e-01
-2.467535287141799927e-01
-2.073574215173721313e-01
1.963028758764266968e-01
-4.951854422688484192e-02
5.207768082618713379e-01
7.793768644332885742e-01
6.319319009780883789e-01
2.084771841764450073e-01
2.017486840486526489e-01
-2.278931289911270142e-01
1.316518634557723999e-01
-1.140893250703811646e-01
6.967125833034515381e-02
-2.887896895408630371e-01
-1.313926726579666138e-01
-6.197406724095344543e-02
-1.283426433801651001e-01
2.451998442411422729e-01
7.942543923854827881e-02
7.179335951805114746e-01
5.563648343086242676e-01
3.149562776088714600e-01
-1.226892620325088501e-01
-3.372373059391975403e-02
-1.217283159494400024e-01
1.129250973463058472e-03
1.493838280439376831e-01
-6.466485559940338135e-02
1.483518332242965698e-01
1.483518332242965698e-01
6.680366992950439453e-01
7.570807933807373047e-01
1.419679373502731323e-01
-1.222480684518814087e-01
6.047852039337158203e-01
1.467174738645553589e-01
-2.898385822772979736e-01
-6.665088236331939697e-02
-6.497849524021148682e-02
1.481348127126693726e-01
1.483526676893234253e-01
2.129660174250602722e-02
-1.181926280260086060e-01
-1.274453550577163696e-01
-1.282220631837844849e-01
-1.577304750680923462e-01
-1.735453754663467407e-01
-1.283437758684158325e-01
6.574665009975433350e-02
1.426384970545768738e-02
6.646077334880828857e-02
2.231870219111442566e-02
-4.769714549183845520e-02
4.520847499370574951e-01
-1.903762966394424438e-01
-1.303045898675918579e-01
5.552869290113449097e-03
1.026144474744796753e-01
-1.234804540872573853e-01
-1.274430900812149048e-01
-1.283486038446426392e-01
-1.617219597101211548e-01
-4.448064044117927551e-02
-2.012630179524421692e-02
-1.177239567041397095e-01
-1.797596365213394165e-01
6.095230579376220703e-01
4.587000906467437744e-01
3.694404065608978271e-01
5.954867601394653320e-01
5.399643778800964355e-01
4.406323134899139404e-01
6.051654219627380371e-01
-1.895694285631179810e-01
2.253299802541732788e-01
7.101528346538543701e-02
1.481477469205856323e-01
1.483533233404159546e-01
2.173964232206344604e-01
-1.757328063249588013e-01
-1.254081279039382935e-01
-1.279769688844680786e-01
-1.283404976129531860e-01
-2.006580308079719543e-02
-3.826059997081756592e-01
1.476653069257736206e-01
-1.218075305223464966e-01
4.387708008289337158e-01
-1.234011799097061157e-01
-1.274424940347671509e-01
-1.230360940098762512e-02
-1.579831987619400024e-01
-1.217821985483169556e-01
-1.274425536394119263e-01
-1.282223612070083618e-01
-1.285674721002578735e-01
-5.732162669301033020e-02
-1.218065172433853149e-01
-1.274430304765701294e-01
-1.282224804162979126e-01
-3.141214326024055481e-02
-2.624963819980621338e-01
-1.556751877069473267e-01
3.323824107646942139e-01
4.545170962810516357e-01
1.228618472814559937e-01
-2.539546787738800049e-01
-1.715208441019058228e-01
1.438690274953842163e-01
-4.555175602436065674e-01
-1.294868141412734985e-01
-2.004722505807876587e-01
4.519596993923187256e-01
1.912337392568588257e-01
-7.949051856994628906e-01
-5.256931185722351074e-01
-5.249659419059753418e-01
-2.672812938690185547e-01
-1.995969563722610474e-01
-1.926651149988174438e-01
-8.524289131164550781e-01
-1.159027338027954102e+00
-1.158877968788146973e+00
-1.216466307640075684e+00
-1.442266106605529785e+00
-1.412849664688110352e+00
-1.408310532569885254e+00
-4.010885059833526611e-01
5.808830261230468750e-01
8.929614424705505371e-01
1.501225948333740234e+00
5.591205358505249023e-01
8.761738240718841553e-02
8.770924061536788940e-03
1.760413497686386108e-01
2.161065191030502319e-01
1.997988075017929077e-01
3.494434058666229248e-01
-3.790923655033111572e-01
-6.582860946655273438e-01
3.805449903011322021e-01
1.508061647415161133e+00
1.363810062408447266e+00
-6.937866210937500000e-01
1.167397350072860718e-01
3.784320876002311707e-02
-5.751912593841552734e-01
7.097779214382171631e-02
1.551640868186950684e+00
2.666718661785125732e-01
-1.121397137641906738e+00
-1.079003691673278809e+00
7.274788618087768555e-01
1.630681991577148438e+00
7.273033857345581055e-01
3.216826617717742920e-01
2.043185710906982422e+00
1.011663198471069336e+00
1.291041135787963867e+00
1.736169815063476562e+00
1.944085955619812012e+00
1.508522391319274902e+00
8.626422882080078125e-01
5.254695415496826172e-01
-1.062249064445495605e+00
-3.176394999027252197e-01
5.244313478469848633e-01
4.205132424831390381e-01
2.974554002285003662e-01
7.484626173973083496e-01
4.023136794567108154e-01
4.610707461833953857e-01
3.508509099483489990e-01
4.054871499538421631e-01
1.672998547554016113e+00
2.260253950953483582e-02
2.967445552349090576e-01
3.205433785915374756e-01
-2.024037986993789673e-01
-1.807254701852798462e-01
-3.286241590976715088e-01
3.319024741649627686e-01
7.433431148529052734e-01
7.800076603889465332e-01
1.211390942335128784e-01
-1.388890296220779419e-01
4.477212131023406982e-01
8.032660484313964844e-01
1.172138929367065430e+00
4.399735629558563232e-01
4.017997682094573975e-01
4.027487933635711670e-01
9.719996452331542969e-01
4.996015727519989014e-01
-1.477352529764175415e-01
8.571252822875976562e-01
1.096179842948913574e+00
8.297870159149169922e-01
1.486119478940963745e-01
7.486842572689056396e-02
-1.202429682016372681e-01
-9.096182882785797119e-02
8.476104140281677246e-01
-1.218004375696182251e-01
5.642809867858886719e-01
-5.883951857686042786e-02
-1.788699775934219360e-01
-1.851322799921035767e-01
2.830590903759002686e-01
-6.140734627842903137e-02
-9.363587200641632080e-02
-4.983021691441535950e-02
-1.283447295427322388e-01
-6.141360476613044739e-02
-5.115683749318122864e-02
-1.283217221498489380e-01
-1.283447295427322388e-01
-1.283403187990188599e-01
-1.282428056001663208e-01
-1.283468753099441528e-01
-1.283449679613113403e-01
-1.283447295427322388e-01
-1.283447295427322388e-01
-1.283447295427322388e-01
-1.283447295427322388e-01
-1.283437758684158325e-01
-1.283415108919143677e-01
-1.283372193574905396e-01
-1.283351927995681763e-01
-1.283378154039382935e-01
-1.283416301012039185e-01
-1.283432990312576294e-01
-1.283062249422073364e-01
-1.283442527055740356e-01
-1.283447295427322388e-01
-1.283447295427322388e-01
-1.283447295427322388e-01
-1.283447295427322388e-01
-1.283447295427322388e-01
-1.283447295427322388e-01
-1.283447295427322388e-01
-1.283447295427322388e-01
-1.997364908456802368e-01
-1.283150464296340942e-01
-1.283408552408218384e-01
-1.283455044031143188e-01
-1.283464580774307251e-01
-1.283456832170486450e-01
-1.283450871706008911e-01
-1.283448487520217896e-01
-1.283447295427322388e-01
1.740561053156852722e-02
-1.298846751451492310e-01
-1.278345733880996704e-01
1.175447553396224976e-01
5.186029672622680664e-01
-7.116574794054031372e-03
-3.399596512317657471e-01
-8.211671113967895508e-01
-7.859460115432739258e-01
-1.278709322214126587e-01
-1.423695236444473267e-01
-1.283306628465652466e-01
-1.283430010080337524e-01
-1.269537955522537231e-01
-1.665749102830886841e-01
-1.613854318857192993e-01
1.483440846204757690e-01
1.416914910078048706e-01
5.592884421348571777e-01
7.173584699630737305e-01
3.319806754589080811e-01
1.413090676069259644e-01
1.047473400831222534e-01
1.161125153303146362e-01
1.413507908582687378e-01
-1.848914101719856262e-02
-3.544296696782112122e-02
3.125038444995880127e-01
1.413617581129074097e-01
1.261210292577743530e-01
5.204167366027832031e-01
2.945825755596160889e-01
2.992157638072967529e-01
2.497218176722526550e-02
5.531334877014160156e-01
3.894968926906585693e-01
3.049267232418060303e-01
5.112811326980590820e-01
4.716932475566864014e-01
1.323903053998947144e-01
1.460242718458175659e-01
1.480266302824020386e-01
1.483118981122970581e-01
5.087665319442749023e-01
3.324310481548309326e-01
4.537551105022430420e-01
1.207059472799301147e-01
3.163751661777496338e-01
-3.576662838459014893e-01
1.251946538686752319e-01
7.293175160884857178e-02
1.391677111387252808e-01
1.471622437238693237e-01
5.133553147315979004e-01
5.125871896743774414e-01
-1.010527089238166809e-02
-1.930903345346450806e-01
-1.688934713602066040e-01
1.450679749250411987e-01
5.133710503578186035e-01
5.133793950080871582e-01
6.824772059917449951e-02
1.473947018384933472e-01
1.482252329587936401e-01
1.483341902494430542e-01
1.483540982007980347e-01
1.278118416666984558e-02
1.695917174220085144e-02
-1.584624797105789185e-01
1.625771969556808472e-01
5.830764174461364746e-01
1.020442694425582886e-01
-3.783626854419708252e-01
-1.589647680521011353e-01
1.045104116201400757e-01
1.922798007726669312e-01
-7.911159098148345947e-02
-5.065171122550964355e-01
-4.620542824268341064e-01
-4.436322152614593506e-01
-4.385607540607452393e-01
2.790618836879730225e-01
1.487595885992050171e-01
-4.419340789318084717e-01
-2.918508946895599365e-01
-1.256251484155654907e-01
5.826590582728385925e-02
1.912839263677597046e-01
-5.949668884277343750e-01
1.203342527151107788e-01
1.414257138967514038e-01
3.582490384578704834e-01
-2.383980900049209595e-01
2.858999073505401611e-01
-6.903000473976135254e-01
2.217802852392196655e-01
2.286964505910873413e-01
3.968779742717742920e-01
2.343724295496940613e-02
-2.496569901704788208e-01
-5.807990431785583496e-01
-5.285773873329162598e-01
-2.847013771533966064e-01
-4.356386139988899231e-02
1.644108816981315613e-02
3.014181181788444519e-02
3.028021752834320068e-01
-1.902010589838027954e-01
-1.221929937601089478e-01
-1.282969862222671509e-01
5.257945060729980469e-01
6.573293209075927734e-01
5.406411886215209961e-01
4.705426394939422607e-01
1.413180083036422729e-01
1.483003944158554077e-01
8.385632932186126709e-02
1.483306139707565308e-01
1.323118060827255249e-01
-5.229069665074348450e-02
2.856342494487762451e-01
1.483555287122726440e-01
-1.708545833826065063e-01
-1.274306923151016235e-01
3.497907817363739014e-01
4.944434463977813721e-01
6.077576875686645508e-01
3.442898690700531006e-01
4.767496287822723389e-01
-7.210816442966461182e-02
2.235124632716178894e-02
1.481102555990219116e-01
-4.494621232151985168e-02
3.713161051273345947e-01
5.126454830169677734e-01
2.241263911128044128e-02
-2.304366976022720337e-01
1.401613280177116394e-02
1.189968705177307129e+00
6.117178201675415039e-01
6.617654561996459961e-01
8.773648738861083984e-01
9.110758304595947266e-01
2.875661551952362061e-01
1.044967174530029297e+00
9.312266111373901367e-01
1.135292530059814453e+00
1.141234993934631348e+00
1.646348088979721069e-01
8.872773647308349609e-01
9.183533191680908203e-01
1.141113162040710449e+00
3.908061683177947998e-01
3.768034875392913818e-01
7.288962602615356445e-01
7.264630794525146484e-01
7.598239183425903320e-01
8.473123311996459961e-01
1.182358145713806152e+00
1.660736799240112305e+00
1.574888229370117188e+00
1.011798739433288574e+00
7.726986408233642578e-01
8.077402114868164062e-01
1.107610821723937988e+00
1.106467008590698242e+00
1.057814359664916992e+00
1.058410644531250000e+00
1.952500700950622559e+00
8.242831230163574219e-01
1.954777002334594727e+00
1.263240694999694824e+00
8.404308557510375977e-01
1.231559634208679199e+00
9.018666744232177734e-01
8.499405384063720703e-01
1.112697482109069824e+00
1.241771221160888672e+00
1.781949520111083984e+00
1.927182316780090332e+00
1.291190624237060547e+00
1.226922124624252319e-01
1.270287752151489258e+00
6.206346750259399414e-01
7.564264535903930664e-01
1.983207702636718750e+00
1.871548295021057129e+00
1.242426633834838867e+00
6.980614662170410156e-01
6.059747189283370972e-03
4.681559503078460693e-01
8.877780437469482422e-01
9.945197105407714844e-01
1.392936468124389648e+00
1.409773468971252441e+00
2.285937070846557617e+00
1.369372606277465820e+00
7.434024810791015625e-01
1.230789899826049805e+00
1.464787006378173828e+00
1.755154371261596680e+00
1.524033546447753906e+00
1.889944434165954590e+00
1.178825736045837402e+00
1.702976465225219727e+00
7.835499048233032227e-01
2.813033163547515869e-01
-3.896797001361846924e-01
-6.104841232299804688e-01
7.655219435691833496e-01
7.610466480255126953e-01
1.186784267425537109e+00
1.183393955230712891e+00
8.836200237274169922e-01
3.689289987087249756e-01
-1.514672189950942993e-01
-2.997233569622039795e-01
-3.224645853042602539e-01
-3.146294653415679932e-01
-6.805254518985748291e-02
4.194572269916534424e-01
5.778788924217224121e-01
4.400060474872589111e-01
4.383198022842407227e-01
-3.679915145039558411e-02
4.512037932872772217e-01
4.531944692134857178e-01
4.630607664585113525e-01
4.645316898822784424e-01
5.100727081298828125e-01
4.159836098551750183e-02
7.851719856262207031e-01
5.784558057785034180e-01
-3.329761698842048645e-02
1.939497515559196472e-02
-1.364448815584182739e-01
-1.354534178972244263e-01
-1.357317119836807251e-01
-1.357423216104507446e-01
-1.357371360063552856e-01
2.654741331934928894e-02
4.988578259944915771e-01
7.943365573883056641e-01
4.528835713863372803e-01
-4.172881543636322021e-01
4.756848141551017761e-02
2.824275195598602295e-01
3.185008466243743896e-01
2.952252924442291260e-01
-3.488312065601348877e-01
-8.153134584426879883e-01
-1.304069906473159790e-01
-1.350557953119277954e-01
-1.356029063463211060e-01
-7.556785643100738525e-02
-1.548618227243423462e-01
-1.357231289148330688e-01
-1.357609182596206665e-01
-1.359994560480117798e-01
-1.358343511819839478e-01
-1.358689218759536743e-01
-1.359009891748428345e-01
-6.879509985446929932e-02
1.686924546957015991e-01
3.437140882015228271e-01
3.303581178188323975e-01
3.043475449085235596e-01
7.218442857265472412e-02
-2.013722807168960571e-01
-9.700793772935867310e-03
-1.572566181421279907e-01
-1.558286696672439575e-01
-1.689971834421157837e-01
-2.423259168863296509e-01
-1.540448814630508423e-01
-1.402273923158645630e-01
-1.347341686487197876e-01
-1.346039921045303345e-01
-1.346107870340347290e-01
-7.829590141773223877e-02
-6.141557171940803528e-02
-1.294441968202590942e-01
2.906570732593536377e-01
3.598648011684417725e-01
3.329686820507049561e-01
3.761668503284454346e-01
1.681916564702987671e-01
6.541888713836669922e-01
3.829506337642669678e-01
-1.362874656915664673e-01
-2.065948396921157837e-01
-2.162720113992691040e-01
-2.174241691827774048e-01
-2.039096504449844360e-01
-1.675588041543960571e-01
-6.303466856479644775e-02
-1.231578737497329712e-01
-3.893418014049530029e-01
1.443377584218978882e-01
4.536755979061126709e-01
3.384622633457183838e-01
4.087629020214080811e-01
5.633682012557983398e-01
6.273719072341918945e-01
1.459793895483016968e-01
-1.789166405797004700e-02
-1.283348947763442993e-01
2.311243861913681030e-01
1.273511499166488647e-01
-6.369431316852569580e-02
-1.282188445329666138e-01
-1.282872706651687622e-01
-8.694745600223541260e-02
2.989165112376213074e-02
-1.217886954545974731e-01
-1.274473220109939575e-01
-1.282267719507217407e-01
-1.283325105905532837e-01
7.983481287956237793e-01
-1.630240827798843384e-01
-1.987658888101577759e-01
5.848537012934684753e-02
-3.154208138585090637e-02
5.017958208918571472e-02
-2.428285628557205200e-01
5.103141069412231445e-01
1.935210675001144409e-01
-3.462191298604011536e-02
-1.283377557992935181e-01
3.203258216381072998e-01
-1.220036298036575317e-01
-1.274769455194473267e-01
-1.282308846712112427e-01
-1.283331662416458130e-01
-1.283474117517471313e-01
-1.288640052080154419e-01
-1.283536106348037720e-01
-1.285398155450820923e-01
-1.286327987909317017e-01
1.631473749876022339e-01
8.019457757472991943e-02
-3.384484723210334778e-02
-4.856624081730842590e-02
-1.307853013277053833e-01
-1.546493917703628540e-01
5.596894025802612305e-01
7.569643259048461914e-01
5.972264334559440613e-02
3.525471389293670654e-01
2.497279495000839233e-01
-3.105141595005989075e-02
-2.185758501291275024e-01
-6.822468042373657227e-01
-6.566127538681030273e-01
-4.234094172716140747e-03
-4.389949142932891846e-01
5.726224184036254883e-01
1.364493221044540405e-01
3.433324992656707764e-01
1.621883630752563477e+00
1.359259933233261108e-01
-2.499693781137466431e-01
-2.067335993051528931e-01
8.968387544155120850e-02
-4.960056021809577942e-02
4.720680415630340576e-01
5.828860998153686523e-01
7.345579862594604492e-01
8.785155415534973145e-01
1.532809257507324219e+00
-1.033210903406143188e-01
-4.152615368366241455e-01
-1.548530012369155884e-01
-1.239832788705825806e-01
-8.341218531131744385e-02
-1.282440572977066040e-01
-1.159593611955642700e-01
-5.972107127308845520e-02
-5.092300847172737122e-02
-1.282721906900405884e-01
-8.558620512485504150e-02
-1.283486038446426392e-01
-1.285802274942398071e-01
6.723160743713378906e-01
6.579305529594421387e-01
4.727528989315032959e-01
6.926660239696502686e-02
1.140065044164657593e-01
5.564690828323364258e-01
3.485717475414276123e-01
9.784024208784103394e-03
1.218556016683578491e-01
-1.410550028085708618e-01
-1.217928081750869751e-01
-1.274415403604507446e-01
2.711115404963493347e-02
-1.278926879167556763e-01
-1.178990155458450317e-01
-1.264094263315200806e-01
-1.222392469644546509e-01
2.707851827144622803e-01
-1.287819296121597290e-01
-6.173541024327278137e-02
-1.283474117517471313e-01
-1.283483654260635376e-01
-6.141616776585578918e-02
-5.115773156285285950e-02
-1.283479481935501099e-01
-9.194643795490264893e-02
-1.218473464250564575e-01
-1.274983435869216919e-01
-1.566836386919021606e-01
1.421842426061630249e-01
-1.519169956445693970e-01
3.211321532726287842e-01
5.351459980010986328e-01
-1.217869073152542114e-01
-1.274490505456924438e-01
-1.282610446214675903e-01
-1.284166723489761353e-01
-2.611190378665924072e-01
1.423510164022445679e-01
2.823327481746673584e-01
3.287073075771331787e-01
1.411958783864974976e-01
1.073855608701705933e-01
2.394626662135124207e-02
2.753000706434249878e-03
-1.364303976297378540e-01
-1.218041926622390747e-01
2.703698575496673584e-01
7.790117263793945312e-01
7.566040754318237305e-01
2.554661333560943604e-01
2.276356965303421021e-01
-7.217791080474853516e-01
-2.421174794435501099e-01
-6.916227340698242188e-01
-5.107889175415039062e-01
-5.584911108016967773e-01
2.041246145963668823e-01
2.402116507291793823e-01
3.372398912906646729e-01
3.661765158176422119e-01
3.986607789993286133e-01
-1.826225042343139648e+00
-1.750075817108154297e+00
-1.660248279571533203e+00
-2.006733417510986328e+00
-1.949543356895446777e+00
-2.139365196228027344e+00
-9.763969182968139648e-01
-2.287521809339523315e-01
-3.397460877895355225e-01
-2.577084004878997803e-01
1.261057704687118530e-01
2.691497504711151123e-01
1.469347998499870300e-02
-2.952739894390106201e-01
-3.133555129170417786e-02
6.948175430297851562e-01
-5.861074924468994141e-01
2.360402792692184448e-01
-4.834205210208892822e-01
-2.665516436100006104e-01
-2.943882048130035400e-01
-3.085819780826568604e-01
-8.645079135894775391e-01
6.595537662506103516e-01
-1.581854969263076782e-01
1.460261195898056030e-01
-1.072259098291397095e-01
6.182855367660522461e-01
-2.787728011608123779e-01
4.712335765361785889e-01
4.912814199924468994e-01
4.375805556774139404e-01
-7.094603180885314941e-01
-8.886690437793731689e-02
-2.181658893823623657e-01
-5.085725337266921997e-03
-3.753215372562408447e-01
1.048120111227035522e-01
-3.615428507328033447e-01
1.113701909780502319e-01
1.549326032400131226e-01
-3.889460116624832153e-03
6.399441957473754883e-01
-2.917955815792083740e-01
2.055920213460922241e-01
6.294046342372894287e-02
-5.557174682617187500e-01
-6.609253883361816406e-01
-1.619134098291397095e-01
-1.075593382120132446e-01
-2.434038072824478149e-01
-5.721715688705444336e-01
4.633101522922515869e-01
-4.218222200870513916e-01
1.103710651397705078e+00
3.081607520580291748e-01
6.433895826339721680e-01
1.432479470968246460e-01
-1.148784905672073364e-01
2.987314164638519287e-01
2.492927163839340210e-01
1.433933228254318237e-01
-2.803597748279571533e-01
-1.919015794992446899e-01
-9.944392740726470947e-02
-1.956483870744705200e-01
-1.283459216356277466e-01
-1.283449679613113403e-01
-1.283454447984695435e-01
-1.283480674028396606e-01
-1.283448487520217896e-01
-1.283447295427322388e-01
-1.283447295427322388e-01
-1.283248215913772583e-01
-1.277209073305130005e-01
-1.228880435228347778e-01
-1.264432221651077271e-01
-1.278167515993118286e-01
-1.283447295427322388e-01
-1.283446103334426880e-01
-1.283170729875564575e-01
-1.281926184892654419e-01
-1.224356442689895630e-01
-9.184105694293975830e-02
-1.393056064844131470e-01
-1.283448487520217896e-01
-1.283183842897415161e-01
-1.283447295427322388e-01
-1.283447295427322388e-01
-1.283447295427322388e-01
-1.283447295427322388e-01
-1.283447295427322388e-01
-1.283447295427322388e-01
-1.283447295427322388e-01
-1.283447295427322388e-01
-1.283448487520217896e-01
-1.283448487520217896e-01
-8.190448582172393799e-02
-5.409522727131843567e-02
-5.014153197407722473e-02
-4.960282519459724426e-02
-4.952986910939216614e-02
-4.951997473835945129e-02
-1.283444911241531372e-01
-1.283447295427322388e-01
7.508553266525268555e-01
7.570387125015258789e-01
2.223568409681320190e-01
2.575020119547843933e-02
3.361081779003143311e-01
7.056248784065246582e-01
3.523266613483428955e-01
8.650659024715423584e-02
4.140898287296295166e-01
6.050668284296989441e-02
4.251394793391227722e-02
4.612157866358757019e-02
5.722168087959289551e-01
6.359035968780517578e-01
-1.289537101984024048e-01
-1.283868104219436646e-01
3.673363029956817627e-01
5.873941183090209961e-01
3.718505799770355225e-01
5.024943351745605469e-01
-6.927427649497985840e-01
1.456371396780014038e-01
1.102784276008605957e+00
-3.264679387211799622e-02
-2.817853987216949463e-01
-3.276794850826263428e-01
1.649330705404281616e-01
2.637849748134613037e-01
5.347049236297607422e-01
5.169386863708496094e-01
4.410384222865104675e-02
-5.093171074986457825e-02
2.571350634098052979e-01
1.026891946792602539e+00
1.044935226440429688e+00
6.896179914474487305e-01
-7.810619473457336426e-01
-9.259179234504699707e-01
-2.328002601861953735e-01
-2.223452478647232056e-01
-3.467583954334259033e-01
2.361036986112594604e-01
9.872679710388183594e-01
1.059956073760986328e+00
9.586167335510253906e-01
8.754907846450805664e-01
2.558996379375457764e-01
-4.956151917576789856e-02
-1.489575058221817017e-01
-4.370118677616119385e-01
-3.596479594707489014e-01
1.368425339460372925e-01
9.432898461818695068e-02
1.504729315638542175e-02
6.522216796875000000e-01
1.400513499975204468e-01
-1.761090904474258423e-01
-5.736340954899787903e-02
-6.471683084964752197e-02
-1.996336728334426880e-01
-1.283005625009536743e-01
-1.283382922410964966e-01
-1.283439546823501587e-01
-1.283477097749710083e-01
-1.283447295427322388e-01
-1.283449679613113403e-01
-1.283458024263381958e-01
-1.283496171236038208e-01
-1.283723860979080200e-01
-1.283720284700393677e-01
-1.283916980028152466e-01
-9.685845673084259033e-02
-1.314678937196731567e-01
-1.297059804201126099e-01
-1.761021763086318970e-01
-2.859475314617156982e-01
-1.842584162950515747e-01
-1.850055307149887085e-01
-1.852932274341583252e-01
-1.853344142436981201e-01
-1.853400170803070068e-01
-1.853408217430114746e-01
-1.853408664464950562e-01
2.023972198367118835e-02
3.694559261202812195e-02
4.345048591494560242e-02
-8.670744299888610840e-01
-4.890842437744140625e-01
-9.404898285865783691e-01
-3.963536024093627930e-01
-1.798690706491470337e-01
-3.610447943210601807e-01
-5.253098011016845703e-01
-2.133652120828628540e-01
-3.317281007766723633e-01
4.324160143733024597e-02
-6.663997769355773926e-01
-8.157562017440795898e-01
-1.048831343650817871e+00
-7.987010478973388672e-01
-1.162658810615539551e+00
-1.312304854393005371e+00
-1.219816327095031738e+00
-1.207921743392944336e+00
-1.552625656127929688e+00
-1.421732902526855469e+00
-4.548389613628387451e-01
-2.338278442621231079e-01
-6.262818574905395508e-01
7.272452116012573242e-01
-9.830369055271148682e-02
-8.042324781417846680e-01
-7.137624025344848633e-01
-2.070385962724685669e-03
-5.144141912460327148e-01
-6.910141706466674805e-01
-6.790970563888549805e-01
-1.593056470155715942e-01
1.516682952642440796e-01
4.431565105915069580e-01
3.081471621990203857e-01
9.167421460151672363e-01
-6.186379194259643555e-01
-1.242335557937622070e+00
-6.209755539894104004e-01
-5.621890425682067871e-01
-3.746230900287628174e-01
-4.026473760604858398e-01
-6.492472290992736816e-01
-5.287815332412719727e-01
-3.037395179271697998e-01
-5.226529836654663086e-01
-8.274272680282592773e-01
-5.052727460861206055e-01
-7.839667797088623047e-01
-8.365821242332458496e-01
-5.824038982391357422e-01
-5.063289403915405273e-01
-6.383659839630126953e-01
-6.248879432678222656e-01
-3.804062008857727051e-01
-5.837639570236206055e-01
-5.203378200531005859e-01
-5.065754652023315430e-01
-5.051605701446533203e-01
-5.828377008438110352e-01
1.584835499525070190e-01
-4.375746548175811768e-01
-6.976185441017150879e-01
-7.043932676315307617e-01
-1.402669787406921387e+00
-1.281576514244079590e+00
-1.021356940269470215e+00
6.235976219177246094e-01
-5.565633252263069153e-02
-3.745439350605010986e-01
-3.140545189380645752e-01
-5.027939677238464355e-01
-4.414999485015869141e-01
-1.307357102632522583e-01
-5.094394683837890625e-01
-5.093238353729248047e-01
-5.093261003494262695e-01
-2.187100797891616821e-01
-5.093263983726501465e-01
-5.093244910240173340e-01
-3.776675164699554443e-01
-5.129535198211669922e-01
-4.937584400177001953e-01
-1.385982781648635864e-01
1.329822391271591187e-01
-5.086176395416259766e-01
-5.092251896858215332e-01
-5.093127489089965820e-01
-5.093240737915039062e-01
-5.055902004241943359e-01
-5.093263387680053711e-01
-5.093263387680053711e-01
-1.390043050050735474e-01
-3.885682299733161926e-02
2.951101958751678467e-01
1.374187916517257690e-01
3.402245938777923584e-01
-2.192910388112068176e-02
-7.412025928497314453e-01
-6.601631045341491699e-01
-1.745309978723526001e-01
-6.828160285949707031e-01
9.612238407135009766e-01
7.386457920074462891e-01
1.100697636604309082e+00
1.535826921463012695e+00
1.368846416473388672e+00
1.393827319145202637e+00
1.272692799568176270e+00
1.212123394012451172e+00
8.681865930557250977e-01
1.089140892028808594e+00
2.021068185567855835e-01
2.383192628622055054e-01
-2.864638864994049072e-01
-6.492032110691070557e-02
-3.724708035588264465e-02
8.329944610595703125e-01
2.469550222158432007e-01
4.812680184841156006e-01
5.988328456878662109e-01
1.296845525503158569e-01
-1.813759282231330872e-02
4.711599647998809814e-01
3.001054227352142334e-01
-1.449580341577529907e-01
-1.281994730234146118e-01
-1.283250600099563599e-01
3.247242867946624756e-01
3.828569948673248291e-01
-1.288882642984390259e-01
1.090510338544845581e-01
-1.574261933565139771e-01
-1.731111556291580200e-01
-1.581379324197769165e-01
4.894299209117889404e-01
-4.306513816118240356e-03
-1.586079150438308716e-01
6.251940727233886719e-01
3.332987725734710693e-01
1.412638872861862183e-01
1.148700565099716187e-01
1.436315104365348816e-02
-1.921286135911941528e-01
-2.678552567958831787e-01
6.782619953155517578e-01
1.500084251165390015e-01
-1.630609184503555298e-01
-7.872606813907623291e-02
9.398613870143890381e-02
3.296301066875457764e-01
-1.309719830751419067e-01
3.097892701625823975e-01
-2.186305671930313110e-01
1.414410322904586792e-01
-3.120781853795051575e-02
5.553945899009704590e-01
5.846185684204101562e-01
-2.713775932788848877e-01
4.629438221454620361e-01
4.902592003345489502e-01
2.194406837224960327e-01
1.529151052236557007e-01
-2.480521947145462036e-01
-1.275634318590164185e-01
-1.440394073724746704e-01
-1.283320933580398560e-01
-1.283359676599502563e-01
-1.283434778451919556e-01
-1.283431202173233032e-01
-1.504654437303543091e-01
7.566512823104858398e-01
5.583646297454833984e-01
5.228074789047241211e-01
1.880379766225814819e-01
-3.084941580891609192e-02
-7.260198891162872314e-02
-6.565023064613342285e-01
-1.782538741827011108e-01
-1.594697386026382446e-01
-3.769486844539642334e-01
-5.725828409194946289e-01
-4.438550174236297607e-01
-3.003291189670562744e-01
-3.755128681659698486e-01
-3.111267983913421631e-01
-2.833203971385955811e-01
-2.793497741222381592e-01
-2.898800075054168701e-01
-2.656151354312896729e-01
-5.058116912841796875e-01
-6.392223834991455078e-01
-2.228241115808486938e-01
-1.265058666467666626e-01
-1.275763660669326782e-01
-1.281932741403579712e-01
-1.283210664987564087e-01
3.697682321071624756e-01
1.488978117704391479e-01
-1.217626482248306274e-01
-1.274421960115432739e-01
-1.282223612070083618e-01
-1.227487474679946899e-01
-1.283425241708755493e-01
-1.282164007425308228e-01
-1.276054531335830688e-01
-1.283447295427322388e-01
-1.634729653596878052e-01
-1.283394247293472290e-01
-1.283438354730606079e-01
3.291621506214141846e-01
-2.215423732995986938e-01
1.061699837446212769e-01
1.059610366821289062e+00
4.935698807239532471e-01
-2.280455976724624634e-01
-3.618418276309967041e-01
-4.453784525394439697e-01
-2.954638898372650146e-01
-3.393922746181488037e-01
-1.276046782732009888e-01
1.512371748685836792e-01
-1.020862013101577759e-01
-5.485363677144050598e-02
-5.025197938084602356e-02
-1.282219439744949341e-01
-6.143369153141975403e-02
-5.260606482625007629e-02
-5.011178925633430481e-02
-5.613054707646369934e-02
-1.283064633607864380e-01
-1.283399015665054321e-01
-1.283612996339797974e-01
-7.324309647083282471e-02
-2.660484611988067627e-01
-1.283447295427322388e-01
4.040239751338958740e-01
3.172676265239715576e-01
1.686372607946395874e-01
2.892854511737823486e-01
1.909998506307601929e-01
-2.792157605290412903e-02
1.547430083155632019e-02
-8.319206535816192627e-02
1.473935097455978394e-01
-2.680911496281623840e-02
-2.580585181713104248e-01
-1.217953711748123169e-01
-1.275835186243057251e-01
-1.282225996255874634e-01
1.488653868436813354e-01
-1.818519979715347290e-01
-1.015250831842422485e-01
3.302076756954193115e-01
-1.287757307291030884e-01
8.110027015209197998e-02
1.482263058423995972e-01
-1.069639474153518677e-01
1.481917351484298706e-01
5.133211612701416016e-01
3.319608867168426514e-01
6.312511861324310303e-02
-2.449915558099746704e-01
-1.025202423334121704e-01
6.472889184951782227e-01
1.053537964820861816e+00
5.838681459426879883e-01
8.679328858852386475e-02
5.697629973292350769e-02
-2.671815454959869385e-01
1.196948140859603882e-01
-2.968754246830940247e-02
-2.203290611505508423e-01
-1.319602876901626587e-01
7.848642766475677490e-02
1.835102885961532593e-01
-5.283559560775756836e-01
-1.224776059389114380e-01
2.905231416225433350e-01
-1.597029715776443481e-01
-1.220693737268447876e-01
-1.257812529802322388e-01
2.251897379755973816e-02
-2.426687031984329224e-01
-2.489773184061050415e-01
-2.505859434604644775e-01
-1.154177337884902954e-01
-2.474090605974197388e-01
-2.578020393848419189e-01
-2.414471060037612915e-01
-3.804505169391632080e-01
-8.077839612960815430e-01
-5.486214160919189453e-01
-3.605499863624572754e-01
1.472650617361068726e-01
1.482236236333847046e-01
1.284821480512619019e-01
9.525166451930999756e-02
3.453993499279022217e-01
3.376325666904449463e-01
2.670398652553558350e-01
-5.582824945449829102e-01
1.100208014249801636e-01
-5.627914145588874817e-02
7.777016609907150269e-03
-1.280449777841567993e-01
-1.243919879198074341e-01
-1.690743118524551392e-01
-3.151511251926422119e-01
-3.890138566493988037e-01
4.196624085307121277e-02
1.937794536352157593e-01
3.092648684978485107e-01
2.754757702350616455e-01
-2.053936198353767395e-02
-1.094331890344619751e-01
-4.122117459774017334e-01
5.740591883659362793e-01
5.911886096000671387e-01
7.546660900115966797e-01
-1.420298367738723755e-01
7.534883916378021240e-02
-3.711115419864654541e-01
-3.330065682530403137e-02
-6.060141324996948242e-01
-5.649297833442687988e-01
1.085487455129623413e-01
8.527537584304809570e-01
-1.634374409914016724e-01
-1.462762504816055298e-01
-1.252867132425308228e-01
-6.149055436253547668e-02
-5.116631463170051575e-02
1.143379807472229004e+00
6.641497611999511719e-01
2.827498316764831543e-01
-6.521626114845275879e-01
-6.814903020858764648e-01
-5.778769254684448242e-01
-1.032020092010498047e+00
-5.596297383308410645e-01
-5.088404417037963867e-01
-2.870089113712310791e-01
-4.966697692871093750e-01
-5.137652754783630371e-01
-5.830079913139343262e-01
-4.781138002872467041e-01
-8.685864806175231934e-01
-2.013611346483230591e-01
-3.609453141689300537e-01
-3.394771516323089600e-01
-3.358353674411773682e-01
-3.353320062160491943e-01
-2.697183787822723389e-01
-2.582741677761077881e-01
-3.070360720157623291e-01
-3.352968990802764893e-01
-3.352452218532562256e-01
4.276590049266815186e-01
-1.890325099229812622e-01
1.400593370199203491e-01
-4.307299852371215820e-01
-3.548555076122283936e-01
3.381776511669158936e-01
3.252395689487457275e-01
4.722308814525604248e-01
-3.353369534015655518e-01
-2.683316171169281006e-01
-2.586597502231597900e-01
6.996606290340423584e-02
2.837664783000946045e-01
2.357112020254135132e-01
-2.263041287660598755e-01
-3.562835156917572021e-01
-3.289374411106109619e-01
-3.331439793109893799e-01
-3.351361453533172607e-01
-3.352370560169219971e-01
-3.192369043827056885e-01
-8.538646996021270752e-02
4.389529228210449219e-01
2.493383139371871948e-01
3.780458271503448486e-01
-2.695228159427642822e-01
-2.448280900716781616e-01
-3.187449276447296143e-01
-3.095003068447113037e-01
-7.444136142730712891e-01
-1.466926574707031250e+00
-1.579508066177368164e+00
-1.654599428176879883e+00
-1.638951778411865234e+00
-1.577186107635498047e+00
-1.464317202568054199e+00
-5.243487358093261719e-01
-1.014186263084411621e+00
-1.448857307434082031e+00
-9.954580068588256836e-01
-2.847365438938140869e-01
3.695438429713249207e-02
4.853378236293792725e-01
6.825796365737915039e-01
3.283379599452018738e-02
8.976172208786010742e-01
6.152329444885253906e-01
-5.848534107208251953e-01
-6.366897821426391602e-01
2.738830149173736572e-01
-6.155743077397346497e-02
1.512966006994247437e-01
2.863420546054840088e-01
6.401432752609252930e-01
-7.324905693531036377e-02
-2.279296070337295532e-01
-3.571834042668342590e-02
6.607091426849365234e-01
2.075742334127426147e-01
6.148020550608634949e-02
3.810827061533927917e-02
-8.981676399707794189e-02
-5.545129254460334778e-02
-5.042173340916633606e-02
5.995947122573852539e-01
-4.364492371678352356e-02
7.120134830474853516e-01
1.138783931732177734e+00
1.005391597747802734e+00
4.376353621482849121e-01
-3.363866508007049561e-01
-1.375143051147460938e+00
-8.735266923904418945e-01
-4.240532219409942627e-01
-6.902538537979125977e-01
-3.932045996189117432e-01
-1.506660133600234985e-01
1.304302737116813660e-02
-2.103150635957717896e-01
-5.208120942115783691e-01
-7.032772302627563477e-01
-4.700244665145874023e-01
-3.913830220699310303e-01
-6.217006444931030273e-01
-5.345672369003295898e-01
-6.140460371971130371e-01
-6.133497953414916992e-01
-6.134221553802490234e-01
-6.134231090545654297e-01
-6.091765165328979492e-01
-4.530771672725677490e-01
-6.068855524063110352e-01
-3.002285659313201904e-01
-6.536013484001159668e-01
7.096646726131439209e-02
-3.764373362064361572e-01
-2.559643089771270752e-01
-2.130864411592483521e-01
-5.784445405006408691e-01
-5.741397142410278320e-01
-9.693460464477539062e-01
-9.563859105110168457e-01
-8.735076189041137695e-01
-3.691889941692352295e-01
-3.376916348934173584e-01
-3.716425597667694092e-01
-6.119966506958007812e-01
-6.129662990570068359e-01
-2.406312972307205200e-01
-6.530076861381530762e-01
-6.085404157638549805e-01
-6.127545833587646484e-01
-6.509348154067993164e-01
-6.701819896697998047e-01
-6.282705813646316528e-03
-2.123501449823379517e-01
-1.647348552942276001e-01
-6.138532161712646484e-01
-1.197221428155899048e-01
-6.369056105613708496e-01
-2.940760552883148193e-01
7.905998229980468750e-01
-5.989031866192817688e-02
1.374431699514389038e-01
2.853265106678009033e-01
-2.058168798685073853e-01
-1.219291538000106812e-01
-1.598084121942520142e-01
-4.910321533679962158e-01
2.734405919909477234e-02
-1.381201893091201782e-01
-2.597709000110626221e-01
-1.016381263732910156e+00
2.636369168758392334e-01
2.783070504665374756e-01
7.172858715057373047e-01
4.009315669536590576e-01
3.122737109661102295e-01
1.264837026596069336e+00
1.564386248588562012e+00
8.158211708068847656e-01
1.103603959083557129e+00
1.085472583770751953e+00
1.761062145233154297e+00
1.546127915382385254e+00
8.880238533020019531e-01
1.760316491127014160e+00
1.148428201675415039e+00
1.925983190536499023e+00
1.604653477668762207e+00
1.187579035758972168e+00
1.315781831741333008e+00
1.128382802009582520e+00
1.109257936477661133e+00
1.663898944854736328e+00
6.641936302185058594e-01
6.228849887847900391e-01
6.132544279098510742e-01
1.064445495605468750e+00
1.421986341476440430e+00
1.374469518661499023e+00
1.487031221389770508e+00
1.567344427108764648e+00
1.573954224586486816e+00
9.175090789794921875e-01
1.075554728507995605e+00
1.073077321052551270e+00
1.170549392700195312e+00
1.238514184951782227e+00
-4.653158485889434814e-01
2.416066378355026245e-01
7.132779359817504883e-01
-1.687463670969009399e-01
6.074683666229248047e-01
4.484499394893646240e-01
4.918030202388763428e-01
4.675506651401519775e-01
1.332815736532211304e-01
1.130171537399291992e+00
3.397415578365325928e-01
-3.379287198185920715e-02
4.464854896068572998e-01
5.448096990585327148e-01
9.387333393096923828e-01
8.595119714736938477e-01
6.101107597351074219e-01
1.449387520551681519e-03
-2.014569193124771118e-01
-1.260592490434646606e-01
-1.415102034807205200e-01
-1.422114521265029907e-01
1.821701377630233765e-01
-4.937269166111946106e-02
-4.543079808354377747e-02
1.261210292577743530e-01
-2.718479931354522705e-01
-2.125281244516372681e-01
-1.572959572076797485e-01
-1.283842474222183228e-01
-1.268862634897232056e-01
2.327114790678024292e-01
8.814975023269653320e-01
1.212796330451965332e+00
5.280344486236572266e-01
4.316727817058563232e-01
-1.348254829645156860e-01
2.166853994131088257e-01
7.071875333786010742e-01
7.129190862178802490e-02
1.112516164779663086e+00
9.590990543365478516e-01
8.476082086563110352e-01
6.629443168640136719e-01
1.983908265829086304e-01
2.341081947088241577e-01
4.727011620998382568e-01
