-2.703385591506958008e+00
-1.256176829338073730e+00
-2.977557182312011719e-01
9.480196237564086914e-01
1.103691220283508301e+00
3.225849270820617676e-01
-2.661048173904418945e-01
1.520637422800064087e-01
1.394755989313125610e-01
-7.817154526710510254e-01
-4.135767936706542969e+00
4.237658977508544922e-01
-5.668070316314697266e-01
2.052856445312500000e+00
1.820560246706008911e-01
1.706819087266921997e-01
-1.826317906379699707e+00
-5.913723707199096680e-01
8.282715082168579102e-01
6.392459869384765625e-01
3.055062890052795410e-01
1.570285558700561523e+00
1.604821205139160156e+00
2.655462026596069336e-01
3.562494218349456787e-01
9.312593936920166016e-01
8.306313753128051758e-01
9.011127948760986328e-01
9.156002998352050781e-01
9.264613986015319824e-01
7.779923677444458008e-01
9.018967151641845703e-01
1.171952009201049805e+00
1.373027682304382324e+00
1.286603331565856934e+00
1.156947255134582520e+00
6.914427876472473145e-01
5.844482779502868652e-01
3.031652569770812988e-01
5.703836679458618164e-01
9.790010452270507812e-01
8.724102377891540527e-01
2.044323831796646118e-01
-5.733714997768402100e-02
5.738966166973114014e-02
-4.485039412975311279e-02
8.691129088401794434e-02
4.703576862812042236e-02
9.702187776565551758e-02
1.053249984979629517e-01
3.701192438602447510e-01
3.225488960742950439e-02
7.378085255622863770e-01
1.967834383249282837e-01
7.188135981559753418e-01
9.533684253692626953e-01
1.069051504135131836e+00
9.498921632766723633e-01
9.498936533927917480e-01
1.566843748092651367e+00
1.397947549819946289e+00
1.378495454788208008e+00
1.352418541908264160e+00
1.323666572570800781e+00
1.286672472953796387e+00
1.230650544166564941e+00
1.062566637992858887e+00
7.777345776557922363e-01
7.543526887893676758e-01
8.800677061080932617e-01
3.728691935539245605e-01
3.031993508338928223e-01
2.142935544252395630e-01
2.373257130384445190e-01
3.584862351417541504e-01
-4.217669963836669922e-01
-4.363591074943542480e-01
-3.280526995658874512e-01
-5.284037590026855469e-01
8.076573908329010010e-02
5.821304917335510254e-01
1.028661251068115234e+00
1.151485800743103027e+00
4.138214588165283203e-01
2.890660166740417480e-01
1.579214572906494141e+00
1.361801147460937500e+00
1.327069163322448730e+00
3.987570106983184814e-02
3.410052061080932617e-01
4.116248488426208496e-01
3.163743913173675537e-01
-6.217055022716522217e-02
-2.695059180259704590e-01
-1.243341416120529175e-01
-4.682858586311340332e-01
-3.115835785865783691e-01
1.466347426176071167e-01
3.570812344551086426e-01
1.819344907999038696e-01
9.893236756324768066e-01
1.821449100971221924e-01
1.062516093254089355e+00
5.824629962444305420e-02
2.270576804876327515e-01
8.553170412778854370e-02
1.086621508002281189e-01
1.077922284603118896e-01
1.716741323471069336e-01
1.975111514329910278e-01
3.139477968215942383e-01
2.114093452692031860e-01
-2.301125228404998779e-02
-3.265498280525207520e-01
-3.569813966751098633e-01
-1.533534079790115356e-01
-1.528009623289108276e-01
-1.523070186376571655e-01
-1.512656658887863159e-01
-1.494662910699844360e-01
-1.472110897302627563e-01
-1.448547691106796265e-01
-1.427686959505081177e-01
-1.413770765066146851e-01
-1.412733644247055054e-01
-1.428771167993545532e-01
-1.460007280111312866e-01
-1.500219553709030151e-01
-1.540917307138442993e-01
-1.578624695539474487e-01
-1.608797758817672729e-01
-1.628407388925552368e-01
-1.631228476762771606e-01
-1.599779576063156128e-01
-1.568723469972610474e-01
-1.559465080499649048e-01
-1.558807939291000366e-01
-1.464608460664749146e-01
-1.558120399713516235e-01
-1.781880110502243042e-01
-1.537773013114929199e-02
2.580604851245880127e-01
-4.562954604625701904e-02
-5.910110473632812500e-02
-6.095907092094421387e-02
5.598693490028381348e-01
3.081536889076232910e-01
2.704243659973144531e-01
5.273755192756652832e-01
1.702530741691589355e+00
1.024851202964782715e+00
1.843794733285903931e-01
-4.426549375057220459e-02
-1.526576727628707886e-01
2.660925388336181641e-01
2.006053686141967773e+00
5.072304010391235352e-01
7.814313769340515137e-01
5.446491837501525879e-01
1.456922054290771484e+00
2.436084985733032227e+00
1.153281092643737793e+00
5.221509337425231934e-01
1.203900575637817383e+00
9.450187087059020996e-01
1.290930628776550293e+00
1.345582157373428345e-01
-2.178004235029220581e-01
-2.117714136838912964e-01
1.044768840074539185e-01
-1.480989933013916016e+00
-2.665206193923950195e+00
-1.332834959030151367e+00
-6.296517848968505859e-01
7.295765876770019531e-01
6.816211938858032227e-01
-6.965863704681396484e-01
1.205482959747314453e+00
7.885973453521728516e-01
6.685975790023803711e-01
9.700659513473510742e-01
2.075071930885314941e-01
-2.546830177307128906e-01
-2.067174166440963745e-01
-1.034397929906845093e-01
-2.324433177709579468e-01
1.071168482303619385e-02
9.546250104904174805e-03
3.347180783748626709e-02
8.338533341884613037e-02
-1.009211897850036621e+00
-6.724061965942382812e-01
-5.601228475570678711e-01
-1.039554238319396973e+00
-3.944817185401916504e-01
-1.375385671854019165e-01
-6.163907051086425781e-01
4.309208989143371582e-01
4.140906929969787598e-01
-1.014152616262435913e-01
-2.708019018173217773e-01
-7.250712811946868896e-02
6.977658867835998535e-01
-5.948332548141479492e-01
2.746757864952087402e-02
1.346139311790466309e+00
8.680124878883361816e-01
2.132402509450912476e-01
8.786630630493164062e-01
4.709524512290954590e-01
-9.693999588489532471e-02
9.379144012928009033e-02
-1.295133829116821289e+00
4.652114212512969971e-02
-3.836300969123840332e-01
4.762483239173889160e-01
8.318166732788085938e-01
6.622120738029479980e-01
2.123961597681045532e-01
6.160466372966766357e-02
-2.940509319305419922e-01
-5.246734023094177246e-01
-6.825827062129974365e-02
9.456313401460647583e-02
7.443280220031738281e-01
-3.861321508884429932e-02
-3.270475864410400391e-01
-1.556899994611740112e-01
-1.558989137411117554e-01
-8.374105393886566162e-02
6.180746853351593018e-02
-1.839052885770797729e-01
2.595575749874114990e-01
-3.788671493530273438e-01
-1.594407409429550171e-01
4.358015954494476318e-02
1.764109581708908081e-01
3.751634359359741211e-01
9.637087583541870117e-03
-4.222217202186584473e-01
-1.194141954183578491e-01
2.091930061578750610e-01
1.401720643043518066e+00
1.346639990806579590e+00
1.083528041839599609e+00
1.184842348098754883e+00
9.016126394271850586e-01
6.942744255065917969e-01
3.719186782836914062e-01
-3.800697922706604004e-01
-1.283952832221984863e+00
-1.305506825447082520e+00
-1.786710381507873535e+00
-1.903784155845642090e+00
-8.202486038208007812e-01
-2.481178939342498779e-02
-3.594359159469604492e-01
1.373454481363296509e-01
-1.146225631237030029e-02
-2.184469223022460938e+00
-1.410126566886901855e+00
-6.032510995864868164e-01
1.885577797889709473e+00
1.390026569366455078e+00
3.022507190704345703e+00
4.389915943145751953e+00
4.424097537994384766e+00
1.569801449775695801e+00
1.599126815795898438e+00
2.694529771804809570e+00
3.261280298233032227e+00
3.551108837127685547e+00
3.332837581634521484e+00
2.834850549697875977e+00
1.772085070610046387e+00
-5.101203918457031250e-01
-1.729954838752746582e+00
-1.080880880355834961e+00
4.600526392459869385e-02
-3.870438337326049805e-01
9.615263938903808594e-01
5.170478820800781250e-01
-1.356608867645263672e+00
-7.060140371322631836e-01
-1.595394164323806763e-01
8.104289770126342773e-01
4.519892930984497070e-01
-2.139552384614944458e-01
-6.390722095966339111e-02
9.435336291790008545e-02
4.040898084640502930e-01
-1.285210698843002319e-01
-3.102825284004211426e-01
-1.915328353643417358e-01
-3.158321380615234375e-01
-1.822774857282638550e-01
-1.824232488870620728e-01
-1.866087168455123901e-01
4.820612668991088867e-01
2.276668399572372437e-01
-3.283920288085937500e-01
9.573844075202941895e-01
4.556394815444946289e-01
-1.220881789922714233e-01
-3.708931207656860352e-01
-7.245698571205139160e-01
8.298067748546600342e-02
7.526297569274902344e-01
5.563012361526489258e-01
-9.426562488079071045e-02
-3.951240181922912598e-01
-5.140436887741088867e-01
3.262069821357727051e-01
6.365009546279907227e-01
-6.741225719451904297e-01
-4.166756868362426758e-01
-2.424892336130142212e-01
1.256361126899719238e+00
1.253613471984863281e+00
2.639986872673034668e-01
-2.097278684377670288e-01
-1.551872611045837402e+00
-1.189865171909332275e-02
-9.023251533508300781e-01
-2.012831717729568481e-01
3.465893864631652832e-01
5.307872593402862549e-02
-4.291800856590270996e-01
-2.999588847160339355e-03
-5.335881114006042480e-01
-2.346423715353012085e-01
-1.646777987480163574e+00
-4.508755207061767578e-01
-3.069582581520080566e-01
-2.039419859647750854e-01
-1.980869919061660767e-01
-2.039777487516403198e-01
-4.155602455139160156e-01
-4.544093608856201172e-01
-3.217729926109313965e-02
2.616285085678100586e-01
-1.708671301603317261e-01
3.092948198318481445e-01
2.295143604278564453e-01
-3.872871398925781250e-01
1.401437044143676758e+00
-2.004366368055343628e-01
6.244181096553802490e-02
1.830333113670349121e+00
1.093645811080932617e+00
-6.524635553359985352e-01
-8.581746816635131836e-01
-6.771854758262634277e-01
-2.839745283126831055e-01
-5.595339536666870117e-01
4.466919898986816406e-01
1.767389327287673950e-01
-3.600755929946899414e-01
7.085559964179992676e-01
-7.200880050659179688e-01
-1.897764652967453003e-01
7.790216207504272461e-01
3.222131133079528809e-01
-3.440173864364624023e-01
-5.007212162017822266e-01
-3.453707098960876465e-01
2.397862970829010010e-01
1.824360340833663940e-01
1.272517800331115723e+00
1.203928887844085693e-02
1.874910444021224976e-01
-5.221898853778839111e-02
-5.999918282032012939e-02
-6.106929481029510498e-02
-6.121233105659484863e-02
3.999751210212707520e-01
1.820510625839233398e-01
-2.227727025747299194e-01
-1.834034919738769531e-04
4.452076554298400879e-02
1.820193231105804443e-01
-3.712090849876403809e-01
7.958421707153320312e-01
-3.684327006340026855e-02
-2.082057148218154907e-01
-2.081299275159835815e-01
-3.179770708084106445e-02
1.799552142620086670e-02
-4.920031130313873291e-02
3.026541173458099365e-01
-1.693768352270126343e-01
-2.037040442228317261e-01
-1.682971566915512085e-01
1.720782518386840820e-01
-3.571050763130187988e-01
-1.734046787023544312e-01
-9.786187112331390381e-02
6.151064634323120117e-01
2.076896727085113525e-01
1.794691681861877441e-01
-1.224661320447921753e-01
3.460426330566406250e-01
-6.108674407005310059e-02
6.477715075016021729e-02
1.625090241432189941e+00
6.407831609249114990e-02
7.704498171806335449e-01
8.240693211555480957e-01
8.560274839401245117e-01
2.351233720779418945e+00
1.237157225608825684e+00
6.411266922950744629e-01
8.523495793342590332e-01
1.430980801582336426e+00
1.224756598472595215e+00
8.232451081275939941e-01
8.951232433319091797e-01
9.665147662162780762e-01
1.353633880615234375e+00
7.142857313156127930e-01
3.227851986885070801e-01
-5.940978527069091797e-01
-6.333315968513488770e-01
-2.337322682142257690e-01
-7.220118641853332520e-01
-5.078529119491577148e-01
-7.746977806091308594e-01
-1.560619920492172241e-01
2.831863164901733398e-01
5.147796273231506348e-01
-3.269953131675720215e-01
-1.559216827154159546e-01
-1.566961854696273804e-01
-1.568925827741622925e-01
-1.587561815977096558e-01
-1.567348092794418335e-01
-2.421787381172180176e-02
1.875544935464859009e-01
-2.081604748964309692e-01
-2.081070989370346069e-01
-3.195339441299438477e-02
6.935822963714599609e-01
5.508784651756286621e-01
1.648498177528381348e-01
-6.002491712570190430e-02
6.240720152854919434e-01
1.077017933130264282e-01
4.358683526515960693e-02
-9.612278640270233154e-02
1.514498591423034668e-01
-3.558198809623718262e-01
-2.074643522500991821e-01
3.884992897510528564e-01
-1.007266044616699219e+00
-4.941082000732421875e-01
-4.681892395019531250e-01
5.735873579978942871e-01
1.820336133241653442e-01
2.614815235137939453e-01
-3.180795311927795410e-01
-9.777145087718963623e-02
-6.697462499141693115e-02
-7.216487824916839600e-02
1.547184288501739502e-01
2.013449072837829590e-01
-5.401198565959930420e-02
4.522229731082916260e-02
2.680571675300598145e-01
2.683202922344207764e-01
2.679011225700378418e-01
6.992107629776000977e-01
-1.222413629293441772e-01
1.087917685508728027e-01
2.353400588035583496e-01
2.356328666210174561e-01
2.394209802150726318e-01
-9.980678558349609375e-03
-1.733429729938507080e-02
1.421226382255554199e+00
1.075007915496826172e+00
-1.968116611242294312e-01
6.049840450286865234e-01
-5.040019750595092773e-04
9.337866902351379395e-01
9.086852073669433594e-01
7.874704599380493164e-01
-8.070449531078338623e-02
-1.132265776395797729e-01
-1.375230997800827026e-01
-6.286721229553222656e-01
-7.864888906478881836e-01
-8.124281764030456543e-01
-6.401681900024414062e-01
-1.792440265417098999e-01
1.792316585779190063e-01
4.348491430282592773e-01
2.153668403625488281e+00
8.505487442016601562e-01
-6.019540131092071533e-02
7.178521752357482910e-01
9.049087762832641602e-01
6.089428067207336426e-01
8.523277938365936279e-02
-7.082034349441528320e-01
3.237603306770324707e-01
9.743056297302246094e-01
8.121743798255920410e-01
1.479138880968093872e-01
-1.056805253028869629e-02
5.062029361724853516e-01
-6.172494888305664062e-01
-9.591172933578491211e-01
-7.775681018829345703e-01
-5.545305013656616211e-01
-1.048308968544006348e+00
-1.603911876678466797e+00
-1.072053670883178711e+00
-7.927277088165283203e-01
2.738152146339416504e-01
-1.008002400398254395e+00
-9.322325885295867920e-02
4.434228539466857910e-01
5.149156451225280762e-01
2.257205992937088013e-01
4.218766093254089355e-01
1.089137941598892212e-01
6.068044900894165039e-01
1.559000015258789062e-01
3.745958805084228516e-01
3.334107995033264160e-01
3.420843780040740967e-01
-1.310446143150329590e+00
-2.050235420465469360e-01
-4.345008730888366699e-01
4.363434016704559326e-02
4.858219623565673828e-01
-2.497980445623397827e-01
9.354269504547119141e-01
2.264675378799438477e+00
5.617190599441528320e-01
-1.327089816331863403e-01
5.146498084068298340e-01
2.657839059829711914e-01
3.045016527175903320e-01
-8.962705731391906738e-03
7.668717205524444580e-02
2.122054994106292725e-02
4.326031804084777832e-01
3.534422814846038818e-02
2.162255197763442993e-01
4.946355521678924561e-02
7.345054745674133301e-01
1.164722561836242676e+00
8.751866221427917480e-01
8.461554050445556641e-01
1.334679245948791504e+00
1.249676585197448730e+00
2.874425053596496582e-01
6.554806828498840332e-01
1.182496696710586548e-01
1.053329944610595703e+00
8.161380887031555176e-01
4.531601071357727051e-01
-6.039582192897796631e-02
-3.354845046997070312e-01
-8.021379709243774414e-01
-6.576611399650573730e-01
-5.868089795112609863e-01
5.498520731925964355e-01
2.000052452087402344e+00
1.088715076446533203e+00
4.694339632987976074e-01
9.852007627487182617e-01
3.097641468048095703e-01
5.735475420951843262e-01
6.630619764328002930e-01
5.562328100204467773e-01
1.326274275779724121e+00
4.124758243560791016e-01
4.369529485702514648e-01
3.397331833839416504e-01
-1.765883117914199829e-01
1.221689581871032715e-02
3.899782896041870117e-01
9.189388751983642578e-01
4.623100757598876953e-01
5.033049583435058594e-01
5.837793648242950439e-02
3.250779211521148682e-02
-3.684311509132385254e-01
1.572442054748535156e-02
4.263152182102203369e-02
4.897430539131164551e-02
-1.511458009481430054e-01
-1.565787047147750854e-01
-1.590632051229476929e-01
-1.616933196783065796e-01
-1.585694402456283569e-01
-1.574946790933609009e-01
-1.570087522268295288e-01
-1.580281108617782593e-01
-1.496184915304183960e-01
-7.089148461818695068e-02
-1.844839006662368774e-01
-1.228715896606445312e+00
-8.454147577285766602e-01
2.599444985389709473e-01
6.655808687210083008e-01
6.540319323539733887e-01
6.947571039199829102e-01
8.170323371887207031e-01
9.370504021644592285e-01
9.018695950508117676e-01
1.050856471061706543e+00
2.622338533401489258e-01
-9.669028222560882568e-02
3.697332143783569336e-01
-8.576523065567016602e-01
-2.198959827423095703e+00
-1.437695860862731934e+00
-1.559462070465087891e+00
-6.509280204772949219e-01
4.605873823165893555e-01
4.875059127807617188e-01
-6.450868248939514160e-01
7.669916152954101562e-01
1.894610762596130371e+00
-4.768775105476379395e-01
-3.067588210105895996e-01
-1.209601014852523804e-01
1.359656453132629395e-03
1.075659394264221191e+00
5.654041767120361328e-01
-3.374512195587158203e-01
8.015375733375549316e-01
5.137478709220886230e-01
-1.977045387029647827e-01
-1.379389613866806030e-01
1.304990202188491821e-01
-1.787267178297042847e-01
2.333129942417144775e-02
-9.349219501018524170e-02
-3.682823181152343750e-01
-3.302257657051086426e-01
-3.535005450248718262e-01
-4.421607851982116699e-01
-1.480280041694641113e+00
7.380268573760986328e-01
5.261115431785583496e-01
2.157899886369705200e-01
7.445754408836364746e-01
6.126128435134887695e-01
1.097426295280456543e+00
6.107389330863952637e-01
6.119580268859863281e-01
1.564108014106750488e+00
1.319198727607727051e+00
8.885720968246459961e-01
4.494520425796508789e-01
-2.790191173553466797e-01
3.047637641429901123e-02
1.091865301132202148e-01
5.879390835762023926e-01
1.606113314628601074e-01
3.144362270832061768e-01
5.709917545318603516e-01
3.735994696617126465e-01
2.534556984901428223e-01
-1.583734899759292603e-01
7.797417640686035156e-01
-8.752875030040740967e-02
2.312049716711044312e-01
5.545116961002349854e-02
-1.136867702007293701e-02
5.758293271064758301e-01
-3.268449306488037109e-01
-1.559394448995590210e-01
-1.660209447145462036e-01
-1.559929102659225464e-01
-1.560160070657730103e-01
4.091930389404296875e-01
7.189437747001647949e-03
-1.564411967992782593e-01
-1.705173701047897339e-01
-8.077917993068695068e-02
-2.072447687387466431e-01
-2.017056196928024292e-01
-1.843610852956771851e-01
-1.981083601713180542e-01
-2.004457563161849976e-01
-2.069717794656753540e-01
-2.079722136259078979e-01
-2.081085890531539917e-01
-2.081270664930343628e-01
-7.155416905879974365e-02
3.724668920040130615e-01
-3.776555061340332031e-01
1.888372302055358887e-01
1.147352159023284912e-02
-2.061467915773391724e-01
-2.804385125637054443e-02
9.921163320541381836e-03
-3.380064666271209717e-02
3.381827771663665771e-01
-1.609833091497421265e-01
4.351754486560821533e-02
-3.431345522403717041e-02
-8.761535584926605225e-02
-6.485961377620697021e-02
6.168468296527862549e-02
6.698693335056304932e-02
6.951190531253814697e-02
7.470606267452239990e-02
8.351053297519683838e-02
9.575660526752471924e-02
1.432987004518508911e-01
2.949307560920715332e-01
4.107725620269775391e-01
3.062769770622253418e-01
6.163391470909118652e-01
1.226579546928405762e+00
1.677458643913269043e+00
1.830539107322692871e+00
2.064118862152099609e+00
2.097231149673461914e+00
1.272593855857849121e+00
2.628849744796752930e+00
2.067069768905639648e+00
-5.474901199340820312e-01
-1.737791419029235840e+00
-1.791220784187316895e+00
-2.318996667861938477e+00
-1.946830153465270996e+00
-2.489741086959838867e+00
-1.699794650077819824e+00
-7.484346032142639160e-01
1.148938059806823730e+00
-1.167851686477661133e-02
-7.742570638656616211e-01
6.036044359207153320e-01
-1.170428633689880371e+00
3.405918180942535400e-02
5.056529045104980469e-01
-8.122463822364807129e-01
-2.556848526000976562e+00
-1.381756424903869629e+00
-1.613431215286254883e+00
-9.689875841140747070e-01
-8.117280900478363037e-02
9.523509144783020020e-01
1.856884509325027466e-01
8.466525673866271973e-01
1.584210515022277832e+00
-4.741479158401489258e-01
2.365392595529556274e-01
-1.991235852241516113e+00
-5.344403982162475586e-01
-3.227505683898925781e-01
-1.003106087446212769e-01
7.520749568939208984e-01
4.021410942077636719e-01
-3.650922775268554688e-01
-1.369279026985168457e+00
8.268213868141174316e-01
2.920649051666259766e-01
-1.678164124488830566e+00
-4.153286218643188477e-01
-5.686356425285339355e-01
6.485857963562011719e-01
3.017295598983764648e-01
4.103629589080810547e-01
3.162036836147308350e-02
3.128873705863952637e-01
-5.327341556549072266e-01
1.405208706855773926e+00
6.262140870094299316e-01
6.729928851127624512e-01
8.330965638160705566e-01
5.750556290149688721e-02
-1.684967637062072754e+00
7.518092989921569824e-01
1.993873268365859985e-01
-8.956174850463867188e-01
6.236074864864349365e-02
1.133610129356384277e+00
1.409807950258255005e-01
1.134146004915237427e-01
-2.259679287672042847e-01
-4.029719829559326172e-01
-2.292032986879348755e-01
-4.181870818138122559e-01
-1.376363784074783325e-01
-2.599812150001525879e-01
-4.083225727081298828e-01
-8.570917844772338867e-01
-1.465799957513809204e-01
1.347622990608215332e+00
1.792022466659545898e+00
3.554222881793975830e-01
-2.300517410039901733e-01
3.464211225509643555e-01
5.997652411460876465e-01
-2.184667140245437622e-01
-6.483770608901977539e-01
9.672761559486389160e-01
4.137517213821411133e-01
-5.980775356292724609e-01
-6.551891565322875977e-01
-2.215257734060287476e-01
1.509530097246170044e-01
-2.685108780860900879e-01
6.405727565288543701e-02
-4.968173801898956299e-02
-2.899743914604187012e-01
4.216271042823791504e-01
5.127677321434020996e-01
1.312616020441055298e-01
-7.643428444862365723e-01
7.352823019027709961e-01
5.922117233276367188e-01
5.392712354660034180e-01
1.085975885391235352e+00
4.127309918403625488e-01
3.276759386062622070e-01
5.696763992309570312e-01
-7.698332071304321289e-01
2.324238419532775879e-03
-1.967532485723495483e-01
-5.557441711425781250e-01
-4.284072518348693848e-01
2.181337624788284302e-01
5.183848142623901367e-01
9.231563806533813477e-01
-1.452700942754745483e-01
-2.287606447935104370e-01
-1.141104817390441895e+00
-2.347232580184936523e+00
-1.793015450239181519e-01
1.538187146186828613e+00
-4.594733119010925293e-01
-9.318672418594360352e-01
6.444467306137084961e-01
3.232728540897369385e-01
-1.383823871612548828e+00
-1.777744442224502563e-01
-4.804395437240600586e-01
-1.226270645856857300e-01
-1.695063561201095581e-01
-2.962344884872436523e-01
-6.617529690265655518e-02
3.572480678558349609e-01
8.138793706893920898e-02
3.821317851543426514e-02
7.590343952178955078e-01
1.570899337530136108e-01
3.529629409313201904e-01
2.046620398759841919e-01
5.772943496704101562e-01
2.323385626077651978e-01
1.327098727226257324e+00
1.352682232856750488e+00
2.401099443435668945e+00
9.166771173477172852e-01
1.017016321420669556e-01
-2.636593580245971680e-01
-2.149196118116378784e-01
-1.292721152305603027e+00
-1.296104788780212402e+00
-9.748154878616333008e-01
-1.237864017486572266e+00
-1.246514439582824707e+00
-3.309884071350097656e-01
-7.014164924621582031e-01
-9.432860612869262695e-01
-6.027461290359497070e-01
-7.976453304290771484e-01
-8.010833263397216797e-01
-8.025761842727661133e-01
-1.684940606355667114e-01
-7.985302209854125977e-01
-8.012228012084960938e-01
2.297372370958328247e-01
-4.649003744125366211e-01
1.177143335342407227e+00
-9.970856904983520508e-01
-5.871546268463134766e-01
4.637017846107482910e-01
1.443157792091369629e+00
7.403796911239624023e-01
8.023245334625244141e-01
2.404815435409545898e+00
-3.465707898139953613e-01
2.172549068927764893e-02
1.511458903551101685e-01
5.833566188812255859e-01
1.508683443069458008e+00
3.920193314552307129e-01
1.630805373191833496e+00
1.760415196418762207e+00
2.371628046035766602e+00
2.516971111297607422e+00
2.539979219436645508e+00
1.734658837318420410e+00
1.778822302818298340e+00
2.299551486968994141e+00
1.692054033279418945e+00
1.653651595115661621e+00
1.916598677635192871e+00
9.969332814216613770e-01
-1.237414002418518066e+00
5.108585357666015625e-01
-1.624920606613159180e+00
-1.278493642807006836e+00
-5.462434291839599609e-01
-1.454838871955871582e+00
-7.974700331687927246e-01
-4.879107475280761719e-01
2.111013233661651611e-02
1.800054758787155151e-01
-4.348870515823364258e-01
-3.479092717170715332e-01
-2.934120297431945801e-01
-1.254827827215194702e-01
3.486797809600830078e-01
-6.195186972618103027e-01
-5.528303980827331543e-01
-2.137581259012222290e-01
-9.375502169132232666e-02
-9.723216295242309570e-01
-3.150727152824401855e-01
-3.434304893016815186e-02
-4.672565460205078125e-01
-6.102694571018218994e-02
-1.959071010351181030e-01
1.841337531805038452e-01
3.156471848487854004e-01
7.857212424278259277e-02
5.493605136871337891e-02
-1.716809421777725220e-01
-4.166133701801300049e-02
-2.080687731504440308e-01
8.395856618881225586e-01
1.286332309246063232e-02
4.224255681037902832e-02
-1.939300745725631714e-01
-2.081289142370223999e-01
-2.081225961446762085e-01
8.027087152004241943e-02
-9.715990722179412842e-02
4.325363636016845703e-01
-7.444012165069580078e-01
-5.144456624984741211e-01
-1.883258938789367676e+00
-7.893398404121398926e-01
-4.660744667053222656e-01
1.548618227243423462e-01
-6.767362356185913086e-04
-3.972910344600677490e-02
-3.791256546974182129e-01
-2.081297487020492554e-01
-2.081296890974044800e-01
-2.081298679113388062e-01
4.864243268966674805e-01
1.806054264307022095e-01
9.273834526538848877e-02
2.557439804077148438e-01
-3.797081708908081055e-01
-2.081299275159835815e-01
-5.175887048244476318e-02
6.332381069660186768e-02
7.360984385013580322e-02
5.800421535968780518e-02
3.660384416580200195e-01
-4.135490655899047852e-01
1.210837364196777344e+00
2.655841112136840820e-01
-3.950235247611999512e-02
-1.216033101081848145e+00
-5.672907233238220215e-01
3.852113485336303711e-01
1.489911228418350220e-01
-1.830254495143890381e-02
-9.713207185268402100e-02
-5.291187763214111328e-01
-8.636782169342041016e-01
1.653116494417190552e-01
1.709057450294494629e+00
3.051791667938232422e+00
4.328980922698974609e+00
2.151716232299804688e+00
2.088643312454223633e+00
2.322072982788085938e+00
3.483671903610229492e+00
3.608890295028686523e+00
3.590988874435424805e+00
3.686062574386596680e+00
4.144952297210693359e+00
4.510559558868408203e+00
4.618369579315185547e+00
4.182772159576416016e+00
2.180150747299194336e+00
1.874097943305969238e+00
9.951959848403930664e-01
1.289761662483215332e+00
5.721473097801208496e-01
-3.545216321945190430e-01
-3.622324466705322266e-01
-7.202579379081726074e-01
-1.485132455825805664e+00
-5.545908212661743164e-01
-8.848778903484344482e-02
-1.762028336524963379e+00
-3.064051628112792969e+00
-1.144538760185241699e+00
-1.424656987190246582e+00
-4.030666351318359375e-01
1.795948863029479980e+00
1.371316194534301758e+00
6.446250081062316895e-01
-4.892569780349731445e-01
1.555466771125793457e+00
3.666998445987701416e-02
-4.994331598281860352e-01
1.704262644052505493e-01
1.138068318367004395e+00
7.643780708312988281e-01
-7.183705270290374756e-02
-1.592488139867782593e-01
-1.007216423749923706e-01
-4.085011780261993408e-02
-2.619541287422180176e-01
5.503691434860229492e-01
-1.489415764808654785e-03
1.081627160310745239e-01
-4.230901002883911133e-01
-5.096077919006347656e-01
-1.205958247184753418e+00
-7.920891046524047852e-01
-5.547305941581726074e-01
3.210291266441345215e-01
3.368243575096130371e-02
5.803251266479492188e-01
1.094581127166748047e+00
1.620873808860778809e-02
-1.461084932088851929e-01
3.993040323257446289e-02
-2.910348773002624512e-01
-1.944471746683120728e-01
7.163341045379638672e-01
9.865210950374603271e-02
4.803497195243835449e-01
1.184852123260498047e+00
1.322503328323364258e+00
2.196400642395019531e+00
2.300253152847290039e+00
5.833883583545684814e-02
-2.162977606058120728e-01
2.491735070943832397e-01
2.431770861148834229e-01
7.496772408485412598e-01
3.957242667675018311e-01
-2.167128026485443115e-02
-2.201934605836868286e-01
2.442182749509811401e-01
6.861214041709899902e-01
-7.073026895523071289e-01
-4.069870114326477051e-01
-4.445606470108032227e-01
-5.532168149948120117e-01
-4.341745376586914062e-01
-4.811760187149047852e-01
-4.359831809997558594e-01
1.380818337202072144e-01
-2.061196416616439819e-01
-3.157611191272735596e-02
-2.520218491554260254e-03
-1.431186944246292114e-01
4.489259421825408936e-02
3.269713521003723145e-01
1.047775149345397949e-02
3.758202493190765381e-02
-1.538190692663192749e-01
1.082720756530761719e+00
2.469347417354583740e-01
2.279125452041625977e-01
2.205333113670349121e-02
2.676871716976165771e-01
1.814415603876113892e-01
2.179069966077804565e-01
2.323239296674728394e-01
-1.207990795373916626e-01
2.447766214609146118e-01
2.054226100444793701e-01
4.037781953811645508e-01
9.701113104820251465e-01
4.296076893806457520e-01
-5.507687926292419434e-01
6.443806737661361694e-02
-3.982593417167663574e-01
6.655918359756469727e-01
8.866702318191528320e-01
1.320048719644546509e-01
6.144032478332519531e-01
5.891557931900024414e-01
2.144688516855239868e-01
3.372132778167724609e-01
-4.740543663501739502e-02
2.534169554710388184e-01
-3.825952112674713135e-02
-3.794580698013305664e-01
-1.745800822973251343e-01
-2.068314403295516968e-01
-3.205716609954833984e-02
9.151981025934219360e-02
2.672853469848632812e-01
-3.793135881423950195e-01
3.593378663063049316e-01
-5.254343152046203613e-03
1.796707659959793091e-01
-1.108958274126052856e-01
2.641449570655822754e-01
-3.794189095497131348e-01
-2.081299871206283569e-01
-2.081299275159835815e-01
-2.386645972728729248e-02
8.023706078529357910e-01
1.076631247997283936e-02
-2.206533402204513550e-01
-2.081043571233749390e-01
-1.126039028167724609e-02
-3.179512917995452881e-02
1.078468322753906250e+00
-4.516787827014923096e-02
1.087077498435974121e+00
7.727109789848327637e-01
3.667067885398864746e-01
5.675402879714965820e-01
-1.466693997383117676e+00
-2.393599301576614380e-01
-2.112977951765060425e-01
4.171229898929595947e-02
2.159980684518814087e-01
-5.201295018196105957e-02
3.224124014377593994e-02
4.660715162754058838e-02
-4.992589354515075684e-03
-5.748453140258789062e-01
-3.569717407226562500e-01
-3.588153123855590820e-01
-9.153314828872680664e-01
4.564589262008666992e-01
8.729891180992126465e-01
5.187324881553649902e-01
4.840539097785949707e-01
5.502135157585144043e-01
-2.538895606994628906e-01
-8.118594884872436523e-01
-1.403751492500305176e+00
9.665072560310363770e-01
-3.728114366531372070e-01
1.137404799461364746e+00
3.118137717247009277e-01
-1.491785496473312378e-01
3.800474405288696289e-01
-3.192053735256195068e-02
9.191580414772033691e-01
-6.492637097835540771e-02
1.017068505287170410e+00
1.954741477966308594e+00
1.771025776863098145e+00
-1.138290524482727051e+00
-2.205608934164047241e-01
-5.816112756729125977e-01
-5.548819303512573242e-01
6.085766851902008057e-02
-1.367161989212036133e+00
-9.727699756622314453e-01
-1.184837222099304199e+00
1.379612833261489868e-01
-1.117095470428466797e+00
-1.818867325782775879e+00
-7.647027373313903809e-01
4.025155305862426758e-01
-1.865367740392684937e-01
-6.225491166114807129e-01
-1.107108712196350098e+00
1.812622100114822388e-01
-7.243648171424865723e-03
-1.654631048440933228e-01
1.198220729827880859e+00
1.464465022087097168e+00
1.892464518547058105e+00
2.075238227844238281e+00
-7.691328227519989014e-02
1.792793869972229004e+00
1.556151032447814941e+00
-1.029967188835144043e+00
1.024134159088134766e+00
2.839883089065551758e+00
6.271107792854309082e-01
-8.328860998153686523e-01
-1.554748892784118652e+00
-6.565884947776794434e-01
1.068054586648941040e-01
-4.454566240310668945e-01
-8.764199018478393555e-01
-1.164951205253601074e+00
-9.517799615859985352e-01
-7.440134286880493164e-01
-6.290283203125000000e-01
-6.630686521530151367e-01
1.288652867078781128e-01
-8.009560108184814453e-01
-1.590287089347839355e+00
-2.265653371810913086e+00
-3.108934402465820312e+00
-1.209709048271179199e+00
-1.443674415349960327e-01
-1.449044942855834961e+00
-2.862757205963134766e+00
-1.069356679916381836e+00
-9.688571691513061523e-01
1.822130382061004639e-02
-9.797239303588867188e-01
-1.759877562522888184e+00
-2.424054384231567383e+00
1.275736451148986816e+00
8.111158013343811035e-01
1.527398586273193359e+00
5.808759331703186035e-01
7.299937605857849121e-01
6.431770920753479004e-01
1.026575565338134766e+00
9.021731615066528320e-01
6.425463557243347168e-01
6.713396310806274414e-01
3.776238560676574707e-01
-4.184082746505737305e-01
-1.436697691679000854e-01
-5.338418483734130859e-02
-1.455185264348983765e-01
-1.640720516443252563e-01
-1.510248929262161255e-01
-1.548931449651718140e-01
-1.559612005949020386e-01
-1.814173907041549683e-01
-1.580743044614791870e-01
-1.537129729986190796e-01
3.689207434654235840e-01
-2.015634030103683472e-01
-2.072681933641433716e-01
-2.079883068799972534e-01
-2.080831378698348999e-01
-2.080971449613571167e-01
-2.056972235441207886e-01
-1.817954033613204956e-01
-1.605053991079330444e-01
-1.572962254285812378e-01
-1.571842283010482788e-01
-1.576950401067733765e-01
-1.595215052366256714e-01
-1.781242638826370239e-01
-2.036726921796798706e-01
-2.074691802263259888e-01
-2.080397456884384155e-01
-2.081177681684494019e-01
-2.081283479928970337e-01
-2.081297785043716431e-01
-2.081299871206283569e-01
-2.081299871206283569e-01
-2.081299275159835815e-01
1.912793517112731934e-02
-2.082466930150985718e-01
-2.081293314695358276e-01
-2.080992311239242554e-01
-2.078696340322494507e-01
-2.073336690664291382e-01
-2.064536064863204956e-01
-2.045991867780685425e-01
-2.081087082624435425e-01
6.629149615764617920e-02
1.807425171136856079e-01
1.251323819160461426e-01
2.213495373725891113e-01
2.593572735786437988e-01
6.469771265983581543e-01
4.344020783901214600e-02
2.145263254642486572e-01
-1.605755835771560669e-01
1.071895658969879150e-02
2.041814476251602173e-01
-2.579761147499084473e-01
9.592935442924499512e-03
6.828357577323913574e-01
1.029816269874572754e-02
1.103281974792480469e-02
5.912792682647705078e-02
2.594012916088104248e-01
-2.846620082855224609e-01
3.642121553421020508e-01
2.008865326642990112e-01
1.324325799942016602e-01
7.643531262874603271e-02
-1.931411027908325195e-02
7.977414131164550781e-02
-7.199059426784515381e-02
1.564497709274291992e+00
2.213202714920043945e-01
-8.003340661525726318e-02
-1.107562661170959473e+00
-8.720789849758148193e-02
1.158385276794433594e+00
-9.250233173370361328e-01
-6.991117000579833984e-01
-5.806341767311096191e-01
-4.382237792015075684e-03
3.279908001422882080e-02
-3.940648436546325684e-01
-1.420973986387252808e-01
-1.381142586469650269e-01
-7.759450674057006836e-01
-7.918167710304260254e-01
-7.246448397636413574e-01
1.655491739511489868e-01
8.194662630558013916e-02
-1.155295222997665405e-01
-2.349544614553451538e-01
-2.396570891141891479e-01
6.537321805953979492e-01
-2.485875338315963745e-01
1.555393785238265991e-01
4.483731091022491455e-02
2.683289051055908203e-01
6.341536045074462891e-01
7.391570806503295898e-01
-3.095598220825195312e-01
3.578113317489624023e-01
-1.189806312322616577e-01
5.595365166664123535e-01
6.080481410026550293e-01
9.402186870574951172e-01
1.648060977458953857e-02
-3.563163280487060547e-01
3.995153307914733887e-02
1.708167046308517456e-01
-4.990901052951812744e-02
-1.339296996593475342e-02
-9.073762595653533936e-02
1.902920305728912354e-01
-2.671620845794677734e-01
-8.364784717559814453e-01
1.039395034313201904e-01
1.779871433973312378e-01
-1.660157740116119385e-02
2.084463238716125488e-01
-5.371008813381195068e-02
-6.022369861602783203e-02
4.611893296241760254e-01
4.074487686157226562e-01
2.290090620517730713e-01
-4.872709512710571289e-02
4.254074096679687500e-01
3.835742771625518799e-01
1.820149719715118408e-01
2.109395861625671387e-01
1.482147574424743652e-01
-4.412412643432617188e-02
-5.896928906440734863e-02
-6.094709038734436035e-02
7.293379306793212891e-02
-8.638848066329956055e-01
-1.256268024444580078e+00
-9.782661199569702148e-01
-8.297590017318725586e-01
3.435285687446594238e-01
-3.613098263740539551e-01
-9.768841266632080078e-01
-9.323741197586059570e-01
3.542404174804687500e-01
4.281550645828247070e-01
1.538816571235656738e+00
6.979283094406127930e-01
2.475960403680801392e-01
-3.537245094776153564e-02
1.310829818248748779e-01
-2.927689552307128906e-01
-7.585334777832031250e-01
1.201684772968292236e-02
-3.325952291488647461e-01
-1.559658199548721313e-01
6.226111948490142822e-02
-1.762216538190841675e-01
9.742472171783447266e-01
-6.462187170982360840e-01
-1.001589298248291016e+00
-1.202314734458923340e+00
-6.434228420257568359e-01
-1.116367936134338379e+00
-8.655868768692016602e-01
-8.057656288146972656e-01
-1.576343625783920288e-01
2.020887881517410278e-01
1.787807047367095947e-01
-2.049012035131454468e-01
-7.400410175323486328e-01
-1.051663398742675781e+00
-1.361621499061584473e+00
-1.505197763442993164e+00
3.578587770462036133e-01
-3.000979423522949219e-01
5.857437252998352051e-01
-6.388449668884277344e-01
-5.345936417579650879e-01
6.196524500846862793e-01
-4.317991733551025391e-01
-4.417830705642700195e-01
-5.608116984367370605e-01
-3.422656059265136719e-01
4.561160206794738770e-01
-4.865984916687011719e-01
1.317856311798095703e+00
5.168746709823608398e-01
-1.160142064094543457e+00
1.061056137084960938e+00
-1.418990135192871094e+00
2.223186045885086060e-01
-1.668298989534378052e-01
8.010417222976684570e-01
1.372013449668884277e+00
1.431700468063354492e+00
3.116381168365478516e-01
3.188629746437072754e-01
7.416949272155761719e-01
1.345008611679077148e+00
6.028797030448913574e-01
7.951830625534057617e-01
7.938266992568969727e-01
8.175104260444641113e-01
-5.825783014297485352e-01
-1.848581910133361816e+00
-6.025221347808837891e-01
-9.271773099899291992e-01
2.547735929489135742e+00
2.454180717468261719e+00
3.549318075180053711e+00
2.814814090728759766e+00
3.399022579193115234e+00
2.276815652847290039e+00
1.487352490425109863e+00
1.313953638076782227e+00
4.763450026512145996e-01
2.833904504776000977e+00
1.084792613983154297e+00
1.924196600914001465e+00
7.645319104194641113e-01
9.542782902717590332e-01
8.815266489982604980e-01
6.086353659629821777e-01
5.444498062133789062e-01
-1.474100202322006226e-01
5.138414502143859863e-01
6.289615035057067871e-01
3.829876780509948730e-01
2.085275948047637939e-02
1.077283769845962524e-01
-1.051053404808044434e+00
3.822153806686401367e-01
-9.150576591491699219e-01
-2.688298225402832031e-01
1.471114397048950195e+00
1.279319643974304199e+00
1.417278647422790527e+00
1.445296883583068848e+00
1.451649904251098633e+00
1.074095129966735840e+00
8.165635168552398682e-02
1.543325543403625488e+00
1.105016350746154785e+00
8.047544956207275391e-01
1.512499004602432251e-01
-6.590552926063537598e-01
-3.258705139160156250e-01
-9.823424816131591797e-01
-1.416612029075622559e+00
-9.629964828491210938e-01
-9.194962978363037109e-01
-1.928230166435241699e+00
-1.771481156349182129e+00
-7.556107044219970703e-01
9.028970003128051758e-01
-4.041621685028076172e-01
6.948999166488647461e-01
-3.375148773193359375e-01
-7.993847131729125977e-01
-1.736718267202377319e-01
-9.954957962036132812e-01
-3.460052013397216797e-01
-2.611670494079589844e-01
-6.046036481857299805e-01
-5.688615441322326660e-01
-1.363046407699584961e+00
-1.208898901939392090e+00
-1.030012488365173340e+00
-1.013718485832214355e+00
-1.556497216224670410e+00
-5.328376293182373047e-01
-7.498278021812438965e-01
-1.122593164443969727e+00
-3.033297657966613770e-01
-4.516024589538574219e-01
-4.749377965927124023e-01
-5.399593114852905273e-01
-7.315756678581237793e-01
1.882292032241821289e-01
-1.189528256654739380e-01
-6.803447604179382324e-01
1.668779999017715454e-01
-8.282736539840698242e-01
2.404554188251495361e-02
-8.283693790435791016e-01
-3.220398426055908203e-01
-3.825001418590545654e-02
7.916260361671447754e-01
6.145144701004028320e-01
1.041688680648803711e+00
3.735128641128540039e-01
6.540391445159912109e-01
4.415519237518310547e-01
3.270233869552612305e-01
5.327166318893432617e-01
7.688159346580505371e-01
6.564321368932723999e-02
5.771231651306152344e-02
-7.403306663036346436e-02
-1.017621606588363647e-01
5.981315970420837402e-01
-2.991658449172973633e-01
2.186356186866760254e-01
-3.464559316635131836e-01
2.612766325473785400e-01
2.683279514312744141e-01
2.767275571823120117e-01
-1.151134818792343140e-01
4.619359374046325684e-01
1.586147099733352661e-01
-2.507532835006713867e-01
1.421703845262527466e-01
-2.734676599502563477e-01
-5.473806858062744141e-01
6.982613205909729004e-01
5.326581001281738281e-02
2.116680294275283813e-01
2.027678936719894409e-01
1.575627177953720093e-01
1.834132522344589233e-01
5.695208907127380371e-02
1.249136775732040405e-01
-1.133916825056076050e-01
2.312880158424377441e-01
6.896452605724334717e-02
4.063569009304046631e-02
-2.235459536314010620e-01
1.049623727798461914e+00
3.592616319656372070e-01
-6.173858046531677246e-02
-6.092348694801330566e-02
-5.068391561508178711e-02
9.932014942169189453e-01
1.616427659988403320e+00
1.224833846092224121e+00
1.928101420402526855e+00
2.430641174316406250e+00
3.050898313522338867e+00
3.017125368118286133e+00
2.964939355850219727e+00
2.957577466964721680e+00
1.459614634513854980e+00
2.048000574111938477e+00
8.400553464889526367e-01
8.755757212638854980e-01
1.797155261039733887e+00
1.614955306053161621e+00
9.577016234397888184e-01
6.125528812408447266e-01
6.496989130973815918e-01
6.445531249046325684e-01
5.417729020118713379e-01
2.746708989143371582e-01
4.550879001617431641e-01
2.221646159887313843e-01
-2.578818798065185547e-01
6.253823637962341309e-03
-4.021356999874114990e-02
6.160100698471069336e-01
2.255288064479827881e-01
1.947222054004669189e-01
6.790508329868316650e-02
-3.414127230644226074e-02
1.052260160446166992e+00
1.723964095115661621e+00
1.099694967269897461e+00
1.148818254470825195e+00
2.637494206428527832e-01
1.215852051973342896e-01
1.930719763040542603e-01
2.240927457809448242e+00
7.424539327621459961e-01
4.595043659210205078e-01
1.566208302974700928e-01
6.336615085601806641e-01
2.684959769248962402e-01
1.091768145561218262e-01
2.282725274562835693e-02
1.132779270410537720e-01
-9.445761144161224365e-02
5.847668647766113281e-02
-1.130959242582321167e-01
-1.169983297586441040e-01
-1.172854751348495483e-01
-2.365794777870178223e-02
8.528895676136016846e-02
2.465356737375259399e-01
2.723543941974639893e-01
2.669949531555175781e-01
1.910734921693801880e-01
-4.674136638641357422e-03
-4.891496896743774414e-01
-9.491564035415649414e-01
-1.210744857788085938e+00
-9.235857725143432617e-01
-1.269502162933349609e+00
-1.244259595870971680e+00
-9.388316869735717773e-01
4.648550152778625488e-01
7.902072668075561523e-01
6.167142391204833984e-01
7.280475497245788574e-01
5.661951005458831787e-02
-5.929905176162719727e-02
4.182094931602478027e-01
4.597631096839904785e-01
5.138708651065826416e-02
-2.811925113201141357e-02
6.221138238906860352e-01
2.802428603172302246e-01
1.273624777793884277e+00
4.345585405826568604e-02
-5.374936461448669434e-01
5.405202507972717285e-03
-3.832131624221801758e-01
5.074407160282135010e-02
1.509371519088745117e+00
1.379719614982604980e+00
1.362961649894714355e+00
7.593117952346801758e-01
6.960354447364807129e-01
1.217744469642639160e+00
9.259394407272338867e-01
8.221807479858398438e-01
5.694347620010375977e-01
4.556465744972229004e-01
1.920664012432098389e-01
1.045492142438888550e-01
7.880828380584716797e-01
3.696814179420471191e-01
-1.185809075832366943e-02
2.056238502264022827e-01
1.669037491083145142e-01
2.576789259910583496e-01
2.299753129482269287e-01
1.328781396150588989e-01
9.241488575935363770e-02
2.695485353469848633e-01
-1.159762591123580933e-01
1.769337356090545654e-01
-1.328659206628799438e-01
-6.418113410472869873e-02
-1.508631557226181030e-01
-1.556260436773300171e-01
-1.556810587644577026e-01
7.360090315341949463e-02
3.757279217243194580e-01
-3.262327909469604492e-01
-2.586324512958526611e-02
-1.221188753843307495e-01
-1.556694358587265015e-01
-1.577150076627731323e-01
5.466877818107604980e-01
-5.567618608474731445e-01
-4.221785664558410645e-01
-1.984551995992660522e-01
-7.145939767360687256e-02
2.672114968299865723e-01
-1.239055246114730835e-01
1.162957072257995605e+00
3.252634406089782715e-01
1.853308528661727905e-01
7.278433442115783691e-02
-1.407840847969055176e-02
-1.842463165521621704e-01
1.672709733247756958e-01
2.307383716106414795e-01
1.642585694789886475e-01
1.572753489017486572e-01
2.619954943656921387e-01
2.193296700716018677e-01
2.680792212486267090e-01
4.021109938621520996e-01
2.671226859092712402e-01
-3.794241547584533691e-01
5.658934712409973145e-01
8.143360912799835205e-02
-1.240489125251770020e+00
-1.262910723686218262e+00
-1.159202218055725098e+00
2.292984873056411743e-01
-5.275699496269226074e-01
-6.029468774795532227e-02
7.861359119415283203e-01
1.557070463895797729e-01
9.815671443939208984e-01
-1.072234958410263062e-01
-4.293525815010070801e-01
-4.898984432220458984e-01
9.819765388965606689e-02
6.443358659744262695e-01
6.325365900993347168e-01
-2.664506435394287109e-01
-5.757223069667816162e-02
-6.221512556076049805e-01
-4.653905630111694336e-01
-1.155565619468688965e+00
-1.571570277214050293e+00
-1.383795142173767090e+00
-1.637917041778564453e+00
-1.476059317588806152e+00
-1.736066222190856934e+00
-1.828002333641052246e+00
-1.909484505653381348e+00
-9.708267450332641602e-01
-4.120708107948303223e-01
-8.464069366455078125e-01
-6.209257841110229492e-01
-8.121265470981597900e-02
1.280256658792495728e-01
7.412182092666625977e-01
8.668220043182373047e-01
7.727643251419067383e-01
-2.600197494029998779e-02
-3.475645303726196289e+00
-4.655743122100830078e+00
-9.972327947616577148e-01
-2.019652575254440308e-01
-5.413012504577636719e-01
-3.751437664031982422e-01
7.556859850883483887e-01
9.049828648567199707e-01
-3.821969628334045410e-01
1.096458077430725098e+00
4.895311594009399414e-01
-7.575725317001342773e-01
5.407412052154541016e-01
1.004772663116455078e+00
3.483504056930541992e-01
5.610364675521850586e-01
7.439889907836914062e-01
-4.479365348815917969e-01
-1.682560086250305176e+00
-1.107216715812683105e+00
-1.275092601776123047e+00
-1.577098965644836426e+00
-1.362084031105041504e+00
-2.510729074478149414e+00
-2.054412126541137695e+00
-1.720373749732971191e+00
-2.284546136856079102e+00
-1.744976520538330078e+00
9.787203371524810791e-02
1.090527892112731934e+00
1.684473007917404175e-01
-2.536336779594421387e-01
-1.257950812578201294e-01
-1.135647296905517578e-02
-8.416614532470703125e-01
-4.533548355102539062e-01
4.684600234031677246e-01
5.850284099578857422e-01
-6.390172839164733887e-01
-6.300151348114013672e-01
-2.165241688489913940e-01
-5.527375340461730957e-01
-2.893728017807006836e-01
-3.362479805946350098e-01
-3.011319637298583984e-01
-3.833768367767333984e-01
-2.638608813285827637e-01
-1.413628906011581421e-01
-5.389389991760253906e-01
-1.732783764600753784e-01
-1.067600101232528687e-01
-1.527510136365890503e-01
-1.418043226003646851e-01
-1.509077101945877075e-01
4.287927150726318359e-01
-1.214727312326431274e-01
3.175616264343261719e-03
2.266682684421539307e-02
5.861642956733703613e-02
6.245134770870208740e-02
-2.799497544765472412e-02
3.811351060867309570e-01
5.163641273975372314e-02
-2.592178583145141602e-01
-3.523283600807189941e-01
-3.822518587112426758e-01
-3.868418335914611816e-01
-2.548499107360839844e-01
-4.315782785415649414e-01
2.052739262580871582e-03
-2.791641652584075928e-02
-5.138249695301055908e-02
-6.686864793300628662e-02
-1.153026372194290161e-01
-1.614313572645187378e-01
-1.614135652780532837e-01
-1.614376157522201538e-01
-1.614571660757064819e-01
-1.615176945924758911e-01
-1.600016206502914429e-01
1.235945001244544983e-01
9.278075695037841797e-01
6.947371363639831543e-01
1.143799901008605957e+00
1.092447161674499512e+00
1.586123347282409668e+00
1.255882382392883301e+00
4.825685918331146240e-02
1.680100083351135254e+00
9.883852601051330566e-01
2.678791880607604980e-01
2.863993644714355469e-01
2.790269851684570312e-01
7.847092747688293457e-01
2.922505140304565430e-01
3.055935502052307129e-01
1.257023215293884277e-02
9.384691715240478516e-01
3.615792393684387207e-01
-4.936949908733367920e-02
-5.064865946769714355e-02
9.195551276206970215e-03
6.222938001155853271e-02
2.983421683311462402e-01
1.111281037330627441e+00
4.684311151504516602e-01
6.518229842185974121e-01
6.068969368934631348e-01
-2.365972101688385010e-02
-2.049257010221481323e-01
-1.553480476140975952e-01
-1.629967838525772095e-01
7.804067134857177734e-01
1.818045973777770996e+00
2.342004030942916870e-01
1.176615357398986816e+00
8.213331699371337891e-01
-6.714929938316345215e-01
9.234713017940521240e-02
9.099366068840026855e-01
1.484081745147705078e+00
1.649541258811950684e+00
1.255707502365112305e+00
8.210108280181884766e-01
1.102044582366943359e+00
1.777017235755920410e+00
-2.198745757341384888e-01
3.698055446147918701e-01
5.353227257728576660e-01
6.297770142555236816e-01
1.036004573106765747e-01
1.163368970155715942e-01
-4.638543725013732910e-02
2.772833406925201416e-02
5.003936588764190674e-02
2.052262872457504272e-01
3.444239199161529541e-01
5.545793771743774414e-01
5.056975483894348145e-01
2.131001651287078857e-02
2.555969059467315674e-01
-1.121041625738143921e-01
2.342822253704071045e-01
4.742615818977355957e-01
-4.245930314064025879e-01
2.812609076499938965e-02
2.323023378849029541e-01
2.289350777864456177e-01
2.133075296878814697e-01
1.423894464969635010e-01
1.578236967325210571e-01
1.180287078022956848e-01
1.099915355443954468e-01
-1.217711418867111206e-01
1.099479496479034424e-01
1.080776304006576538e-01
1.352981179952621460e-01
1.210148781538009644e-01
1.621464639902114868e-01
2.937933206558227539e-01
4.943844676017761230e-01
2.825783491134643555e-01
5.627484917640686035e-01
3.996657729148864746e-01
4.300342798233032227e-01
5.298013091087341309e-01
8.287265300750732422e-01
1.532463550567626953e+00
-2.492862790822982788e-01
-3.161512017250061035e-01
-1.766865998506546021e-01
-2.663726806640625000e-01
2.532409429550170898e-01
7.866568863391876221e-02
4.148551821708679199e-01
1.697356581687927246e+00
-1.074739545583724976e-01
-2.284431934356689453e+00
-5.497860908508300781e-01
-4.233980774879455566e-01
6.435461342334747314e-02
7.216898798942565918e-01
5.154517292976379395e-01
1.139405250549316406e+00
8.703485131263732910e-01
1.160763144493103027e+00
1.468255400657653809e+00
1.109246611595153809e+00
1.247706651687622070e+00
1.191719055175781250e+00
1.081151366233825684e+00
1.493929028511047363e+00
1.004965424537658691e+00
1.923733055591583252e-01
4.904414415359497070e-01
2.488387972116470337e-01
7.592833638191223145e-01
7.269396185874938965e-01
5.316294431686401367e-01
1.492063999176025391e-01
-2.885748445987701416e-02
-3.984133601188659668e-01
-1.259956210851669312e-01
5.436761975288391113e-01
2.112107515335083008e+00
1.888308286666870117e+00
2.084227561950683594e+00
2.011189222335815430e+00
6.994714736938476562e-01
-7.189055085182189941e-01
-4.742894172668457031e-01
-4.128609597682952881e-02
-4.338046312332153320e-01
7.458888888359069824e-01
6.618312001228332520e-01
9.734355211257934570e-01
1.041296482086181641e+00
1.661794066429138184e+00
7.973704934120178223e-01
8.309208154678344727e-01
8.261337280273437500e-01
9.106649756431579590e-01
3.671841621398925781e-01
5.842825174331665039e-01
3.869237601757049561e-01
2.453358322381973267e-01
4.007525444030761719e-01
1.322384625673294067e-01
-2.000171422958374023e+00
-9.085614681243896484e-01
5.328842401504516602e-01
-3.794163465499877930e-01
4.896544814109802246e-01
5.093093514442443848e-01
3.848975896835327148e-01
2.427117973566055298e-01
6.326013207435607910e-01
9.194769263267517090e-01
6.575414538383483887e-01
-7.115751504898071289e-04
3.083447813987731934e-01
-3.744261860847473145e-01
1.560434699058532715e-02
6.639957427978515625e-05
1.757019013166427612e-01
2.334985136985778809e-01
1.347272098064422607e-02
1.337928026914596558e-01
5.946476757526397705e-02
4.681222140789031982e-02
4.404256343841552734e-01
9.004385471343994141e-01
5.616801977157592773e-02
-1.077406853437423706e-01
-2.058503776788711548e-01
-3.179542720317840576e-02
1.670790165662765503e-01
2.116114199161529541e-01
-3.231878578662872314e-02
-5.118858814239501953e-01
-8.283432722091674805e-01
-9.220902919769287109e-01
-1.191861033439636230e+00
-7.074739038944244385e-02
-4.154294133186340332e-01
2.053440362215042114e-01
-8.756853640079498291e-02
-1.501214742660522461e+00
1.049671411514282227e+00
-1.621161103248596191e+00
-9.125980138778686523e-01
6.134907007217407227e-01
1.621966481208801270e+00
4.493449330329895020e-01
5.709512829780578613e-01
7.042217850685119629e-01
6.724662184715270996e-01
-2.880035638809204102e-01
-3.545466661453247070e-01
-5.415631532669067383e-01
-6.163906455039978027e-01
3.517977893352508545e-02
9.969080984592437744e-02
-9.857479333877563477e-01
-1.968074440956115723e+00
-1.167430877685546875e+00
-6.183956861495971680e-01
-2.941612005233764648e-01
-7.228088378906250000e-01
-5.342192649841308594e-01
-8.189865350723266602e-01
-8.281593322753906250e-01
4.593992233276367188e-02
-3.683984279632568359e-02
-2.071316093206405640e-01
-2.172091454267501831e-01
1.403515636920928955e-01
-1.551027745008468628e-01
9.841991961002349854e-02
2.290824353694915771e-01
1.495475322008132935e-01
-1.196895092725753784e-01
1.795804947614669800e-01
1.078335493803024292e-01
-8.153393864631652832e-03
5.917035341262817383e-01
-4.067261517047882080e-02
2.628347277641296387e-01
7.255502045154571533e-02
2.652053833007812500e-01
-1.205455213785171509e-01
-1.238768547773361206e-01
-3.040821850299835205e-02
-5.843214690685272217e-02
-3.436927497386932373e-02
-4.022096097469329834e-02
1.419751942157745361e-01
2.672491967678070068e-02
3.816698491573333740e-02
-1.068417727947235107e-02
-2.137504965066909790e-01
2.675724029541015625e-01
-4.528567194938659668e-02
-2.341395765542984009e-01
-1.425002664327621460e-01
7.946020364761352539e-01
-2.569004893302917480e-01
-4.391069412231445312e-01
-5.455043315887451172e-01
-6.968363523483276367e-01
-2.490847855806350708e-01
2.500942349433898926e-01
1.108772605657577515e-01
2.343004345893859863e-01
-3.718085885047912598e-01
-1.560025960206985474e-01
-1.795928329229354858e-01
1.185401678085327148e-01
-3.100298643112182617e-01
-6.031283736228942871e-01
-6.153155565261840820e-01
3.868671655654907227e-01
1.565169692039489746e+00
1.096164464950561523e+00
1.620191931724548340e+00
5.641256570816040039e-01
-6.051240861415863037e-02
9.260495007038116455e-02
8.225470781326293945e-01
2.473335415124893188e-01
1.441695839166641235e-01
-4.309190511703491211e-01
-2.955258488655090332e-01
-2.304470390081405640e-01
-7.304325103759765625e-01
-1.204317569732666016e+00
-1.047626256942749023e+00
-6.582840681076049805e-01
5.695184469223022461e-01
-5.244563519954681396e-02
-6.548930704593658447e-02
1.369521766901016235e-01
5.526986718177795410e-02
-3.452642261981964111e-02
-5.329668521881103516e-03
-4.704312980175018311e-02
-2.708619832992553711e-02
-2.028761953115463257e-01
-1.196271628141403198e-01
-3.804838657379150391e-02
5.965130031108856201e-02
6.621614098548889160e-02
6.644372642040252686e-02
3.603313565254211426e-01
2.876136898994445801e-01
1.311877369880676270e-02
-2.499775588512420654e-02
2.032269686460494995e-01
1.278625965118408203e+00
1.276862621307373047e+00
1.091653347015380859e+00
1.165769547224044800e-01
-3.708153963088989258e-01
-1.647259443998336792e-01
-9.744809567928314209e-02
-2.928288280963897705e-02
-9.939596056938171387e-03
1.895140856504440308e-01
1.337510496377944946e-01
-1.851630955934524536e-01
-5.892859697341918945e-01
-2.119499891996383667e-01
-2.863081693649291992e-01
-4.167768955230712891e-01
-2.855036854743957520e-01
-4.156125187873840332e-01
-4.156768321990966797e-01
-2.639588117599487305e-01
7.044580578804016113e-01
1.068897545337677002e-02
-1.418358236551284790e-01
-2.392083406448364258e-02
4.121758341789245605e-01
4.714020490646362305e-01
-4.753485321998596191e-01
-1.198258846998214722e-01
2.978709340095520020e-01
6.193398833274841309e-01
8.638763427734375000e-01
8.742152452468872070e-01
1.697225719690322876e-01
2.136950790882110596e-01
-1.734559983015060425e-01
-1.275395005941390991e-01
2.170502692461013794e-01
2.292169481515884399e-01
-5.239763259887695312e-01
-7.303296327590942383e-01
-2.829335331916809082e-01
-1.732680052518844604e-01
-4.227820038795471191e-02
-2.796907722949981689e-02
-9.600685536861419678e-02
6.270717829465866089e-02
1.820482611656188965e-01
8.613958954811096191e-03
2.071744352579116821e-01
1.252287775278091431e-01
1.789109110832214355e-01
5.155430734157562256e-02
1.077191829681396484e+00
1.029849171638488770e+00
4.505197405815124512e-01
-4.423017799854278564e-02
-5.890534818172454834e-02
-7.000981271266937256e-02
-1.068062037229537964e-01
4.890263080596923828e-03
6.104509830474853516e-01
-4.798536002635955811e-02
-4.559077322483062744e-02
1.248299717903137207e+00
1.019981801509857178e-01
8.564792573451995850e-02
2.351460456848144531e-01
-1.989549398422241211e-02
2.638565897941589355e-01
1.811169683933258057e-01
1.485484689474105835e-01
-7.309269905090332031e-01
-6.849968433380126953e-01
-1.340989768505096436e-02
5.826967358589172363e-01
8.237724304199218750e-01
4.373985528945922852e-01
8.739054203033447266e-01
6.249257326126098633e-01
-7.058117389678955078e-01
-2.882514476776123047e+00
-6.192462444305419922e-01
-1.080617547035217285e+00
-5.544851422309875488e-01
2.361565381288528442e-01
9.701798856258392334e-02
4.715671539306640625e-01
4.969329833984375000e-01
-2.906356453895568848e-01
-1.577208161354064941e+00
-6.627342104911804199e-01
-1.977045387029647827e-01
6.125322580337524414e-01
-1.703467220067977905e-01
5.813112854957580566e-02
2.089090496301651001e-01
6.519453227519989014e-02
6.004755198955535889e-02
5.123789608478546143e-02
-1.213033050298690796e-01
1.123173952102661133e+00
5.958469510078430176e-01
5.822215080261230469e-01
-1.447366178035736084e-02
-1.001157999038696289e+00
-4.312983155250549316e-01
1.917921453714370728e-01
8.098930120468139648e-01
1.341457515954971313e-01
-1.780049502849578857e-02
6.750668287277221680e-01
2.187396138906478882e-01
7.897701263427734375e-01
3.051874041557312012e-01
-6.121261417865753174e-02
2.449437975883483887e-03
1.352477818727493286e-01
5.072866380214691162e-02
2.115874588489532471e-01
1.716266870498657227e-01
3.536548614501953125e-01
-2.756357192993164062e-02
1.033725857734680176e+00
9.770288467407226562e-01
1.998974829912185669e-01
5.824679732322692871e-01
6.026974916458129883e-01
1.094260692596435547e+00
4.621149301528930664e-01
1.340880513191223145e+00
6.638084650039672852e-01
-3.822250664234161377e-02
-4.119637608528137207e-01
3.045541048049926758e-01
6.428192257881164551e-01
8.154273033142089844e-03
-4.526799917221069336e-01
5.168904364109039307e-02
1.486888527870178223e-02
-3.020338714122772217e-02
4.990814924240112305e-01
-5.740174651145935059e-02
4.790630936622619629e-02
6.578835844993591309e-02
-1.527451425790786743e-01
5.425220727920532227e-02
4.318642020225524902e-01
3.364645838737487793e-01
-1.354189276695251465e+00
-7.436634302139282227e-01
-1.052457928657531738e+00
-8.478585481643676758e-01
3.892552256584167480e-01
1.235655099153518677e-01
-7.586620748043060303e-02
-5.816618800163269043e-01
3.100572228431701660e-01
7.167971879243850708e-02
8.042453229427337646e-02
8.882672786712646484e-01
1.359278202056884766e+00
9.278112053871154785e-01
3.819467425346374512e-01
2.122494280338287354e-01
8.485138416290283203e-03
3.880094289779663086e-01
-1.477088034152984619e-02
-3.199033439159393311e-02
5.151583254337310791e-02
2.182200551033020020e-01
-3.901590704917907715e-01
-9.129027128219604492e-01
-6.282426118850708008e-01
4.897872805595397949e-01
1.985376000404357910e+00
9.279474616050720215e-01
1.557724952697753906e+00
1.183422446250915527e+00
1.281060129404067993e-01
1.360884308815002441e+00
1.283574104309082031e+00
9.240943193435668945e-01
1.145537853240966797e+00
1.077598482370376587e-01
-3.730387091636657715e-01
-1.928810715675354004e+00
-2.603371620178222656e+00
-2.200339317321777344e+00
-1.713736176490783691e+00
-2.100525945425033569e-01
-2.424029558897018433e-01
-7.879317998886108398e-01
-1.120432019233703613e+00
5.339015722274780273e-01
-1.212214082479476929e-01
4.241539537906646729e-01
1.448658585548400879e+00
-2.412692457437515259e-01
4.491472244262695312e-01
2.330925017595291138e-01
-7.244347333908081055e-01
-7.484229803085327148e-01
-1.473962306976318359e+00
-1.109206318855285645e+00
-5.382813215255737305e-01
-5.877882242202758789e-01
-4.279745817184448242e-01
-1.217636317014694214e-01
-3.368771076202392578e-02
-4.157236814498901367e-01
-2.419747561216354370e-01
-7.816200256347656250e-01
-1.094782948493957520e+00
-1.083432555198669434e+00
-5.843525528907775879e-01
-5.879406929016113281e-01
-8.888584375381469727e-01
-9.246036410331726074e-03
5.794109106063842773e-01
2.854411602020263672e-01
7.020952701568603516e-01
6.407996416091918945e-01
2.914010286331176758e-01
-7.770139575004577637e-01
-5.061112344264984131e-02
-6.732557713985443115e-02
4.607551097869873047e-01
4.743792414665222168e-01
1.420705020427703857e-02
3.615010976791381836e-01
-1.062851399183273315e-01
-8.917333185672760010e-02
1.744697839021682739e-01
8.932203054428100586e-03
-2.803657948970794678e-02
-4.722324013710021973e-02
4.987643659114837646e-02
3.578819632530212402e-01
2.273599207401275635e-01
-1.858834922313690186e-02
-1.712422519922256470e-01
-4.473268985748291016e-02
6.665162742137908936e-02
3.421576321125030518e-01
7.411421537399291992e-01
1.010585188865661621e+00
1.305106997489929199e+00
1.208103299140930176e+00
7.427872419357299805e-01
2.554116845130920410e-01
-1.655027270317077637e-03
6.038503050804138184e-01
1.641161084175109863e+00
2.978294491767883301e-01
2.281415462493896484e-01
4.419882297515869141e-01
2.686515450477600098e-02
2.830584347248077393e-02
-1.791360974311828613e-02
1.523006260395050049e-01
1.385874152183532715e-01
-1.257182806730270386e-01
-5.798001587390899658e-02
-6.043727695941925049e-02
1.955583393573760986e-01
1.123264580965042114e-01
-3.354670405387878418e-01
-8.686050176620483398e-01
-2.785644531250000000e-01
1.312657594680786133e+00
6.438423395156860352e-01
1.725333482027053833e-01
-6.469119787216186523e-01
8.315573930740356445e-01
-1.154570698738098145e+00
-6.213632225990295410e-01
4.076273441314697266e-01
-1.510502249002456665e-01
-5.481522679328918457e-01
-7.572584152221679688e-01
-8.293529748916625977e-01
-7.055305242538452148e-01
-1.382292866706848145e+00
-9.699567556381225586e-01
-1.350773811340332031e+00
-3.799936532974243164e+00
-3.285561561584472656e+00
-1.030854463577270508e+00
-4.090185165405273438e-01
4.188888072967529297e-01
-8.471323251724243164e-01
1.283167123794555664e+00
1.337772011756896973e+00
1.763704895973205566e+00
-5.901693105697631836e-01
-1.746935725212097168e+00
5.013846755027770996e-01
1.223081469535827637e+00
2.552561759948730469e-01
-2.847133874893188477e-01
-1.891101241111755371e+00
-1.558035016059875488e+00
5.714824199676513672e-01
1.032122850418090820e+00
1.113104939460754395e+00
-4.514487981796264648e-01
-1.738989830017089844e+00
-5.324292182922363281e-01
6.196786165237426758e-01
5.201328396797180176e-01
6.918706893920898438e-01
-2.410037368535995483e-01
-1.185064911842346191e+00
-2.500311613082885742e+00
7.829747200012207031e-01
-1.185436487197875977e+00
9.090646505355834961e-01
8.855977654457092285e-01
-1.802230924367904663e-01
1.056535363197326660e+00
-3.707922697067260742e-01
8.216440677642822266e-01
1.915590524673461914e+00
3.284175634384155273e+00
1.116687893867492676e+00
7.250829935073852539e-01
-1.087774395942687988e+00
3.479040265083312988e-01
-3.711943626403808594e-01
-1.931458353996276855e+00
-1.019472956657409668e+00
-1.886668562889099121e+00
-1.775615930557250977e+00
-1.861061006784439087e-01
-7.444370388984680176e-01
1.596672832965850830e-02
-3.526431918144226074e-01
-5.126503705978393555e-01
-7.626291513442993164e-01
-5.486679673194885254e-01
-4.222732782363891602e-01
-4.885258078575134277e-01
2.533988356590270996e-01
7.448109388351440430e-01
-5.459312200546264648e-01
-4.556860327720642090e-01
4.065846800804138184e-01
3.835935890674591064e-02
5.640352964401245117e-01
1.235734343528747559e+00
6.819813251495361328e-01
1.297265887260437012e+00
1.546734094619750977e+00
1.515633940696716309e+00
6.405572295188903809e-01
5.538647770881652832e-01
7.417016625404357910e-01
2.632004976272583008e+00
3.146611452102661133e+00
2.994697570800781250e+00
1.705307841300964355e+00
8.649321794509887695e-01
8.905686140060424805e-01
1.896201133728027344e+00
2.726897478103637695e+00
3.260210275650024414e+00
3.270322084426879883e+00
2.655885934829711914e+00
