8.955734968185424805e-01
2.193146467208862305e+00
2.343131542205810547e+00
2.857028245925903320e+00
1.487889766693115234e+00
2.260284900665283203e+00
1.718801140785217285e+00
1.677304148674011230e+00
1.591971874237060547e+00
7.848087549209594727e-01
1.024916648864746094e+00
1.812977075576782227e+00
1.073988676071166992e+00
-6.480251550674438477e-01
7.667678594589233398e-01
1.225782394409179688e+00
1.523555874824523926e+00
1.524986267089843750e+00
-1.046507596969604492e+00
5.032379627227783203e-01
-1.322605967521667480e+00
-1.194191694259643555e+00
-1.493534445762634277e-01
-1.587174236774444580e-01
-2.851470410823822021e-01
-3.033375144004821777e-01
-2.803140580654144287e-01
-2.245748043060302734e-01
-1.504697203636169434e-01
-9.800521731376647949e-01
-4.282400310039520264e-01
2.231303155422210693e-01
2.909473776817321777e-01
2.090487182140350342e-01
-1.287209093570709229e-01
-1.090032935142517090e+00
1.804656088352203369e-01
-8.385267853736877441e-01
-3.668758645653724670e-02
-4.406801238656044006e-02
6.373400092124938965e-01
1.669960916042327881e-01
1.698808372020721436e-01
2.494264543056488037e-01
2.952717244625091553e-01
3.388096988201141357e-01
3.825297057628631592e-01
4.238162934780120850e-01
4.632165729999542236e-01
5.008952617645263672e-01
5.366451740264892578e-01
5.699253082275390625e-01
6.009889841079711914e-01
6.301590204238891602e-01
6.571763157844543457e-01
6.792913079261779785e-01
7.015480399131774902e-01
7.214963436126708984e-01
7.392889261245727539e-01
7.574048042297363281e-01
7.683281302452087402e-01
7.354542016983032227e-01
5.488939881324768066e-01
2.245758771896362305e-01
1.043939124792814255e-02
-9.050766378641128540e-02
5.886648893356323242e-01
2.283008337020874023e+00
7.604164481163024902e-01
-4.203517138957977295e-01
5.912050232291221619e-02
5.648360252380371094e-01
4.236523807048797607e-01
7.412509918212890625e-01
6.049565076828002930e-01
8.928188085556030273e-01
2.059351205825805664e+00
1.607017219066619873e-01
1.651090621948242188e+00
7.622715830802917480e-01
-8.045389652252197266e-01
-1.179873943328857422e+00
-3.341892063617706299e-01
2.295703589916229248e-01
2.164101898670196533e-01
1.150688648223876953e+00
1.409572064876556396e-01
1.265333890914916992e-01
1.310619115829467773e-01
-4.281023144721984863e-01
1.961436569690704346e-01
-8.884078860282897949e-01
-6.364464759826660156e-01
4.895416796207427979e-01
8.906801342964172363e-01
8.904417753219604492e-01
1.102756261825561523e+00
1.911531209945678711e+00
-5.716172456741333008e-01
6.935955286026000977e-01
-4.285988584160804749e-02
-8.608105182647705078e-01
3.410955369472503662e-01
2.011894464492797852e+00
-4.099176526069641113e-01
-6.395072489976882935e-02
-7.591761350631713867e-01
-7.984444499015808105e-01
-1.383030056953430176e+00
-6.675540208816528320e-01
-4.716790020465850830e-01
-9.938609600067138672e-01
-1.297177195549011230e+00
-1.306048870086669922e+00
-1.268424987792968750e+00
-1.205807328224182129e+00
-1.188933849334716797e+00
-1.178294420242309570e+00
-1.174880146980285645e+00
-1.178906321525573730e+00
-1.181120753288269043e+00
-1.177347183227539062e+00
-1.168634057044982910e+00
-1.155368685722351074e+00
-1.137042999267578125e+00
-1.112145066261291504e+00
-1.078428983688354492e+00
-1.032983064651489258e+00
-9.724950790405273438e-01
-8.917517662048339844e-01
-7.853184342384338379e-01
-6.496856808662414551e-01
-5.037865638732910156e-01
-3.573510944843292236e-01
-2.376779019832611084e-01
-1.242584958672523499e-01
5.670711025595664978e-02
6.836080551147460938e-01
5.922184586524963379e-01
1.063711270689964294e-01
-2.669473588466644287e-01
4.190788567066192627e-01
2.382660210132598877e-01
4.203594326972961426e-01
3.886447250843048096e-01
4.172395169734954834e-01
-2.911808192729949951e-01
-3.907953202724456787e-01
1.051198467612266541e-01
4.567615091800689697e-01
6.271783709526062012e-01
-1.608437895774841309e+00
-1.090456247329711914e+00
-2.076156437397003174e-01
-5.389193296432495117e-01
3.070184215903282166e-02
-5.469773896038532257e-03
-6.180886626243591309e-01
-3.427526652812957764e-01
-1.976409256458282471e-01
-3.590933084487915039e-01
-9.975755214691162109e-01
-1.115063190460205078e+00
-6.738636493682861328e-01
1.676679551601409912e-01
-1.781410872936248779e-01
-4.830030798912048340e-01
-3.423930108547210693e-01
-9.383198618888854980e-01
-1.183554649353027344e+00
-5.016347765922546387e-01
1.216375708580017090e+00
6.252474784851074219e-01
-1.525681257247924805e+00
-1.826492786407470703e+00
-2.213844776153564453e+00
-4.587856829166412354e-01
-1.686779379844665527e+00
-1.486629009246826172e+00
-1.274976730346679688e+00
-4.375753104686737061e-01
-1.805823147296905518e-01
-3.512558713555335999e-02
2.264995276927947998e-01
-2.229362428188323975e-01
-1.204747930169105530e-01
-6.552561521530151367e-01
-3.698954880237579346e-01
1.832302808761596680e-01
2.002518892288208008e+00
3.834334611892700195e-01
2.333139479160308838e-01
6.493912339210510254e-01
-2.805549800395965576e-01
-1.627330668270587921e-03
9.645676612854003906e-01
1.244182229042053223e+00
-2.515837848186492920e-01
-9.379432201385498047e-01
1.855871677398681641e+00
-1.977807879447937012e+00
-1.566362380981445312e+00
-4.786227829754352570e-03
1.810286521911621094e+00
8.787637352943420410e-01
-5.433608293533325195e-01
-1.481089591979980469e+00
-6.347926259040832520e-01
9.781737327575683594e-01
-2.510345280170440674e-01
-4.629040136933326721e-02
5.538802966475486755e-02
7.918714284896850586e-01
5.440350174903869629e-01
7.084031701087951660e-01
3.434008955955505371e-01
5.391216278076171875e-01
1.672173440456390381e-01
-1.226495265960693359e+00
-1.492180109024047852e+00
6.219035387039184570e-01
6.976321935653686523e-01
-1.080196976661682129e+00
-1.576497912406921387e+00
-1.264693439006805420e-01
-7.383643388748168945e-01
-1.144662380218505859e+00
-8.707246780395507812e-01
-7.195822000503540039e-01
9.646574258804321289e-01
-8.927156925201416016e-01
-7.461115717887878418e-01
-1.725058078765869141e+00
-1.206579089164733887e+00
-9.907687902450561523e-01
-8.608295321464538574e-01
-9.288710951805114746e-01
8.317738771438598633e-01
-1.375971555709838867e+00
-1.541522610932588577e-02
-5.355120897293090820e-01
3.915942609310150146e-01
4.088512957096099854e-01
2.788450419902801514e-01
-4.907235875725746155e-02
-1.605936050415039062e+00
-1.103333473205566406e+00
-1.962801933288574219e+00
-2.465604543685913086e+00
-2.834602117538452148e+00
-3.246909618377685547e+00
-2.252697467803955078e+00
-1.975749731063842773e+00
-6.084550619125366211e-01
9.330655448138713837e-03
1.209656119346618652e+00
1.663211822509765625e+00
8.359359502792358398e-01
1.455229163169860840e+00
-1.926446855068206787e-01
2.409013807773590088e-01
-5.186793804168701172e-01
-2.215216159820556641e+00
-1.723302841186523438e+00
-2.342387914657592773e+00
-1.993827819824218750e+00
-1.800370573997497559e+00
-3.224225282669067383e+00
-9.920911788940429688e-01
-1.649820923805236816e+00
-1.652980804443359375e+00
-1.561537504196166992e+00
-1.811078071594238281e+00
-3.090230464935302734e+00
-1.682580232620239258e+00
9.502103328704833984e-01
-1.263788700103759766e+00
-7.375414967536926270e-01
-5.080121755599975586e-01
-1.157420635223388672e+00
1.768199205398559570e+00
3.803953230381011963e-01
1.074165940284729004e+00
8.988389968872070312e-01
6.571314334869384766e-01
4.455987513065338135e-01
-6.000194549560546875e-01
-1.687329053878784180e+00
-1.474444150924682617e+00
-1.725879430770874023e+00
-1.422341585159301758e+00
-1.445595860481262207e+00
-5.119158029556274414e-01
1.654536575078964233e-01
-5.293999910354614258e-01
-1.239133715629577637e+00
-1.182056784629821777e+00
-8.161528706550598145e-01
-2.062290012836456299e-01
-1.443724155426025391e+00
8.411720395088195801e-01
8.871768116950988770e-01
1.503321647644042969e+00
2.838980436325073242e+00
3.109742701053619385e-01
-4.328410327434539795e-01
-8.031322956085205078e-01
-4.845368564128875732e-01
-7.547912597656250000e-01
1.133353710174560547e+00
2.553796052932739258e+00
1.632626414299011230e+00
-1.352083921432495117e+00
1.234595060348510742e+00
1.119048476219177246e+00
1.861053466796875000e+00
9.803878068923950195e-01
1.495214402675628662e-01
6.467056870460510254e-01
1.736492216587066650e-01
-3.382668197154998779e-01
1.475075960159301758e+00
1.708475828170776367e+00
5.708628892898559570e-01
-1.742783486843109131e-01
4.394586384296417236e-01
-1.060054078698158264e-01
-7.401497364044189453e-01
-3.880963027477264404e-01
2.398822605609893799e-01
-8.748239278793334961e-01
-7.822952270507812500e-01
2.043708801269531250e+00
-1.125412702560424805e+00
-9.124010801315307617e-01
7.924177497625350952e-02
-4.286588728427886963e-01
8.029218316078186035e-01
-7.972775697708129883e-01
-8.957716226577758789e-01
5.573426485061645508e-01
1.109621047973632812e+00
1.646501541137695312e+00
-4.977929294109344482e-01
5.544495582580566406e-01
1.264527082443237305e+00
2.388624429702758789e+00
1.745505630970001221e-01
-4.991647973656654358e-02
3.465814292430877686e-01
-6.309028267860412598e-01
-6.009862422943115234e-01
9.784153699874877930e-01
1.923430681228637695e+00
1.660146713256835938e+00
1.552996397018432617e+00
3.344623148441314697e-01
-6.476512551307678223e-01
2.333724200725555420e-01
1.775288820266723633e+00
-8.895026445388793945e-01
1.363202095031738281e+00
3.040888905525207520e-01
4.595530331134796143e-01
5.042055845260620117e-01
-1.591113507747650146e-01
1.481743812561035156e+00
-1.218264341354370117e+00
8.584945201873779297e-01
-1.142092823982238770e+00
-5.494924783706665039e-01
-6.297231912612915039e-01
-3.171462118625640869e-01
-6.200057864189147949e-01
-9.346480369567871094e-01
-9.372935295104980469e-01
-4.913223683834075928e-01
-4.002557396888732910e-01
-1.148009419441223145e+00
-2.799049913883209229e-01
-7.983540296554565430e-01
1.112349987030029297e+00
1.076316714286804199e+00
-7.756513953208923340e-01
-8.524198532104492188e-01
-8.105717897415161133e-01
-6.075706481933593750e-01
-5.924398899078369141e-01
-8.594208955764770508e-01
-5.366628170013427734e-01
-8.712956905364990234e-01
-1.059067726135253906e+00
-2.670700252056121826e-01
-1.070043817162513733e-01
-5.035196542739868164e-01
5.720596909523010254e-01
-1.650616824626922607e-01
-9.051098823547363281e-01
7.709223031997680664e-01
-2.283582463860511780e-02
-4.108676016330718994e-01
5.016303658485412598e-01
-1.647262573242187500e-01
-7.095685005187988281e-01
-2.069066464900970459e-01
-3.100439012050628662e-01
1.549324750900268555e+00
1.836396694183349609e+00
1.951953887939453125e+00
-1.615943789482116699e+00
-1.450811326503753662e-01
-3.171770274639129639e-01
-6.601674556732177734e-01
-7.121581435203552246e-01
-7.150181531906127930e-01
-1.043337106704711914e+00
-1.230718135833740234e+00
-1.173158526420593262e+00
-1.709967494010925293e+00
-9.765563160181045532e-02
5.483128428459167480e-01
-2.197238504886627197e-01
2.035346329212188721e-01
2.274776808917522430e-03
1.347842097282409668e+00
-1.076323509216308594e+00
-9.953541755676269531e-01
2.935777902603149414e-01
2.196872532367706299e-01
-2.670475542545318604e-01
-8.878798484802246094e-01
-4.994461238384246826e-01
-6.271146535873413086e-01
-8.340140581130981445e-01
-7.524084448814392090e-01
-7.647375464439392090e-01
-7.446485161781311035e-01
-7.071512937545776367e-01
-1.044194459915161133e+00
-3.877023160457611084e-01
-8.239157199859619141e-01
9.154395461082458496e-01
-2.311047315597534180e+00
-8.049298524856567383e-01
-1.212335601449012756e-01
-6.985560655593872070e-01
-2.322528064250946045e-01
-2.091132700443267822e-01
-2.817787230014801025e-01
3.568178713321685791e-01
-9.443068504333496094e-01
-7.467405796051025391e-01
-1.075363636016845703e+00
3.724919855594635010e-01
4.390090405941009521e-01
-4.102104604244232178e-01
-1.637750267982482910e+00
-5.360774993896484375e-01
-5.307899117469787598e-01
-5.517594218254089355e-01
-6.419963836669921875e-01
-1.253158748149871826e-01
1.813943982124328613e-01
6.016862988471984863e-01
-5.357747673988342285e-01
-5.831575393676757812e-01
-3.226152658462524414e-01
-8.899405002593994141e-01
-1.168002367019653320e+00
-6.817978024482727051e-01
-2.070969641208648682e-01
-8.209751248359680176e-01
-5.704705715179443359e-01
-6.551874876022338867e-01
-8.416451811790466309e-01
-4.826894700527191162e-01
-9.874377399682998657e-02
-7.177259325981140137e-01
6.569291949272155762e-01
4.556396901607513428e-01
4.781121909618377686e-01
8.527598381042480469e-01
1.065126180648803711e+00
1.132174968719482422e+00
6.475026607513427734e-01
5.786829590797424316e-01
2.642629444599151611e-01
-1.347524821758270264e-01
-5.561437606811523438e-01
-5.157798528671264648e-01
-4.142765700817108154e-01
-6.216129064559936523e-01
-1.103145480155944824e+00
-2.952953875064849854e-01
3.204571008682250977e+00
1.913327097892761230e+00
5.699878931045532227e-01
-8.121734261512756348e-01
3.905640542507171631e-01
-2.639776170253753662e-01
2.911420166492462158e-01
6.008492112159729004e-01
7.167377471923828125e-01
4.492305219173431396e-01
-1.201277375221252441e+00
-2.745110511779785156e+00
4.049873650074005127e-01
-1.173301935195922852e+00
-1.508597005158662796e-02
-5.416669845581054688e-01
-2.089915990829467773e+00
4.268291220068931580e-02
5.008320808410644531e-01
5.597473382949829102e-01
4.635563120245933533e-02
-2.361497581005096436e-01
-1.102136969566345215e+00
-3.281516790390014648e+00
-1.706677794456481934e+00
-1.735525608062744141e+00
-3.377713859081268311e-01
8.921619057655334473e-01
6.610265970230102539e-01
-3.168768584728240967e-01
-2.831211090087890625e+00
1.482541322708129883e+00
-2.182935953140258789e+00
9.688267707824707031e-01
6.833357810974121094e-01
-1.102773919701576233e-01
3.304355442523956299e-01
1.960644721984863281e+00
-4.781398549675941467e-02
-2.785131707787513733e-02
-6.467635631561279297e-01
-6.639726161956787109e-01
-1.773112773895263672e+00
4.832246527075767517e-02
-1.331984043121337891e+00
2.840702831745147705e-01
-7.153284549713134766e-01
-2.690886020660400391e+00
-9.379676580429077148e-01
-7.216840982437133789e-01
-3.804577887058258057e-01
9.201420471072196960e-04
1.070961579680442810e-01
3.357733599841594696e-03
-2.534318342804908752e-02
-2.374136447906494141e-01
-1.687081605195999146e-01
-1.157361641526222229e-01
-4.554959237575531006e-01
2.195799946784973145e-01
5.234586596488952637e-01
4.822858273983001709e-01
5.879673361778259277e-01
7.131948471069335938e-01
1.304212331771850586e+00
4.780757129192352295e-01
1.389977037906646729e-01
-3.457394242286682129e-01
-2.916943430900573730e-01
-3.302152827382087708e-02
-7.924825698137283325e-02
-3.367763459682464600e-01
3.812232017517089844e-01
-1.576520323753356934e+00
-1.210937738418579102e+00
-3.891968727111816406e-01
-1.022336259484291077e-01
5.886795520782470703e-01
-5.785198211669921875e-01
-8.614276647567749023e-01
-6.984249353408813477e-01
-1.238182544708251953e+00
-1.472557187080383301e-01
7.838914990425109863e-01
1.200185045599937439e-01
-4.395491778850555420e-01
-5.705080032348632812e-01
-9.551861882209777832e-01
-9.640557169914245605e-01
7.978071570396423340e-01
1.998077392578125000e+00
-1.091596961021423340e+00
2.597319185733795166e-01
7.414982318878173828e-01
-1.334691941738128662e-01
-1.318710148334503174e-01
-5.990851521492004395e-01
-4.689378738403320312e-01
-8.592474460601806641e-01
-1.408216238021850586e+00
-7.471768856048583984e-01
-1.062234163284301758e+00
-1.042655944824218750e+00
-1.013487100601196289e+00
-9.716910123825073242e-01
-9.561980962753295898e-01
-1.003017902374267578e+00
-1.088728547096252441e+00
-1.043519735336303711e+00
1.108615159988403320e+00
1.415100455284118652e+00
2.451055765151977539e+00
2.198705911636352539e+00
1.549026370048522949e+00
6.751347780227661133e-01
-1.898013055324554443e-01
-8.119603395462036133e-01
-1.013341069221496582e+00
-4.860729873180389404e-01
-9.235783815383911133e-01
-3.043897390365600586e+00
-2.369043111801147461e+00
8.972396850585937500e-01
-3.935818560421466827e-03
3.154517710208892822e-01
-2.592911422252655029e-01
6.949510574340820312e-01
1.391678571701049805e+00
1.152956008911132812e+00
1.471559286117553711e+00
1.468329668045043945e+00
1.354989528656005859e+00
-1.580889523029327393e-01
-3.470022678375244141e-01
8.220241069793701172e-01
9.537333846092224121e-01
-1.909831047058105469e+00
4.448036476969718933e-02
1.162442326545715332e+00
-2.813438773155212402e-01
5.772221088409423828e-01
-2.424402475357055664e+00
-1.362957060337066650e-01
9.359422922134399414e-01
4.207738861441612244e-02
-1.770049706101417542e-02
5.086931586265563965e-01
1.659126520156860352e+00
1.384589433670043945e+00
9.028747081756591797e-01
5.754954814910888672e-01
1.133124828338623047e+00
-1.762037754058837891e+00
-2.708690464496612549e-01
-6.283318400382995605e-01
1.714009940624237061e-01
-6.216183304786682129e-01
2.746001482009887695e-01
-5.314447879791259766e-01
4.135884642601013184e-01
-4.665427505970001221e-01
3.869591951370239258e-01
1.121426582336425781e+00
-3.606177270412445068e-01
1.061817765235900879e+00
1.555493008345365524e-02
-1.599551439285278320e+00
-1.097481608390808105e+00
-1.077700972557067871e+00
2.883950993418693542e-02
-1.250047206878662109e+00
-4.911579191684722900e-01
8.633490204811096191e-01
2.579251825809478760e-01
-6.938976049423217773e-01
2.199837863445281982e-01
2.172638893127441406e+00
-9.345512390136718750e-01
-8.668132424354553223e-01
-1.658922135829925537e-01
-9.898785501718521118e-02
-4.211193025112152100e-01
-4.600352942943572998e-01
-5.581486821174621582e-01
-7.110986709594726562e-01
-6.592702865600585938e-01
1.475356221199035645e-01
-5.829007029533386230e-01
-3.213054835796356201e-01
-2.455988898873329163e-02
3.418031036853790283e-01
1.898399889469146729e-01
-3.048799932003021240e-01
-2.528747618198394775e-01
-2.674303948879241943e-01
-3.391861617565155029e-01
-4.057382047176361084e-01
-3.692813813686370850e-01
-3.376137316226959229e-01
-3.852106034755706787e-01
-2.134629189968109131e-01
-5.603266358375549316e-01
-5.225610733032226562e-01
-3.166618049144744873e-01
6.173923239111900330e-02
6.239720582962036133e-01
6.556560993194580078e-01
6.936062574386596680e-01
-6.358578205108642578e-01
4.325992166996002197e-01
-5.269656181335449219e-01
5.838327407836914062e-01
2.548202574253082275e-01
2.543459653854370117e+00
1.426772713661193848e+00
1.310612201690673828e+00
1.184288620948791504e+00
8.637741208076477051e-01
4.980123341083526611e-01
1.488672792911529541e-01
-8.553240448236465454e-02
-8.424852043390274048e-02
8.515980094671249390e-02
2.690038979053497314e-01
3.974804580211639404e-01
9.727324247360229492e-01
-1.598456874489784241e-02
5.343279838562011719e-01
8.954886794090270996e-01
6.819342374801635742e-01
3.513620197772979736e-01
-2.139303386211395264e-01
-4.734942615032196045e-01
-4.771080985665321350e-02
1.606547117233276367e+00
2.574147462844848633e+00
2.411087274551391602e+00
-9.889128208160400391e-01
-4.326404631137847900e-01
-5.268467068672180176e-01
6.357910484075546265e-02
2.387508451938629150e-01
1.256867647171020508e+00
1.367358922958374023e+00
4.526450932025909424e-01
6.991207599639892578e-01
2.278422117233276367e+00
1.372945666313171387e+00
2.197283804416656494e-01
-1.212626218795776367e+00
-8.314855098724365234e-01
-2.988894879817962646e-01
3.712040781974792480e-01
1.382931828498840332e+00
1.781985282897949219e+00
1.935144901275634766e+00
2.040957689285278320e+00
-1.455968320369720459e-01
-5.326821804046630859e-01
1.476919174194335938e+00
-5.316743627190589905e-02
-2.901181951165199280e-02
6.994034163653850555e-03
7.204356044530868530e-02
-4.135601222515106201e-01
4.366836845874786377e-01
-8.233022689819335938e-01
-8.890006542205810547e-01
-8.161666393280029297e-01
-4.620876014232635498e-01
-9.259418249130249023e-01
-9.122314453125000000e-01
-5.665788650512695312e-01
-2.480809390544891357e-01
2.682524025440216064e-01
1.610428988933563232e-01
6.743713617324829102e-01
6.793156266212463379e-01
-1.240311741828918457e+00
-1.145940780639648438e+00
-1.309402704238891602e+00
1.451538443565368652e+00
1.104610785841941833e-01
-2.684451341629028320e+00
-7.570530772209167480e-01
4.794144153594970703e+00
4.019522190093994141e+00
-2.759723067283630371e-01
-1.271908879280090332e+00
-1.402755737304687500e+00
-1.854237318038940430e+00
-6.699032783508300781e-01
-3.273126780986785889e-01
2.675583586096763611e-02
1.049526214599609375e+00
-6.898201704025268555e-01
4.883466064929962158e-01
-5.632742643356323242e-01
3.103495836257934570e-01
-9.290442615747451782e-02
1.050678715109825134e-01
1.116869091987609863e+00
1.100305557250976562e+00
8.281927704811096191e-01
-2.053709268569946289e+00
-1.246992588043212891e+00
-1.042052745819091797e+00
-1.375963687896728516e+00
-1.866444587707519531e+00
-2.177786111831665039e+00
-9.816910028457641602e-01
1.493491828441619873e-01
-1.092658996582031250e+00
5.309392809867858887e-01
-8.935261964797973633e-01
4.102080166339874268e-01
-4.811573922634124756e-01
1.099264264106750488e+00
1.252477407455444336e+00
2.695306837558746338e-01
3.741218745708465576e-01
-2.505218982696533203e-01
-1.747171401977539062e+00
-1.615522623062133789e+00
-8.349654823541641235e-02
-6.276640892028808594e-01
-1.213913202285766602e+00
-1.320774257183074951e-01
3.204156756401062012e-01
-7.138351798057556152e-01
3.376501500606536865e-01
1.906076431274414062e+00
6.374047994613647461e-01
5.284931063652038574e-01
3.840328752994537354e-01
-1.230671182274818420e-01
1.510496377944946289e+00
2.611206054687500000e+00
2.399689912796020508e+00
2.814951181411743164e+00
2.858323574066162109e+00
2.903423309326171875e+00
2.011379480361938477e+00
4.280321896076202393e-01
-1.934709548950195312e-01
6.130738258361816406e-01
8.920386433601379395e-01
4.146349132061004639e-01
-2.895147502422332764e-01
6.844180822372436523e-01
2.257123291492462158e-01
-2.931311130523681641e-01
1.682406663894653320e+00
5.973688364028930664e-01
-1.023098945617675781e+00
-1.465259909629821777e+00
-8.517312407493591309e-01
5.651577115058898926e-01
-2.793087959289550781e-01
3.384171724319458008e-01
-7.936391830444335938e-01
1.161823987960815430e+00
9.444302320480346680e-01
6.102280616760253906e-01
1.596768796443939209e-01
-1.766068935394287109e+00
-9.513428211212158203e-01
-1.425071358680725098e+00
4.564861357212066650e-01
6.334513425827026367e-01
-1.283055067062377930e+00
-1.377932310104370117e+00
-3.038094758987426758e+00
-1.725131511688232422e+00
-5.907128453254699707e-01
-8.647089004516601562e-01
-9.679547548294067383e-01
-1.061928033828735352e+00
-1.305277347564697266e+00
-9.071977138519287109e-01
-1.814753055572509766e+00
-5.736858248710632324e-01
-1.289808154106140137e+00
-1.449136972427368164e+00
-9.341081976890563965e-01
-1.247619032859802246e+00
-1.098460435867309570e+00
4.506650269031524658e-01
2.015626907348632812e+00
1.717964172363281250e+00
1.941666841506958008e+00
2.460800409317016602e+00
2.869747877120971680e-01
-3.463973701000213623e-01
1.154891848564147949e+00
-1.247522607445716858e-01
8.177467435598373413e-02
2.672976553440093994e-01
1.390917062759399414e+00
-1.078498959541320801e+00
-1.057467460632324219e+00
-3.004985451698303223e-01
-7.213477976620197296e-03
-1.149533033370971680e+00
-3.150690495967864990e-01
-8.157953619956970215e-01
-1.961722373962402344e+00
8.678900599479675293e-01
-1.195888757705688477e+00
-8.720369935035705566e-01
-1.732890307903289795e-01
4.853785336017608643e-01
1.403735131025314331e-01
-5.005652904510498047e-01
6.099643930792808533e-02
-3.656403124332427979e-01
-1.238964796066284180e+00
-8.810703754425048828e-01
-5.934115648269653320e-01
-1.728428602218627930e+00
-7.655137181282043457e-01
1.071814537048339844e+00
-1.465563654899597168e+00
-1.991724967956542969e+00
6.247761845588684082e-01
-1.724105775356292725e-01
4.579593241214752197e-01
5.517613887786865234e-01
-3.031667768955230713e-01
-1.751241385936737061e-01
-3.842440620064735413e-02
-7.404876947402954102e-01
-1.177672520279884338e-01
2.114595025777816772e-01
1.217652082443237305e+00
-1.289847958832979202e-02
-5.273551940917968750e-01
-1.469436287879943848e+00
-1.476009130477905273e+00
-4.023454487323760986e-01
-9.179315716028213501e-02
-1.167403936386108398e+00
-5.871962308883666992e-01
-1.125173941254615784e-01
-1.871067762374877930e+00
-2.384561002254486084e-01
3.426153957843780518e-01
1.067515850067138672e+00
1.041230678558349609e+00
-6.448596715927124023e-01
-1.057056903839111328e+00
-1.082145929336547852e+00
-1.074469447135925293e+00
-1.099301695823669434e+00
-1.182554721832275391e+00
8.231916278600692749e-02
1.731739997863769531e+00
-6.933341622352600098e-01
-1.860733151435852051e+00
-1.914498925209045410e+00
-2.729530572891235352e+00
-2.688569307327270508e+00
-1.643581271171569824e+00
-8.037831783294677734e-01
-5.980201959609985352e-01
-1.077280282974243164e+00
-1.376265764236450195e+00
-1.307188391685485840e+00
-9.993664175271987915e-02
-7.289031147956848145e-01
-2.949518859386444092e-01
-1.122224807739257812e+00
-3.093863427639007568e-01
-8.350659608840942383e-01
-3.360078334808349609e-01
-6.106181144714355469e-01
-4.014627635478973389e-01
1.469170570373535156e+00
2.607658624649047852e+00
1.045701980590820312e+00
6.725660562515258789e-01
-9.834708571434020996e-01
-2.520685911178588867e+00
-3.060449123382568359e+00
-2.571794748306274414e+00
-1.509090781211853027e+00
-1.351363658905029297e+00
1.980189383029937744e-01
1.453688275068998337e-02
-1.478591680526733398e+00
-2.853976964950561523e+00
-1.037168145179748535e+00
-1.282601952552795410e+00
-2.377999544143676758e+00
-2.395877599716186523e+00
-2.619589090347290039e+00
-2.916703462600708008e+00
-3.018296480178833008e+00
-2.988996744155883789e+00
-2.773376703262329102e+00
-2.326439619064331055e+00
-2.211694002151489258e+00
-2.234843015670776367e+00
-2.090101718902587891e+00
-1.699834346771240234e+00
-1.519556999206542969e+00
-1.614511251449584961e+00
-7.431307435035705566e-01
-1.876241207122802734e+00
2.939799726009368896e-01
-2.046893835067749023e-01
-1.713783740997314453e-01
6.034336686134338379e-01
1.788928508758544922e+00
-1.530956625938415527e+00
1.899739742279052734e+00
1.728742599487304688e+00
1.741851687431335449e+00
1.162493586540222168e+00
2.236337900161743164e+00
2.290001153945922852e+00
8.876715898513793945e-01
1.868519306182861328e+00
1.503509521484375000e+00
1.845984339714050293e+00
2.653864145278930664e+00
1.977183461189270020e+00
1.208195567131042480e+00
4.330326616764068604e-01
-5.443301200866699219e-01
-1.702259480953216553e-01
-1.364250183105468750e+00
-2.428939104080200195e+00
-9.769729524850845337e-02
-9.719610959291458130e-02
9.477248191833496094e-01
3.942313417792320251e-02
-9.308855533599853516e-01
-5.414869785308837891e-01
-7.462839037179946899e-02
-2.446619272232055664e+00
1.132519721984863281e+00
-1.263257622718811035e+00
1.266312360763549805e+00
-2.272048890590667725e-01
-1.923005342483520508e+00
-1.403606772422790527e+00
-2.526236772537231445e+00
-6.638544201850891113e-01
-2.569711685180664062e+00
-1.212853312492370605e+00
-3.226681649684906006e-01
-2.581143081188201904e-01
1.270281672477722168e-01
2.357995137572288513e-02
-3.807947412133216858e-02
1.059973001480102539e+00
-5.830076336860656738e-01
5.061577558517456055e-01
8.969261050224304199e-01
1.158557757735252380e-01
-1.304526805877685547e+00
5.430016517639160156e-01
1.716448545455932617e+00
1.932427883148193359e+00
6.987724900245666504e-01
1.113016843795776367e+00
8.594922423362731934e-01
-2.180745303630828857e-01
1.775030851364135742e+00
1.668965101242065430e+00
2.101893424987792969e+00
2.016704559326171875e+00
4.048455059528350830e-01
1.677630245685577393e-01
1.541663289070129395e+00
1.225581288337707520e+00
-4.990846812725067139e-01
-8.832604289054870605e-01
-9.230385422706604004e-01
-7.234363555908203125e-01
-8.366923332214355469e-01
-1.784120798110961914e+00
-4.350538551807403564e-01
-1.524256467819213867e+00
7.722141742706298828e-01
4.151935875415802002e-01
1.276108324527740479e-01
4.124288856983184814e-01
-8.523720502853393555e-01
-5.836175680160522461e-01
-7.345228791236877441e-01
-3.952281177043914795e-01
-8.184885978698730469e-01
-1.049348354339599609e+00
-6.843506097793579102e-01
-8.233128786087036133e-01
-1.436600804328918457e+00
-6.222201585769653320e-01
-4.005705416202545166e-01
6.243874430656433105e-01
1.420224189758300781e+00
1.127898931503295898e+00
-7.483056187629699707e-01
-1.076667308807373047e+00
-2.005455255508422852e+00
-2.524264574050903320e+00
-3.364358842372894287e-01
1.920099496841430664e+00
2.416333436965942383e+00
1.246253490447998047e+00
6.683022975921630859e-01
4.468436539173126221e-01
1.300191879272460938e+00
1.708000004291534424e-01
-1.463985443115234375e-01
-1.424346268177032471e-01
5.281271934509277344e-01
-3.186639845371246338e-01
1.464602470397949219e+00
-3.653928935527801514e-01
8.436258435249328613e-01
1.728929996490478516e+00
1.251348018646240234e+00
1.608153805136680603e-02
-1.499243080615997314e-01
3.725009560585021973e-01
-1.012967586517333984e+00
-9.439019560813903809e-01
-6.496244668960571289e-01
-4.116089046001434326e-01
9.510655403137207031e-01
-6.244534254074096680e-01
-6.468227505683898926e-01
-8.875656127929687500e-01
-7.802259325981140137e-01
-5.757079124450683594e-01
4.307907819747924805e-01
-3.797492086887359619e-01
5.314759612083435059e-01
-1.523478865623474121e+00
-1.004784107208251953e+00
-1.383749008178710938e+00
-2.291943788528442383e+00
-4.156747758388519287e-01
-8.843745589256286621e-01
-1.710533797740936279e-01
2.380472719669342041e-01
-4.762797653675079346e-01
-7.746476531028747559e-01
1.441420078277587891e+00
2.372655153274536133e+00
2.563993453979492188e+00
2.387917757034301758e+00
2.266818761825561523e+00
1.069471597671508789e+00
6.195499897003173828e-01
8.803900480270385742e-01
8.108716011047363281e-01
5.805296301841735840e-01
3.056679069995880127e-01
1.196758970618247986e-01
-8.454835414886474609e-01
-8.107216358184814453e-01
-1.175018906593322754e+00
1.187519073486328125e+00
-6.360186338424682617e-01
-1.107248440384864807e-01
-6.348181366920471191e-01
-1.538161277770996094e+00
-2.148509502410888672e+00
-1.597537398338317871e+00
-2.937404632568359375e+00
-1.663657188415527344e+00
-1.217607378959655762e+00
-2.680133342742919922e+00
5.627179145812988281e-01
1.677315533161163330e-01
-1.036110162734985352e+00
-1.907577633857727051e+00
-1.941012263298034668e+00
-1.913772940635681152e+00
-2.661993741989135742e+00
5.795257687568664551e-01
-5.470833778381347656e-01
-3.446489572525024414e+00
-2.626610994338989258e+00
-1.579822063446044922e+00
3.392368853092193604e-01
-2.599434554576873779e-01
-1.129166483879089355e+00
4.705933630466461182e-01
5.006395578384399414e-01
-5.670242309570312500e-01
5.868131518363952637e-01
2.255110025405883789e+00
1.358920335769653320e+00
-9.100851416587829590e-01
-1.347353458404541016e+00
-2.222270071506500244e-01
-9.797070175409317017e-02
1.866118669509887695e+00
2.553936719894409180e+00
1.471044778823852539e+00
3.215034246444702148e+00
1.376477837562561035e+00
2.494781017303466797e+00
2.297841787338256836e+00
-4.592974185943603516e-01
-2.064091861248016357e-01
3.318467438220977783e-01
-8.832664042711257935e-02
-7.483716607093811035e-01
-2.169111728668212891e+00
-1.156897783279418945e+00
-6.466425061225891113e-01
4.713583588600158691e-01
1.163981676101684570e+00
8.448632359504699707e-01
7.669358849525451660e-01
9.363860487937927246e-01
1.079124569892883301e+00
1.088752508163452148e+00
-1.718235909938812256e-01
-1.155083894729614258e+00
1.369156967848539352e-02
1.168185472488403320e+00
4.629529416561126709e-01
-1.490592002868652344e+00
7.396693229675292969e-01
9.711285680532455444e-02
7.781772613525390625e-01
-9.146989136934280396e-02
8.120287060737609863e-01
1.507492363452911377e-01
7.961519956588745117e-01
-1.045580863952636719e+00
-6.180647611618041992e-01
1.076790332794189453e+00
3.633668646216392517e-02
-2.629936039447784424e-01
-5.362629890441894531e-01
-1.483359336853027344e+00
7.727335691452026367e-01
6.311144679784774780e-02
-7.728651762008666992e-01
-7.372926473617553711e-01
-1.065500497817993164e+00
-9.320811182260513306e-02
2.410034835338592529e-01
-3.945107758045196533e-01
-2.635303437709808350e-01
1.022494062781333923e-01
-4.239198938012123108e-02
1.267039477825164795e-01
2.496910393238067627e-01
-6.609171628952026367e-01
-7.144552469253540039e-01
-8.481911420822143555e-01
-9.692550897598266602e-01
-8.076240420341491699e-01
-7.123570442199707031e-01
-5.992100834846496582e-01
-5.208243727684020996e-01
-5.111058950424194336e-01
-5.381296277046203613e-01
-5.739525556564331055e-01
-5.476540327072143555e-01
-5.417022109031677246e-01
-8.013119697570800781e-01
-9.651872515678405762e-01
-8.360290527343750000e-01
-7.706993818283081055e-01
-7.574462890625000000e-01
-7.787618041038513184e-01
-8.111633062362670898e-01
-7.362525463104248047e-01
-6.660921573638916016e-01
-1.043490409851074219e+00
-6.068738698959350586e-01
-4.178108870983123779e-01
-4.507196843624114990e-01
-5.897192955017089844e-01
-7.499219179153442383e-01
-8.680865764617919922e-01
-1.009256243705749512e+00
-1.568224132061004639e-01
-8.729285001754760742e-01
-1.162972331047058105e+00
6.203839182853698730e-01
-2.202917039394378662e-01
-6.776235252618789673e-02
7.377016544342041016e-01
2.986802160739898682e-01
-6.674880981445312500e-01
-9.400360584259033203e-01
-4.957154691219329834e-01
-1.117652773857116699e+00
-8.689883947372436523e-01
-2.443656697869300842e-02
-8.335433006286621094e-01
-8.199276924133300781e-01
1.715510189533233643e-01
-2.467282712459564209e-01
-2.151059806346893311e-01
-6.111738085746765137e-01
4.702145159244537354e-01
-5.016092061996459961e-01
3.751993477344512939e-01
3.455889523029327393e-01
4.023181498050689697e-01
1.582726240158081055e+00
1.030820369720458984e+00
2.910071909427642822e-01
3.703341782093048096e-01
-1.525049507617950439e-01
-8.958631157875061035e-01
-9.019159078598022461e-01
-2.722468674182891846e-01
1.788716018199920654e-01
-3.266007602214813232e-01
-1.043435811996459961e+00
-4.414679706096649170e-01
1.095171198248863220e-01
-1.060782432556152344e+00
-1.444504737854003906e+00
-7.606829404830932617e-01
-7.750222831964492798e-02
1.233501195907592773e+00
1.765087246894836426e+00
4.786675274372100830e-01
-6.465021371841430664e-01
-8.225536942481994629e-01
-6.610317230224609375e-01
-8.132407814264297485e-02
-5.548886656761169434e-01
-1.187014356255531311e-01
9.518291950225830078e-01
6.315698623657226562e-01
2.697761356830596924e-01
-1.020098090171813965e+00
5.133719444274902344e-01
-1.301598787307739258e+00
1.791527569293975830e-01
4.481491073966026306e-02
6.355144828557968140e-02
-4.634257256984710693e-01
3.554601967334747314e-01
8.225760459899902344e-01
2.436239957809448242e+00
1.091249942779541016e+00
1.799296855926513672e+00
1.977425813674926758e+00
1.544802308082580566e+00
1.483917951583862305e+00
1.892623305320739746e+00
-2.088086605072021484e-01
2.593322098255157471e-01
-2.731430828571319580e-01
-2.129204571247100830e-01
1.258091032505035400e-01
-5.486077070236206055e-01
-7.391355633735656738e-01
1.176929697394371033e-01
-2.009687125682830811e-01
-4.530859291553497314e-01
-5.016231536865234375e-01
-3.656949698925018311e-01
2.050986513495445251e-02
-4.943030774593353271e-01
1.586393415927886963e-01
7.295579314231872559e-01
-4.642547070980072021e-01
-4.770349562168121338e-01
-6.107647418975830078e-01
2.957179844379425049e-01
4.143102467060089111e-01
-1.605266928672790527e+00
-4.004484713077545166e-01
9.996911287307739258e-01
-2.585065066814422607e-01
4.477846324443817139e-01
1.178939342498779297e+00
-1.269784212112426758e+00
9.959279298782348633e-01
4.137431085109710693e-01
-3.439650312066078186e-02
1.870984137058258057e-01
-2.013217210769653320e+00
-1.979207396507263184e+00
-2.293528795242309570e+00
-2.180311918258666992e+00
-5.414378643035888672e-01
3.659617602825164795e-01
-4.123860895633697510e-01
-6.083369255065917969e-01
6.376670002937316895e-01
2.359577178955078125e+00
1.094891309738159180e+00
-1.861788630485534668e+00
-2.175419330596923828e+00
-1.597442150115966797e+00
-2.582374095916748047e+00
-6.065981388092041016e-01
7.322810292243957520e-01
-6.739121675491333008e-01
2.022296905517578125e+00
-1.693926215171813965e+00
-1.952734947204589844e+00
-9.217841625213623047e-01
4.279610216617584229e-01
5.129024982452392578e-01
1.188773438334465027e-01
-3.026542440056800842e-02
-8.213440775871276855e-01
-1.315553426742553711e+00
-2.892513990402221680e+00
-4.101130962371826172e-01
9.823728799819946289e-01
-7.850855588912963867e-01
6.697387695312500000e-01
-1.791633367538452148e+00
-1.234468698501586914e+00
-2.182093381881713867e+00
-3.335815370082855225e-01
9.730753302574157715e-01
-8.924008607864379883e-01
-1.444273710250854492e+00
-1.423615217208862305e+00
-1.398915648460388184e+00
-8.187803626060485840e-01
4.952558577060699463e-01
-1.632879376411437988e-01
-3.329700529575347900e-01
-1.818253099918365479e-01
-3.466652333736419678e-01
-9.973739385604858398e-01
-6.801319718360900879e-01
-4.579489529132843018e-01
-1.198621764779090881e-01
-1.145645156502723694e-01
-2.721258103847503662e-01
-3.842085897922515869e-01
-5.491521358489990234e-01
-2.066150665283203125e+00
-2.016412734985351562e+00
-1.795338034629821777e+00
-1.152013301849365234e+00
-1.263780355453491211e+00
-8.741614818572998047e-01
-4.660057127475738525e-01
-3.867094218730926514e-01
-3.227268755435943604e-01
-3.713869750499725342e-01
-9.544399976730346680e-01
4.343118965625762939e-01
6.853468418121337891e-01
1.195093393325805664e+00
8.177804946899414062e-01
4.940762221813201904e-01
4.369299113750457764e-01
7.984446883201599121e-01
1.021244645118713379e+00
1.072357416152954102e+00
1.293267488479614258e+00
3.604331731796264648e+00
3.808093309402465820e+00
-5.969009175896644592e-02
-1.699757814407348633e+00
-1.258329629898071289e+00
-1.290230989456176758e+00
1.759701728820800781e+00
3.050370454788208008e+00
2.224568367004394531e+00
1.139666557312011719e+00
-8.650717735290527344e-01
-1.422981023788452148e+00
-1.392667293548583984e+00
-1.389118432998657227e+00
-1.311653375625610352e+00
-1.106847524642944336e+00
4.188790798187255859e+00
1.192481517791748047e+00
-8.200117349624633789e-01
-1.041107416152954102e+00
-1.255759716033935547e+00
-1.497514009475708008e+00
-1.573279738426208496e+00
-1.447948575019836426e+00
2.768723726272583008e+00
3.431660413742065430e+00
3.181188583374023438e+00
1.438764810562133789e+00
1.112233757972717285e+00
1.393308043479919434e-01
1.305348634719848633e+00
2.006173610687255859e+00
2.003622055053710938e-01
6.701693534851074219e-01
4.453190863132476807e-01
4.392438828945159912e-01
4.564419686794281006e-01
3.919932544231414795e-01
3.181229531764984131e-01
3.028195202350616455e-01
-1.954362690448760986e-01
-1.440447270870208740e-01
-4.441691339015960693e-01
3.420250713825225830e-01
4.976914227008819580e-01
-3.949602544307708740e-01
3.236537873744964600e-01
7.487258911132812500e-01
5.495704412460327148e-01
4.250771701335906982e-01
1.558423936367034912e-01
-1.354153454303741455e-01
-1.258834838867187500e+00
-9.392356276512145996e-01
1.105935096740722656e+00
1.244142174720764160e+00
6.782945990562438965e-01
-7.960603386163711548e-02
2.819993719458580017e-02
4.604056775569915771e-01
5.558581352233886719e-01
2.095858156681060791e-01
-5.339578166604042053e-02
-1.259112954139709473e-01
9.314134716987609863e-01
1.220750093460083008e+00
6.586158871650695801e-01
4.338545203208923340e-01
4.918421618640422821e-03
-2.119314670562744141e-01
-1.929872632026672363e-01
2.603058815002441406e-01
6.926231384277343750e-01
9.517590999603271484e-01
7.352992296218872070e-01
5.543944835662841797e-01
9.026098251342773438e-01
8.123378753662109375e-01
8.185402154922485352e-01
6.896960735321044922e-01
8.589459657669067383e-01
7.663509845733642578e-01
7.069243192672729492e-01
3.206533491611480713e-01
9.988358020782470703e-01
9.822580814361572266e-01
3.896836340427398682e-01
5.902960896492004395e-01
5.528703331947326660e-01
-5.329667329788208008e-01
-6.742248535156250000e-01
1.054196581244468689e-01
-6.317754834890365601e-02
5.129877328872680664e-01
1.294572591781616211e+00
6.602925062179565430e-01
5.692285895347595215e-01
5.895655155181884766e-01
5.917151570320129395e-01
2.725442647933959961e-01
8.913747221231460571e-02
2.197934314608573914e-02
2.175852209329605103e-01
1.281401157379150391e+00
1.822622120380401611e-01
-5.489062070846557617e-01
-9.668361544609069824e-01
-7.563533782958984375e-01
-3.324807584285736084e-01
1.179004430770874023e+00
9.752888083457946777e-01
-1.024798154830932617e+00
-1.911001205444335938e+00
-1.298971772193908691e+00
-8.730320930480957031e-01
-1.048737525939941406e+00
-8.079008460044860840e-01
-2.733699977397918701e-01
6.365369558334350586e-01
1.174451634287834167e-01
9.360606670379638672e-01
1.013393759727478027e+00
-1.012933969497680664e+00
8.764514327049255371e-01
-7.562317848205566406e-01
-2.141397714614868164e+00
-2.832455873489379883e+00
-1.166834950447082520e+00
-1.003412604331970215e+00
-4.205845296382904053e-01
-2.673295259475708008e+00
-2.084264457225799561e-01
9.111496210098266602e-01
6.780778765678405762e-01
2.612585127353668213e-01
-7.344584912061691284e-02
-3.927812278270721436e-01
-4.008255302906036377e-01
-4.263170361518859863e-01
1.399699807167053223e+00
-3.114256560802459717e-01
-2.536557435989379883e+00
-7.201216220855712891e-01
-8.489482998847961426e-01
-3.535333871841430664e-01
7.061728239059448242e-01
3.234477758407592773e+00
1.105522155761718750e+00
-1.236864089965820312e+00
8.063014149665832520e-01
1.476367473602294922e+00
7.894888520240783691e-01
1.556634008884429932e-01
-1.563108861446380615e-01
-2.499786317348480225e-01
-3.406764864921569824e-01
-3.089036047458648682e-01
-3.297783434391021729e-01
-3.478930890560150146e-01
-3.163814842700958252e-01
3.125789389014244080e-02
-2.366662323474884033e-01
-2.325331270694732666e-01
-3.946474492549896240e-01
-4.925597608089447021e-01
-4.321652650833129883e-01
-4.597888290882110596e-01
2.276947796344757080e-01
8.462116718292236328e-01
8.462859988212585449e-01
6.368353962898254395e-01
-3.076444566249847412e-01
4.305685870349407196e-03
-1.787582874298095703e+00
-3.889792859554290771e-01
-1.681658983230590820e+00
-3.696887016296386719e+00
-6.206321120262145996e-01
-5.900645256042480469e-01
-9.638342857360839844e-01
-1.664518833160400391e+00
2.168326675891876221e-01
9.836556762456893921e-02
2.780564725399017334e-01
1.333398103713989258e+00
8.453212380409240723e-01
-5.197173953056335449e-01
-9.993834495544433594e-01
-1.125868082046508789e+00
-8.624357581138610840e-01
-3.701860606670379639e-01
5.854352712631225586e-01
3.767850697040557861e-01
3.899836778640747070e+00
7.623279094696044922e-01
7.801374793052673340e-01
5.230233669281005859e-01
3.897252306342124939e-02
2.451631054282188416e-02
-1.644898355007171631e-01
5.599038004875183105e-01
-6.162800192832946777e-01
-3.214698433876037598e-01
-5.712763071060180664e-01
-9.264085441827774048e-02
5.630626901984214783e-02
-4.681926667690277100e-01
-1.118071675300598145e+00
-1.050660133361816406e+00
-1.880947351455688477e+00
-2.162531137466430664e+00
-1.675278306007385254e+00
2.643745765089988708e-02
-2.783936858177185059e-01
-6.393741369247436523e-01
-6.805131435394287109e-01
-9.420659542083740234e-01
-4.369811713695526123e-01
-4.400732219219207764e-01
-4.840157330036163330e-01
-7.274525165557861328e-01
-7.772784233093261719e-01
-7.486063838005065918e-01
-3.784540593624114990e-01
3.924647271633148193e-01
-6.562773138284683228e-02
-7.458750605583190918e-01
-8.925264477729797363e-01
3.126408457756042480e-01
6.774467825889587402e-01
-8.648352622985839844e-01
-2.393282353878021240e-01
8.176766633987426758e-01
-1.245998501777648926e+00
-7.599133253097534180e-01
-9.515245556831359863e-01
-1.212619066238403320e+00
-8.589026927947998047e-01
-6.470299363136291504e-01
-6.211098432540893555e-01
-6.341367363929748535e-01
1.292714010924100876e-02
5.551924929022789001e-02
3.571493923664093018e-01
6.510756015777587891e-01
5.020254850387573242e-01
3.824334442615509033e-01
1.720521748065948486e-01
5.478407256305217743e-03
-6.400359869003295898e-01
-5.934171080589294434e-01
9.903131723403930664e-01
2.193066596984863281e+00
2.759360551834106445e+00
7.820817232131958008e-01
1.332365870475769043e+00
1.268536448478698730e+00
2.233523607254028320e+00
1.556904435157775879e+00
-6.526185274124145508e-01
-4.502065479755401611e-01
4.322988688945770264e-01
1.006608232855796814e-01
-5.945708155632019043e-01
-1.152538776397705078e+00
-1.848757147789001465e+00
-2.246349573135375977e+00
-2.537557125091552734e+00
-3.625686407089233398e+00
-3.542070388793945312e+00
-3.469716072082519531e+00
-2.236830472946166992e+00
-2.150974512100219727e+00
-2.778432607650756836e+00
-2.166615247726440430e+00
-6.876098513603210449e-01
6.481387615203857422e-01
7.408689260482788086e-01
-4.943606629967689514e-02
-1.356588363647460938e+00
-3.532040417194366455e-01
-5.377421975135803223e-01
1.691003322601318359e+00
2.398975849151611328e+00
1.985116958618164062e+00
6.616710424423217773e-01
1.075387239456176758e+00
1.725517272949218750e+00
1.293043971061706543e+00
9.266998171806335449e-01
4.342487081885337830e-02
1.092566475272178650e-01
7.813690900802612305e-01
-1.655949652194976807e-01
-5.259332060813903809e-01
-3.951224386692047119e-01
1.844838023185729980e+00
1.717161178588867188e+00
3.482306897640228271e-01
6.515741348266601562e-01
9.651692956686019897e-02
7.713131904602050781e-01
4.501174986362457275e-01
5.829998254776000977e-01
-4.288676083087921143e-01
-1.767937660217285156e+00
-1.908865690231323242e+00
-3.065661668777465820e+00
-3.498331308364868164e+00
-2.339133024215698242e+00
-3.233929872512817383e+00
-9.633413553237915039e-01
1.095804214477539062e+00
1.211583733558654785e+00
1.739870071411132812e+00
2.013996601104736328e+00
1.845489025115966797e+00
1.144017457962036133e+00
-2.235285043716430664e+00
2.263453304767608643e-01
-6.369088888168334961e-01
-1.187888860702514648e+00
6.548296809196472168e-01
1.510205984115600586e+00
3.419103026390075684e-01
7.705838084220886230e-01
1.225986704230308533e-01
-1.637851297855377197e-01
-9.296611696481704712e-02
-1.027404189109802246e+00
-7.042323350906372070e-01
-1.513395667076110840e+00
3.271824419498443604e-01
6.889424324035644531e-01
-3.625899925827980042e-02
3.421557247638702393e-01
3.185660839080810547e-01
4.800799190998077393e-01
-1.210343614220619202e-01
-3.538659587502479553e-02
-3.254782855510711670e-01
-4.288481175899505615e-01
-4.791396856307983398e-01
-5.256319046020507812e-01
7.364251464605331421e-02
-8.921701908111572266e-01
-6.223353147506713867e-01
-9.188932180404663086e-01
-8.810346126556396484e-01
-9.853210449218750000e-01
-1.692340612411499023e+00
-1.580541431903839111e-01
-8.056057095527648926e-01
-5.934023261070251465e-01
-1.061221957206726074e+00
-6.023119688034057617e-01
-6.640895009040832520e-01
3.477653488516807556e-02
-6.072299480438232422e-01
-3.275562524795532227e-01
-6.207669973373413086e-01
-6.293853521347045898e-01
-7.258673906326293945e-01
-1.187089681625366211e+00
-9.970272779464721680e-01
-9.065634608268737793e-01
-8.351070880889892578e-01
-7.838283777236938477e-01
-7.796723842620849609e-01
-9.730823040008544922e-01
-5.214378833770751953e-01
1.686805129051208496e+00
1.581996381282806396e-01
-1.787262082099914551e+00
-5.315501689910888672e-01
-1.793848574161529541e-01
-1.072190046310424805e+00
-3.808594644069671631e-01
1.396844148635864258e+00
8.845068216323852539e-01
6.259562820196151733e-02
-8.510867357254028320e-01
2.670517191290855408e-02
4.055306017398834229e-01
9.218347668647766113e-01
-4.668582081794738770e-01
-5.703765153884887695e-01
1.619796633720397949e+00
-5.272743701934814453e-01
-1.060560464859008789e+00
-1.743208289146423340e+00
-2.940348163247108459e-02
-6.442407369613647461e-01
1.759240269660949707e+00
3.517591059207916260e-01
1.855569362640380859e+00
-1.930673718452453613e-01
-1.458954811096191406e+00
-1.923959374427795410e+00
-9.672734886407852173e-02
1.015136003494262695e+00
2.945640385150909424e-01
-2.353035211563110352e+00
-2.144261598587036133e+00
-4.310896396636962891e-01
-1.801775813102722168e+00
-2.660327672958374023e+00
-1.667019963264465332e+00
1.760478258132934570e+00
1.448677778244018555e+00
-3.429475724697113037e-01
1.279994726181030273e+00
8.359894752502441406e-01
-4.311496317386627197e-01
-2.609603106975555420e-01
-1.146604776382446289e+00
-7.169210910797119141e-01
9.720799326896667480e-01
1.277987480163574219e+00
7.425808906555175781e-01
2.711246311664581299e-01
-2.023217380046844482e-01
-1.912207305431365967e-01
-8.104262501001358032e-02
3.601698577404022217e-01
1.446055471897125244e-01
6.248315572738647461e-01
-4.431069195270538330e-01
-1.894333958625793457e+00
-1.070263743400573730e+00
2.587217390537261963e-01
-5.983585119247436523e-01
-6.849532723426818848e-01
-8.217082172632217407e-02
-9.340755939483642578e-01
-6.430333852767944336e-01
-7.137670516967773438e-01
-7.925704717636108398e-01
-8.208948373794555664e-01
-8.070078492164611816e-01
-7.578622102737426758e-01
-7.270976901054382324e-01
-1.198260545730590820e+00
-6.572124958038330078e-01
-6.239864230155944824e-01
-1.279016494750976562e+00
-3.498010337352752686e-01
1.681151986122131348e-01
6.502246856689453125e-01
7.796510457992553711e-01
8.023345470428466797e-01
8.273212909698486328e-01
8.481970429420471191e-01
9.037691354751586914e-01
9.681147336959838867e-01
-1.001504182815551758e+00
-7.839800715446472168e-01
-1.968319654464721680e+00
-1.900512933731079102e+00
-8.687050938606262207e-01
-2.279703378677368164e+00
-4.762372747063636780e-02
6.333615779876708984e-01
-1.539782285690307617e+00
9.366478770971298218e-02
1.370660662651062012e+00
3.200186729431152344e+00
1.946788311004638672e+00
-6.402692943811416626e-02
4.478180706501007080e-01
7.065120935440063477e-01
2.498946189880371094e+00
1.133728027343750000e+00
2.231376469135284424e-01
9.289386868476867676e-01
6.258156299591064453e-01
9.568316936492919922e-01
-5.840909481048583984e-01
-1.140760064125061035e+00
6.582779884338378906e-01
-1.433538913726806641e+00
-1.189634561538696289e+00
-5.258656740188598633e-01
1.678085088729858398e+00
5.735169649124145508e-01
4.492291510105133057e-01
-1.395859718322753906e+00
-8.968672752380371094e-01
-7.210654020309448242e-01
-8.188185095787048340e-01
-1.542743206024169922e+00
-1.938183784484863281e+00
-2.015374422073364258e+00
2.197535187005996704e-01
-2.702241420745849609e+00
1.403539657592773438e+00
-3.894147574901580811e-01
-6.642664074897766113e-01
1.084910750389099121e+00
1.813700914382934570e+00
-2.803311645984649658e-01
-1.228822112083435059e+00
7.937049865722656250e-01
-4.971965253353118896e-01
-9.623974561691284180e-01
-6.084105372428894043e-01
-4.042505919933319092e-01
-7.473844885826110840e-01
-6.974400281906127930e-01
-6.636793613433837891e-01
-7.786961793899536133e-01
-7.868160605430603027e-01
5.365282297134399414e-01
4.042604193091392517e-02
2.814083397388458252e-01
1.565470397472381592e-01
-6.898752450942993164e-01
2.400496304035186768e-01
3.481469452381134033e-01
1.833684206008911133e+00
1.021305084228515625e+00
-2.676244080066680908e-01
-1.369518399238586426e+00
-8.206783533096313477e-01
1.549786448478698730e+00
3.382098197937011719e+00
1.606483757495880127e-01
3.493573367595672607e-01
-1.759926557540893555e+00
-4.794211685657501221e-01
-5.120404958724975586e-01
6.740736216306686401e-02
-1.431105017662048340e+00
-1.475384473800659180e+00
-1.331108570098876953e+00
-9.282337427139282227e-01
-2.054880619049072266e+00
-9.586432576179504395e-01
-1.179931163787841797e+00
-1.190153002738952637e+00
-1.409748494625091553e-01
-2.561801671981811523e-01
-1.001775741577148438e+00
-7.115040421485900879e-01
-6.463852524757385254e-01
-9.633210897445678711e-01
-8.354016542434692383e-01
-1.176902651786804199e+00
-1.250295639038085938e+00
2.176686823368072510e-01
9.456381797790527344e-01
5.961287021636962891e-01
3.060310482978820801e-01
1.242853164672851562e+00
-2.281715571880340576e-01
2.402321398258209229e-01
7.623234987258911133e-01
-1.299506902694702148e+00
-2.257896900177001953e+00
-1.297582149505615234e+00
-1.291055798530578613e+00
-2.562011480331420898e+00
-4.339100837707519531e+00
-1.523344397544860840e+00
1.325566768646240234e-01
-1.942715346813201904e-01
5.359013080596923828e-01
1.547122955322265625e+00
1.247569918632507324e+00
2.261210978031158447e-01
-7.696403861045837402e-01
7.185199856758117676e-01
-7.787581682205200195e-01
2.949983775615692139e-01
5.892094373703002930e-01
5.308725833892822266e-01
-3.664991557598114014e-01
-1.799801111221313477e+00
-1.337764132767915726e-02
4.817021787166595459e-01
1.287274718284606934e+00
1.512164592742919922e+00
-1.033364176750183105e+00
-3.025524914264678955e-01
5.563220009207725525e-02
1.378152847290039062e+00
8.479335308074951172e-01
-9.923257827758789062e-01
-1.489297270774841309e+00
-9.725517034530639648e-01
-9.069204330444335938e-01
-8.344367146492004395e-01
-8.975052833557128906e-01
-1.049450635910034180e+00
-6.975855827331542969e-01
-2.532801330089569092e-01
-8.795174360275268555e-01
-3.178511559963226318e-01
1.615706920623779297e+00
-8.593346476554870605e-01
-9.809905290603637695e-01
-9.921011924743652344e-01
-1.237692356109619141e+00
-1.397527813911437988e+00
-5.959508419036865234e-01
-1.659830510616302490e-01
9.389315247535705566e-01
-1.053381443023681641e+00
-7.775198221206665039e-01
-1.078070163726806641e+00
7.089289426803588867e-01
-1.265048742294311523e+00
9.590324014425277710e-02
1.544379472732543945e+00
7.599811553955078125e-01
3.529181703925132751e-02
1.561609148979187012e+00
1.038993477821350098e+00
3.439625725150108337e-02
-7.909898757934570312e-01
-5.260424613952636719e-01
1.224031578749418259e-02
-2.505154609680175781e-01
-5.739822387695312500e-01
-1.085996985435485840e+00
-5.621261596679687500e-01
-5.277917385101318359e-01
-4.709548056125640869e-01
-8.305794000625610352e-01
8.854218721389770508e-01
9.012022614479064941e-01
1.407433032989501953e+00
9.542799592018127441e-01
9.897944331169128418e-01
1.051309823989868164e+00
-2.538923919200897217e-01
-1.430429458618164062e+00
-1.699663043022155762e+00
-2.328241109848022461e+00
-1.175321713089942932e-01
-1.696706295013427734e+00
-2.183738470077514648e+00
-1.865714073181152344e+00
-1.640679240226745605e+00
-1.135715246200561523e+00
-4.641011953353881836e-01
-1.567156910896301270e-01
-1.462527811527252197e-01
2.235369682312011719e-01
4.600750505924224854e-01
6.731495261192321777e-01
1.027746081352233887e+00
7.070507407188415527e-01
3.410324156284332275e-01
1.892430663108825684e+00
3.007031202316284180e+00
-7.613872289657592773e-01
-9.904925823211669922e-01
-1.045957580208778381e-01
-1.020502820611000061e-01
3.350332975387573242e-01
-1.456916332244873047e+00
-1.014428377151489258e+00
-5.656194686889648438e-01
-2.352235913276672363e-01
-1.273733973503112793e+00
-1.182806372642517090e+00
-9.007282257080078125e-01
-1.034564450383186340e-01
-5.955040454864501953e-01
6.877817958593368530e-02
1.781030297279357910e+00
1.449357509613037109e+00
6.803737282752990723e-01
-1.470830142498016357e-01
-8.204412460327148438e-01
-1.419704914093017578e+00
-1.650639891624450684e+00
-4.878252446651458740e-01
6.504927277565002441e-01
-5.141194462776184082e-01
-7.991842627525329590e-01
-3.904994428157806396e-01
-3.543287217617034912e-01
-9.288825988769531250e-01
-4.155302941799163818e-01
-7.359555363655090332e-01
-6.941795349121093750e-01
7.894932031631469727e-01
-3.407618701457977295e-01
-2.672844827175140381e-01
-6.430969238281250000e-01
7.129796594381332397e-02
1.126379251480102539e+00
-1.714640974998474121e+00
1.416493177413940430e+00
1.413151741027832031e+00
1.499773025512695312e+00
1.579260706901550293e+00
-4.057084023952484131e-01
-7.326611280441284180e-01
-1.899004936218261719e+00
-7.126045227050781250e-01
9.271488785743713379e-01
-4.646134674549102783e-01
-5.815101265907287598e-01
-9.695751667022705078e-01
-8.192740678787231445e-01
-1.247309923171997070e+00
-4.933715760707855225e-01
-1.203980803489685059e+00
-7.311167716979980469e-01
-5.526014566421508789e-01
3.847204744815826416e-01
-3.986725509166717529e-01
1.939408659934997559e+00
-1.449747979640960693e-01
1.605955660343170166e-01
-4.832457602024078369e-01
-6.885653138160705566e-01
-2.566710487008094788e-02
-9.014562517404556274e-02
-4.160885214805603027e-01
4.434299468994140625e-01
3.510076701641082764e-01
5.441643595695495605e-01
1.082275629043579102e+00
5.378346443176269531e-01
7.128983736038208008e-01
8.223634362220764160e-01
1.385984420776367188e+00
4.616443216800689697e-01
6.401085853576660156e-01
1.020981311798095703e+00
2.484743893146514893e-01
-1.001131772994995117e+00
-3.428395390510559082e-01
-6.876319646835327148e-01
-4.873055592179298401e-02
-1.664231300354003906e+00
1.231691002845764160e+00
1.252104759216308594e+00
8.713572621345520020e-01
5.745890140533447266e-01
-3.461183011531829834e-01
-2.164641141891479492e+00
-1.992497920989990234e+00
-1.172342777252197266e+00
-8.316495418548583984e-01
-2.320995569229125977e+00
5.523245334625244141e-01
5.280572772026062012e-01
-3.078232705593109131e-01
7.186549305915832520e-01
6.734603643417358398e-01
7.703394889831542969e-01
-1.005433201789855957e+00
-7.603198289871215820e-01
-1.392583727836608887e+00
-2.181357622146606445e+00
-1.163523674011230469e+00
-4.231326282024383545e-01
1.944350302219390869e-01
-8.794484734535217285e-01
-4.698154330253601074e-01
-8.646522760391235352e-01
-2.293273508548736572e-01
-7.691612839698791504e-01
7.638748735189437866e-02
1.381258964538574219e+00
6.129000782966613770e-01
-7.491634041070938110e-02
-3.405711889266967773e+00
-1.325605154037475586e+00
1.833558380603790283e-01
5.104559063911437988e-01
7.661388516426086426e-01
1.659360170364379883e+00
6.606713533401489258e-01
1.586829125881195068e-01
7.589362263679504395e-01
9.586901068687438965e-01
6.423879265785217285e-01
-1.188916921615600586e+00
-2.254573106765747070e+00
-1.902424573898315430e+00
7.872017025947570801e-01
-1.297384966164827347e-02
-1.269742548465728760e-01
-4.056656658649444580e-01
-1.136074662208557129e+00
-2.335919618606567383e+00
-2.897932767868041992e+00
-3.185329675674438477e+00
-2.585857629776000977e+00
-1.856248736381530762e+00
-1.120858564972877502e-01
6.828780174255371094e-01
2.555092811584472656e+00
3.716925978660583496e-01
7.286267280578613281e-01
2.689040899276733398e-01
-1.342674791812896729e-01
9.786363691091537476e-02
-6.228061318397521973e-01
7.629183530807495117e-01
-6.678149849176406860e-02
2.740934118628501892e-02
1.061458110809326172e+00
-5.353236198425292969e-01
3.196872174739837646e-01
-6.898645162582397461e-01
-3.655747771263122559e-01
4.953578412532806396e-01
3.712371885776519775e-01
1.752802371978759766e+00
4.219292104244232178e-01
2.075357675552368164e+00
-3.400147914886474609e+00
-2.345896005630493164e+00
8.653490543365478516e-01
2.203966856002807617e+00
1.442702770233154297e+00
-1.879080533981323242e+00
-1.283550739288330078e+00
5.511533617973327637e-01
1.829763352870941162e-01
1.434864163398742676e+00
-4.640896618366241455e-01
-2.599637985229492188e+00
-1.913250803947448730e+00
3.091783523559570312e-01
-7.304463386535644531e-01
-3.454568088054656982e-01
-3.287866413593292236e-01
-8.145947456359863281e-01
-8.047283887863159180e-01
1.284522533416748047e+00
2.273945331573486328e+00
2.084027528762817383e+00
1.927132248878479004e+00
2.107244253158569336e+00
1.490472078323364258e+00
1.100759506225585938e+00
-1.279410839080810547e+00
-2.258787870407104492e+00
-4.751981258392333984e+00
-2.766515016555786133e+00
-1.807145595550537109e+00
-2.338653802871704102e+00
-7.348463535308837891e-01
-1.364961564540863037e-01
-4.472057521343231201e-01
-4.143365323543548584e-01
7.452366352081298828e-01
9.084297418594360352e-01
-5.623168945312500000e-01
1.004293918609619141e+00
1.454723238945007324e+00
3.233720064163208008e+00
-6.190541386604309082e-01
-2.068116426467895508e+00
5.469508171081542969e-01
1.703025341033935547e+00
2.105065882205963135e-01
2.938870489597320557e-01
-7.027529478073120117e-01
-1.897484436631202698e-02
-8.644376881420612335e-03
-1.722939014434814453e-01
1.120689138770103455e-01
9.128754138946533203e-01
-1.750616312026977539e+00
-4.735777676105499268e-01
1.311137318611145020e+00
-2.447376489639282227e+00
-4.664813578128814697e-01
6.592795252799987793e-01
-5.523243546485900879e-01
6.272754669189453125e-01
1.639168262481689453e-01
-2.279164269566535950e-02
-6.060780286788940430e-01
-1.060294508934020996e+00
-1.515613555908203125e+00
2.684899866580963135e-01
-4.691597521305084229e-01
-1.214276790618896484e+00
-5.383588671684265137e-01
-7.395162582397460938e-01
2.455506622791290283e-01
3.797215223312377930e-01
-7.491440325975418091e-02
-2.311229407787322998e-01
-1.432553291320800781e+00
1.731592297554016113e+00
1.872840762138366699e+00
1.734912514686584473e+00
-7.402613759040832520e-01
6.910901665687561035e-01
1.987883746623992920e-01
-6.822302341461181641e-01
-1.353209972381591797e+00
-4.139125645160675049e-01
1.670500040054321289e-01
-8.156194686889648438e-01
-1.209243312478065491e-01
-2.107536554336547852e+00
-1.413744330406188965e+00
-9.041675925254821777e-01
-3.484568372368812561e-02
-1.260397732257843018e-01
3.393408358097076416e-01
-4.029835760593414307e-01
-4.547956287860870361e-01
-1.107393875718116760e-01
-2.297695577144622803e-01
-1.717206835746765137e+00
-1.950501918792724609e+00
-6.759193539619445801e-01
3.281939625740051270e-01
-1.095526695251464844e+00
-1.429016888141632080e-01
3.547320663928985596e-01
1.414014399051666260e-01
-7.415942549705505371e-01
-5.013534426689147949e-01
-2.160343825817108154e-01
1.739273369312286377e-01
-5.312875285744667053e-02
3.168515264987945557e-01
5.703954696655273438e-01
-1.994672536849975586e+00
-4.768171310424804688e-01
-2.421321570873260498e-01
-9.891285896301269531e-01
-4.305168390274047852e-01
2.364564836025238037e-01
-1.474135637283325195e+00
-1.549044370651245117e+00
-1.265861988067626953e+00
-1.108598351478576660e+00
8.765652030706405640e-02
-4.768613576889038086e-01
1.471649110317230225e-01
-1.072406545281410217e-01
-1.502558231353759766e+00
-1.262104511260986328e+00
-9.063864350318908691e-01
-2.138391256332397461e+00
-1.900406718254089355e+00
-1.952570676803588867e+00
-1.145376443862915039e+00
-1.327040791511535645e+00
-9.761232733726501465e-01
-2.632473111152648926e-01
-6.999938488006591797e-01
-6.977273225784301758e-01
2.379609346389770508e-01
-8.654225468635559082e-01
-1.570329308509826660e+00
-7.074424028396606445e-01
-1.560006737709045410e+00
-4.101323783397674561e-01
-4.073170125484466553e-01
-2.575722709298133850e-02
-3.544689118862152100e-01
-3.511200249195098877e-01
-6.784396767616271973e-01
1.018320545554161072e-01
-6.652841567993164062e-01
-9.316708445549011230e-01
-9.845799207687377930e-01
-1.371131777763366699e+00
1.967873796820640564e-02
3.207616508007049561e-01
4.430079162120819092e-01
3.685590922832489014e-01
5.408580303192138672e-01
3.933315277099609375e-01
-3.801518976688385010e-01
-7.997943162918090820e-01
6.025847420096397400e-02
2.050725519657135010e-01
1.864844858646392822e-01
-1.044927239418029785e+00
-1.582028388977050781e+00
2.161718606948852539e+00
-4.548926055431365967e-01
3.990929424762725830e-01
5.372592210769653320e-01
8.419222831726074219e-01
9.904010295867919922e-01
2.817388772964477539e+00
5.098061561584472656e-01
2.791800498962402344e+00
3.702276706695556641e+00
1.641482114791870117e+00
3.422662973403930664e+00
2.860843896865844727e+00
-3.214823901653289795e-01
-1.264317750930786133e+00
7.078179121017456055e-01
1.091109871864318848e+00
-1.070358991622924805e+00
-1.137112140655517578e+00
-1.478522062301635742e+00
-2.978319823741912842e-01
3.819136917591094971e-01
1.104863286018371582e+00
1.645173311233520508e+00
1.238787889480590820e+00
1.374649405479431152e+00
-4.872018992900848389e-01
8.357772827148437500e-01
1.359162688255310059e+00
3.022887468338012695e+00
2.338015794754028320e+00
2.073339939117431641e+00
3.856066763401031494e-01
4.278005659580230713e-01
7.120748162269592285e-01
1.748022675514221191e+00
1.156889557838439941e+00
-6.027883887290954590e-01
-7.657436132431030273e-01
-8.127152919769287109e-01
-8.801954984664916992e-01
9.845758788287639618e-03
1.407446563243865967e-01
-8.610210418701171875e-01
