3.118551075458526611e-01
7.393204569816589355e-01
6.091634631156921387e-01
-1.398491263389587402e-01
4.396309852600097656e-01
1.162144422531127930e+00
-3.743254840373992920e-01
5.762507319450378418e-01
1.661834865808486938e-02
2.998643368482589722e-02
-2.401170134544372559e-02
-3.479993343353271484e-02
-2.161479741334915161e-02
3.802216798067092896e-02
9.343046694993972778e-02
1.469409763813018799e-01
2.063170373439788818e-01
2.726451754570007324e-01
3.437941074371337891e-01
4.187897145748138428e-01
4.907705485820770264e-01
5.655416846275329590e-01
6.406537890434265137e-01
7.223427295684814453e-01
8.446399569511413574e-01
1.020882487297058105e+00
1.031061053276062012e+00
9.103174805641174316e-01
7.945688366889953613e-01
7.456835508346557617e-01
7.218509316444396973e-01
7.032675147056579590e-01
6.898639798164367676e-01
6.737516522407531738e-01
6.598381996154785156e-01
6.712017655372619629e-01
2.232886254787445068e-01
9.691371321678161621e-01
3.643230795860290527e-01
2.731612026691436768e-01
2.670083940029144287e-01
2.824495136737823486e-01
1.735219657421112061e-01
1.011075377464294434e+00
9.698292613029479980e-01
9.393062591552734375e-01
9.897153973579406738e-01
1.000770211219787598e+00
9.763898253440856934e-01
1.022490143775939941e+00
7.247427105903625488e-01
9.937319159507751465e-01
8.597815632820129395e-01
8.716505169868469238e-01
9.016065001487731934e-01
9.044508337974548340e-01
5.894848704338073730e-01
4.406365454196929932e-01
5.148864984512329102e-01
5.893468856811523438e-01
6.495786309242248535e-01
7.156234979629516602e-01
8.546811938285827637e-01
5.274100899696350098e-01
7.217791676521301270e-01
8.135470747947692871e-01
8.948112726211547852e-01
5.368666648864746094e-01
7.638128399848937988e-01
5.214051604270935059e-01
6.953155994415283203e-01
1.212728738784790039e+00
8.148920536041259766e-01
1.153051972389221191e+00
4.171404987573623657e-02
7.876427769660949707e-01
5.724536776542663574e-01
5.401656627655029297e-01
4.689756929874420166e-01
2.389055192470550537e-01
1.167843118309974670e-01
8.797744661569595337e-02
-2.605640143156051636e-02
-8.255621045827865601e-02
-2.225169241428375244e-01
-3.656602501869201660e-01
-5.735436081886291504e-01
-7.740423083305358887e-01
-2.204998731613159180e-01
-9.337376952171325684e-01
-1.393012642860412598e+00
-2.448767662048339844e+00
-2.900234699249267578e+00
-2.985142230987548828e+00
-2.890100479125976562e+00
-2.500757455825805664e+00
-1.157485365867614746e+00
-1.658503055572509766e+00
-2.774080932140350342e-01
1.538753211498260498e-01
7.869515568017959595e-02
-5.757285356521606445e-01
-1.017091035842895508e+00
-7.130981087684631348e-01
-2.349063158035278320e-01
-1.166615009307861328e+00
-7.219462394714355469e-01
-8.677076697349548340e-01
-3.741893470287322998e-01
2.500549852848052979e-01
9.045553207397460938e-01
1.157250642776489258e+00
1.564616560935974121e+00
9.735276103019714355e-01
1.348045110702514648e+00
1.082517862319946289e+00
9.691223502159118652e-01
6.773046851158142090e-01
4.376430511474609375e-01
1.194957494735717773e+00
-4.666892290115356445e-01
-3.445046842098236084e-01
-1.544293761253356934e-01
2.127733469009399414e+00
1.504978299140930176e+00
1.392781138420104980e+00
1.013576626777648926e+00
7.779889702796936035e-01
6.925447583198547363e-01
5.465617775917053223e-01
2.290100753307342529e-01
5.711992383003234863e-01
6.610675454139709473e-01
6.463692784309387207e-01
3.948875069618225098e-01
4.519037306308746338e-01
5.038765072822570801e-01
4.989067018032073975e-01
4.948960244655609131e-01
2.734432369470596313e-02
-3.338495194911956787e-01
-2.562887966632843018e-01
1.497468948364257812e-01
8.314587175846099854e-03
-1.563753932714462280e-02
8.547980338335037231e-02
1.650808155536651611e-01
1.968442499637603760e-01
2.008160352706909180e-01
1.966078281402587891e-01
-1.532317996025085449e-01
-6.296162605285644531e-01
-6.421613097190856934e-01
-3.668296635150909424e-01
-6.912668347358703613e-01
-8.000567555427551270e-01
-2.834329605102539062e-01
-2.227746546268463135e-01
4.163410961627960205e-01
-5.735343098640441895e-01
-7.964035868644714355e-01
-5.946267247200012207e-01
9.935877919197082520e-01
6.576672941446304321e-02
-7.995964884757995605e-01
-4.456039518117904663e-02
6.225041747093200684e-01
1.343958258628845215e+00
4.728677570819854736e-01
-4.991619884967803955e-01
-5.371766090393066406e-01
1.698787093162536621e+00
5.636663436889648438e-01
1.310091018676757812e+00
1.764803290367126465e+00
1.732778310775756836e+00
1.610033273696899414e+00
-3.899077773094177246e-01
-2.675003707408905029e-01
3.542106747627258301e-01
4.909179359674453735e-02
-5.691459774971008301e-01
-1.038276314735412598e+00
1.393503248691558838e-01
-5.602723360061645508e-01
-9.296509027481079102e-01
-1.158305644989013672e+00
-2.250051200389862061e-01
1.362659811973571777e+00
7.884392142295837402e-01
-5.170836299657821655e-02
-5.441830158233642578e-01
2.377036511898040771e-01
1.603361219167709351e-02
-7.626131176948547363e-01
1.005032181739807129e+00
9.838351607322692871e-01
-1.172349676489830017e-01
-1.676030158996582031e-01
4.531168043613433838e-01
1.403041839599609375e+00
1.974231362342834473e+00
1.987033963203430176e+00
2.280001878738403320e+00
1.388750195503234863e+00
1.337537884712219238e+00
1.235297679901123047e+00
9.949443936347961426e-01
8.005412817001342773e-01
1.827463030815124512e+00
8.899691700935363770e-01
7.285239100456237793e-01
4.469037353992462158e-01
2.235521972179412842e-01
1.206379905343055725e-01
5.329293757677078247e-02
1.533348113298416138e-02
-8.907585591077804565e-02
-2.799883782863616943e-01
-7.526387572288513184e-01
5.807572007179260254e-01
-2.355723381042480469e-01
1.129720881581306458e-01
-2.187017917633056641e+00
-3.852333873510360718e-02
1.845625787973403931e-02
-7.404609769582748413e-02
1.260957121849060059e-01
-1.526201844215393066e+00
3.423100411891937256e-01
2.009994536638259888e-02
1.867021918296813965e-01
-2.251110970973968506e-03
-3.522818535566329956e-02
5.639798194169998169e-02
1.338840126991271973e-01
2.226463854312896729e-01
3.069439232349395752e-01
6.890390515327453613e-01
1.040235638618469238e+00
4.589363634586334229e-01
4.965272843837738037e-01
5.705528855323791504e-01
7.368509173393249512e-01
3.979369699954986572e-01
9.353168606758117676e-01
7.440610527992248535e-01
5.449952483177185059e-01
6.246123909950256348e-01
2.088473737239837646e-01
7.699798792600631714e-02
3.967449814081192017e-02
4.808975011110305786e-02
7.419200539588928223e-01
-7.509936094284057617e-01
5.782729387283325195e-01
7.797942757606506348e-01
8.693730235099792480e-01
8.959531188011169434e-01
7.834574580192565918e-01
8.997548222541809082e-01
8.732308745384216309e-01
6.296204924583435059e-01
6.459333300590515137e-01
1.461606383323669434e+00
-3.079642951488494873e-01
7.381469011306762695e-01
1.449420571327209473e+00
-2.035575807094573975e-01
2.086920976638793945e+00
2.290964365005493164e+00
1.488170981407165527e+00
9.089933037757873535e-01
1.318185210227966309e+00
3.391003906726837158e-01
1.405427455902099609e+00
1.485192179679870605e+00
1.310206532478332520e+00
1.376127123832702637e+00
1.242006897926330566e+00
1.219360828399658203e+00
1.482537984848022461e+00
1.334455251693725586e+00
1.410407662391662598e+00
1.298392057418823242e+00
1.533390164375305176e+00
1.661654353141784668e+00
1.742707610130310059e+00
1.712000250816345215e+00
1.694238781929016113e+00
1.685361742973327637e+00
1.715778827667236328e+00
1.742504835128784180e+00
1.693307876586914062e+00
1.500449776649475098e+00
1.658493995666503906e+00
1.195749402046203613e+00
1.446102619171142578e+00
1.008369922637939453e+00
7.889170050621032715e-01
8.263486027717590332e-01
9.874601960182189941e-01
9.527607560157775879e-01
9.100805521011352539e-01
8.685090541839599609e-01
7.724238038063049316e-01
6.934255957603454590e-01
6.645742654800415039e-01
1.183861613273620605e+00
1.152966141700744629e+00
1.010377764701843262e+00
8.992363214492797852e-01
1.101837873458862305e+00
1.239043235778808594e+00
1.231117606163024902e+00
1.183572649955749512e+00
1.156829953193664551e+00
1.217716574668884277e+00
9.202277660369873047e-01
6.979662775993347168e-01
6.424555778503417969e-01
7.139069437980651855e-01
8.060668110847473145e-01
8.876709938049316406e-01
9.534990191459655762e-01
9.991187453269958496e-01
9.028311371803283691e-01
6.283743977546691895e-01
-6.219908595085144043e-03
4.745900928974151611e-01
3.009499907493591309e-01
4.262415468692779541e-01
4.646851122379302979e-01
5.844075083732604980e-01
6.751859188079833984e-01
7.967500090599060059e-01
9.276433587074279785e-01
1.008544564247131348e+00
1.182426095008850098e+00
1.151422023773193359e+00
1.047249436378479004e+00
1.002655148506164551e+00
1.501326918601989746e+00
-3.919253349304199219e-01
2.329431474208831787e-01
8.998601436614990234e-01
-7.007561624050140381e-03
4.487664997577667236e-01
5.791822820901870728e-02
-2.662400305271148682e-01
1.687246859073638916e-01
5.798984318971633911e-02
-4.378800094127655029e-01
4.283944070339202881e-01
-5.167788863182067871e-01
-4.349430799484252930e-01
-9.382236599922180176e-01
-1.046943426132202148e+00
-7.955047488212585449e-01
-1.248534440994262695e+00
-5.209572911262512207e-01
-6.268417239189147949e-01
-1.117190048098564148e-01
-2.620027363300323486e-01
-6.446011662483215332e-01
-7.308461666107177734e-01
-7.578167915344238281e-01
-7.809851169586181641e-01
-8.084443211555480957e-01
-7.314238548278808594e-01
-6.709141731262207031e-01
-6.563616394996643066e-01
-6.613178253173828125e-01
-6.607990860939025879e-01
-6.418238282203674316e-01
-8.735182881355285645e-01
-2.669725716114044189e-01
-2.912638485431671143e-01
-4.938712120056152344e-01
-2.752112448215484619e-01
-3.520189821720123291e-01
-3.679958879947662354e-01
-2.127336859703063965e-01
-1.731925010681152344e-01
-9.543063491582870483e-02
-7.627608627080917358e-02
-2.036295831203460693e-03
-1.892577111721038818e-01
-5.851290822029113770e-01
-2.274475991725921631e-03
-2.512940019369125366e-02
-1.297173798084259033e-01
-1.172898635268211365e-01
5.613968521356582642e-02
6.404290348291397095e-02
5.648747831583023071e-02
5.597988516092300415e-02
5.946300178766250610e-02
5.850345641374588013e-02
3.125441819429397583e-02
1.873988658189773560e-02
1.050038710236549377e-01
1.340898573398590088e-01
1.273016631603240967e-01
9.062419086694717407e-02
4.932821691036224365e-01
1.643031537532806396e-01
4.220519959926605225e-01
-8.636604994535446167e-02
2.069095522165298462e-02
-2.667268365621566772e-02
-2.294095605611801147e-02
-2.300681918859481812e-02
-2.298306673765182495e-02
-2.072223275899887085e-02
-1.585289090871810913e-02
-8.624486625194549561e-03
7.746368646621704102e-05
9.570457041263580322e-03
1.961386948823928833e-02
2.832780033349990845e-02
3.738404065370559692e-02
4.545692354440689087e-02
1.897370517253875732e-01
1.002000942826271057e-01
2.426632344722747803e-01
-1.853538751602172852e-01
8.046781420707702637e-01
1.594625473022460938e+00
1.300406575202941895e+00
2.161323785781860352e+00
1.573663115501403809e+00
1.374316811561584473e+00
1.206325769424438477e+00
-2.965506017208099365e-01
-6.468597054481506348e-01
1.000199913978576660e+00
9.613069891929626465e-01
9.927681088447570801e-01
2.672282457351684570e-01
-6.431414932012557983e-02
-8.207049220800399780e-02
3.348223268985748291e-01
8.316347599029541016e-01
7.412441372871398926e-01
1.825242340564727783e-01
2.696630358695983887e-01
3.806134164333343506e-01
-3.687310218811035156e-01
-2.223912179470062256e-01
-9.094742536544799805e-01
3.338421285152435303e-01
-1.548934280872344971e-01
7.266709804534912109e-01
5.667696595191955566e-01
-1.035454273223876953e+00
-2.675385773181915283e-01
-9.866321682929992676e-01
-9.550649523735046387e-01
-4.004261195659637451e-01
-2.002889215946197510e-01
-5.556676387786865234e-01
-5.087607502937316895e-01
-5.630162954330444336e-01
-6.559190154075622559e-01
-1.594016671180725098e+00
-3.196673095226287842e-01
-1.965619444847106934e+00
-1.664470553398132324e+00
-7.590058445930480957e-01
-8.115028589963912964e-02
2.787950336933135986e-01
3.250491321086883545e-01
-4.003596007823944092e-01
-6.991947293281555176e-01
-9.187967181205749512e-01
-1.383606910705566406e+00
-1.283188939094543457e+00
-1.614522933959960938e-01
-1.571207940578460693e-01
-6.361406445503234863e-01
-6.834981441497802734e-01
-1.488829851150512695e+00
-6.865101456642150879e-01
-7.737901806831359863e-01
-1.434131145477294922e+00
-8.442240953445434570e-01
-6.783364415168762207e-01
-6.638833284378051758e-01
-6.794663667678833008e-01
-7.045825719833374023e-01
-6.764543056488037109e-01
-6.130322217941284180e-01
-9.728806018829345703e-01
-5.354248285293579102e-01
-1.523562967777252197e-01
-1.108054518699645996e+00
-8.983126878738403320e-01
-1.119396805763244629e+00
-1.425251364707946777e+00
-1.230225443840026855e+00
-3.462672233581542969e+00
-4.665255248546600342e-01
-9.041253328323364258e-01
-5.520867109298706055e-01
-1.215304017066955566e+00
-8.166089653968811035e-01
8.858978152275085449e-01
3.789884746074676514e-01
3.222726285457611084e-01
7.503250986337661743e-02
-3.650289475917816162e-01
1.108687996864318848e+00
-1.330832362174987793e+00
-2.327042520046234131e-01
7.372795939445495605e-01
9.655830264091491699e-01
4.246787130832672119e-01
5.124099254608154297e-01
4.912026226520538330e-01
3.631947934627532959e-01
4.012552648782730103e-02
1.906881034374237061e-01
-2.316876500844955444e-02
2.240893989801406860e-02
7.891491800546646118e-02
2.494821846485137939e-01
3.489321768283843994e-01
3.342134058475494385e-01
-5.326054990291595459e-03
2.333311736583709717e-01
2.350531518459320068e-01
4.953383505344390869e-01
-4.269991219043731689e-01
-9.300277382135391235e-02
-1.299892365932464600e-01
-3.415110707283020020e-01
-5.326077938079833984e-01
1.324895322322845459e-01
9.135381132364273071e-02
2.979236841201782227e-01
6.681546568870544434e-01
1.012259006500244141e+00
8.205728530883789062e-01
5.437031984329223633e-01
1.867283284664154053e-01
-1.083013638854026794e-01
-2.810365259647369385e-01
-3.879450857639312744e-01
-5.037240386009216309e-01
-1.173905253410339355e+00
-1.201983332633972168e+00
-2.192163944244384766e+00
-3.399953603744506836e+00
-3.144051074981689453e+00
-2.522684812545776367e+00
-2.073926687240600586e+00
-1.615555524826049805e+00
-1.751699566841125488e+00
-1.951401829719543457e+00
-8.535217046737670898e-01
-1.642924189567565918e+00
-1.954928874969482422e+00
-1.797967791557312012e+00
-2.223419189453125000e+00
-1.929003715515136719e+00
-2.058894634246826172e+00
-1.677373051643371582e+00
-8.317560553550720215e-01
-1.322131276130676270e+00
-1.257144093513488770e+00
-9.606521129608154297e-01
9.156525880098342896e-02
-1.561093330383300781e+00
-8.121722340583801270e-01
-3.636496067047119141e+00
-2.370556116104125977e+00
-1.571608185768127441e+00
-1.834150195121765137e+00
-2.032324075698852539e+00
-2.330935239791870117e+00
-2.866335153579711914e+00
-2.028234720230102539e+00
-2.920619487762451172e+00
-2.443735837936401367e+00
-1.913392663002014160e+00
-7.888436913490295410e-01
-1.990751266479492188e+00
-8.279468864202499390e-02
-2.552936792373657227e+00
-8.739231824874877930e-01
3.445690274238586426e-01
3.226238787174224854e-01
1.034854054450988770e+00
4.907790124416351318e-01
2.762416303157806396e-01
3.213797807693481445e-01
4.802692234516143799e-01
-1.403214633464813232e-01
-6.375686526298522949e-01
-2.252515256404876709e-01
-2.268687188625335693e-01
-9.602149575948715210e-02
-6.051030009984970093e-02
-6.915504336357116699e-01
8.372463285923004150e-03
-1.031885966658592224e-01
-1.045952066779136658e-01
-8.810802549123764038e-02
-6.807383149862289429e-02
-3.747561872005462646e-01
5.195269733667373657e-02
1.790360361337661743e-02
2.461657673120498657e-02
-7.523530125617980957e-01
-6.698215007781982422e-01
-2.777829021215438843e-02
6.391427665948867798e-02
2.371767908334732056e-02
-1.344367116689682007e-02
-2.198418080806732178e-01
-2.878763079643249512e-01
-9.120007604360580444e-02
-3.396356999874114990e-01
-7.359642982482910156e-01
-7.253219485282897949e-01
-4.085719883441925049e-01
-4.334074556827545166e-01
-4.073885381221771240e-01
-3.699498474597930908e-01
-3.502179086208343506e-01
-3.120951950550079346e-01
-1.591001749038696289e-01
-8.057516068220138550e-02
-3.355890512466430664e-01
-5.095765590667724609e-01
-4.564640820026397705e-01
-4.761122763156890869e-01
-1.052133202552795410e+00
-5.723959207534790039e-01
-4.845269024372100830e-01
-4.624651968479156494e-01
-4.717675745487213135e-01
-4.877651035785675049e-01
-9.326100945472717285e-01
-4.309294521808624268e-01
-4.421087205410003662e-01
-2.498230636119842529e-01
-3.418082296848297119e-01
-3.826405107975006104e-01
-2.920018732547760010e-01
-1.497815847396850586e-01
-6.069406867027282715e-01
-1.052763685584068298e-01
4.744494706392288208e-02
-4.435589164495468140e-02
-5.912598967552185059e-01
-4.742465913295745850e-01
-4.356105625629425049e-01
-1.804944574832916260e-01
1.535780131816864014e-01
-7.977418303489685059e-01
-8.322976231575012207e-01
-7.240182161331176758e-01
-6.275817155838012695e-01
-6.377014517784118652e-01
-5.325301885604858398e-01
-4.299520552158355713e-01
8.989450931549072266e-01
-1.545093894004821777e+00
-7.393442988395690918e-01
-1.021655425429344177e-01
3.612715303897857666e-01
2.118330299854278564e-01
-3.213114440441131592e-01
-5.047766566276550293e-01
-9.842025488615036011e-02
5.450797826051712036e-02
1.017515435814857483e-01
1.780054867267608643e-01
4.332889318466186523e-01
1.573473215103149414e-01
-7.016821503639221191e-01
-1.091285824775695801e+00
-1.093312978744506836e+00
-1.013466715812683105e+00
-6.832461953163146973e-01
-1.739225387573242188e+00
-3.105616807937622070e+00
-2.900593996047973633e+00
-2.784294128417968750e+00
-1.926502346992492676e+00
-3.117440700531005859e+00
-3.510194301605224609e+00
-7.390777468681335449e-01
-1.202333807945251465e+00
-5.972936004400253296e-02
-5.116478800773620605e-01
-1.508448004722595215e+00
-1.355065941810607910e+00
-1.584391891956329346e-01
1.007835865020751953e+00
1.486302971839904785e+00
2.004684686660766602e+00
2.419199228286743164e+00
1.158430218696594238e+00
1.134956240653991699e+00
1.514396548271179199e+00
9.710773825645446777e-01
1.234316006302833557e-01
8.370271921157836914e-01
-2.278309345245361328e+00
-1.209294199943542480e+00
1.048386454582214355e+00
1.500990986824035645e+00
5.829827785491943359e-01
1.280520796775817871e+00
1.996763825416564941e+00
1.019120812416076660e+00
-3.603222370147705078e-01
-3.461088836193084717e-01
-3.569572865962982178e-01
-4.062366783618927002e-01
-3.197281658649444580e-01
-2.495758831501007080e-01
1.127430573105812073e-01
3.287624418735504150e-01
5.514255166053771973e-01
5.194265842437744141e-01
6.189648509025573730e-01
6.960058808326721191e-01
6.632286906242370605e-01
4.742855727672576904e-01
-1.112634167075157166e-01
-3.025304973125457764e-01
-3.114563524723052979e-01
7.701522111892700195e-01
-1.887934565544128418e+00
-3.513570547103881836e+00
4.520136415958404541e-01
-3.887039422988891602e-01
4.477625787258148193e-01
-1.037212848663330078e+00
-6.696044802665710449e-01
-7.184117436408996582e-01
9.050861001014709473e-01
4.397675395011901855e-01
3.644401133060455322e-01
5.598681569099426270e-01
-6.985564827919006348e-01
1.218035340309143066e+00
6.500081419944763184e-01
6.743596792221069336e-01
2.961777746677398682e-01
1.099640011787414551e+00
6.897740960121154785e-01
6.647942066192626953e-01
6.917093396186828613e-01
7.014388442039489746e-01
6.707680821418762207e-01
4.833756387233734131e-01
4.155015349388122559e-01
6.557263731956481934e-01
9.694685339927673340e-01
7.809849977493286133e-01
8.349609971046447754e-01
8.241267800331115723e-01
1.278802752494812012e-01
1.002025008201599121e+00
8.561738133430480957e-01
-1.246041059494018555e+00
-3.466506898403167725e-01
3.929619491100311279e-01
2.719984948635101318e-01
2.585647255182266235e-02
2.102806270122528076e-01
4.074931740760803223e-01
5.258451700210571289e-01
5.512405037879943848e-01
4.640305936336517334e-01
4.847255647182464600e-01
4.775851666927337646e-01
4.633247554302215576e-01
4.473958909511566162e-01
4.644463956356048584e-01
4.244694113731384277e-01
7.922791242599487305e-01
7.933430671691894531e-01
6.180972456932067871e-01
3.321438729763031006e-01
-2.983305603265762329e-02
6.185373663902282715e-01
7.064105868339538574e-01
1.305841803550720215e+00
1.432946443557739258e+00
7.118951678276062012e-01
5.120933055877685547e-01
-5.800041556358337402e-01
-8.096123337745666504e-01
-9.520680308341979980e-01
-1.096692562103271484e+00
-1.144314408302307129e+00
-9.976412653923034668e-01
-6.283054947853088379e-01
-1.198718771338462830e-01
-3.688725233078002930e-01
-9.231838583946228027e-01
-1.487986087799072266e+00
-1.215710282325744629e+00
-1.348541140556335449e+00
-3.501038253307342529e-01
-7.834644913673400879e-01
-1.163497567176818848e+00
-1.023263931274414062e+00
-6.235498189926147461e-01
-8.257722854614257812e-01
-8.664023280143737793e-01
-2.831866592168807983e-02
-6.718400716781616211e-01
-4.172134697437286377e-01
-7.893661856651306152e-01
-7.327366471290588379e-01
-1.443644881248474121e+00
-8.864840269088745117e-01
-8.802339434623718262e-01
-9.724265933036804199e-01
-9.570116400718688965e-01
-1.923853754997253418e+00
-7.601464986801147461e-01
-1.152161240577697754e+00
-1.741397619247436523e+00
-1.986703991889953613e+00
-1.096806645393371582e+00
-2.447250783443450928e-01
-6.262358278036117554e-02
-2.889889180660247803e-01
1.359749674797058105e+00
4.915001690387725830e-01
3.155722618103027344e-01
-3.066636621952056885e-01
-1.023206591606140137e+00
-1.382214188575744629e+00
-1.255953192710876465e+00
-1.440599799156188965e+00
-1.757694840431213379e+00
-1.259815454483032227e+00
-1.031968474388122559e+00
-8.458243608474731445e-01
-9.882453680038452148e-01
-8.035137057304382324e-01
-1.654170751571655273e+00
-1.007489442825317383e+00
-9.133909940719604492e-01
-1.322462439537048340e+00
-8.670063614845275879e-01
-8.577420711517333984e-01
-8.109802603721618652e-01
-8.347696065902709961e-01
-8.729906678199768066e-01
-9.058046936988830566e-01
-9.155175089836120605e-01
-8.979242444038391113e-01
-9.302632212638854980e-01
-1.211348295211791992e+00
-9.892050027847290039e-01
-1.001119256019592285e+00
-7.826980352401733398e-01
-5.471345782279968262e-01
-4.780045449733734131e-01
-5.103927850723266602e-01
-8.734913468360900879e-01
-7.670825719833374023e-01
-4.861267507076263428e-01
-4.103254377841949463e-01
-5.404973626136779785e-01
-5.494894981384277344e-01
-8.683850169181823730e-01
-3.379862606525421143e-01
-1.567449271678924561e-01
-8.018281310796737671e-02
-9.613915085792541504e-01
-8.938760161399841309e-01
-5.225578546524047852e-01
-3.431507200002670288e-02
-7.787724584341049194e-02
-1.237428069114685059e+00
-1.257476687431335449e+00
-5.396368503570556641e-01
2.614770084619522095e-02
-3.690585494041442871e-01
-6.276609301567077637e-01
-6.094720363616943359e-01
-8.098916411399841309e-01
-7.457622289657592773e-01
-8.125854134559631348e-01
-9.086534380912780762e-01
-1.200682759284973145e+00
-8.809966444969177246e-01
-1.106295704841613770e+00
8.640644699335098267e-02
-4.057489037513732910e-01
-7.278074026107788086e-01
1.272662580013275146e-01
-5.687717199325561523e-01
-1.053049683570861816e+00
-1.224385499954223633e+00
-1.056690573692321777e+00
-9.732537865638732910e-01
-1.001541972160339355e+00
-8.494634032249450684e-01
-9.537581205368041992e-01
-8.703702092170715332e-01
-1.309080243110656738e+00
-1.282514214515686035e+00
-1.215679764747619629e+00
-1.676637649536132812e+00
-1.307230234146118164e+00
-9.480316638946533203e-01
-1.014306187629699707e+00
-1.238186955451965332e+00
3.227182924747467041e-01
-2.580173909664154053e-01
-4.612920582294464111e-01
-5.163381099700927734e-01
-1.573371529579162598e+00
-7.467461228370666504e-01
-6.112859249114990234e-01
-8.848396539688110352e-01
-8.345158100128173828e-01
-9.960444569587707520e-01
-1.001694798469543457e+00
-7.371343374252319336e-01
-7.479665875434875488e-01
-1.378414511680603027e+00
-6.715310811996459961e-01
-6.564820408821105957e-01
-8.225765824317932129e-01
-6.583054065704345703e-01
-6.657081842422485352e-01
-9.829795956611633301e-01
-1.013484597206115723e+00
-7.428244352340698242e-01
-6.313033103942871094e-01
-9.064067602157592773e-01
-5.410676002502441406e-01
-6.609176397323608398e-01
4.887304604053497314e-01
4.206505715847015381e-01
4.344799816608428955e-01
-3.780505359172821045e-01
-4.906005561351776123e-01
-6.034495830535888672e-01
-1.107577919960021973e+00
-6.814802885055541992e-01
-6.090711951255798340e-01
5.402185320854187012e-01
1.094732433557510376e-02
-6.216510534286499023e-01
-2.477862238883972168e-01
-4.211551249027252197e-01
-5.613374114036560059e-01
5.742341876029968262e-01
4.012646973133087158e-01
4.396333992481231689e-01
1.596782684326171875e+00
4.888577163219451904e-01
9.668754935264587402e-01
6.290267109870910645e-01
4.383138120174407959e-01
1.028307154774665833e-01
-1.289587914943695068e-01
-3.065385669469833374e-02
4.119759500026702881e-01
8.330438137054443359e-01
7.082565426826477051e-01
1.534540355205535889e-01
-4.549816548824310303e-01
-9.545013308525085449e-01
-9.659618139266967773e-01
-1.657492756843566895e+00
-1.255393981933593750e+00
1.148954629898071289e+00
1.532716512680053711e+00
1.627396941184997559e+00
1.572717189788818359e+00
1.102076768875122070e+00
-1.233742460608482361e-01
-6.744722723960876465e-01
8.034773468971252441e-01
3.734126389026641846e-01
-1.043156504631042480e+00
-1.283791422843933105e+00
-2.619115710258483887e-01
-2.621650993824005127e-01
-1.363660454750061035e+00
-1.308570504188537598e+00
-3.045041114091873169e-02
-4.564515650272369385e-01
-1.394927859306335449e+00
-1.480519771575927734e+00
-1.420856356620788574e+00
-9.812726378440856934e-01
-5.449407100677490234e-01
-8.614271283149719238e-01
-8.455170989036560059e-01
1.158235311508178711e+00
1.930642604827880859e+00
2.677668333053588867e+00
-9.208127856254577637e-01
-1.151703238487243652e+00
9.818204045295715332e-01
5.814799666404724121e-01
2.550193369388580322e-01
-1.803146302700042725e-01
9.567616134881973267e-02
4.647822082042694092e-01
2.245594859123229980e-01
5.415339469909667969e-01
6.443142294883728027e-01
1.407050788402557373e-01
4.765411317348480225e-01
-1.515759825706481934e-01
9.072520732879638672e-01
-6.576170921325683594e-01
-1.273486971855163574e+00
-4.739917218685150146e-01
-2.512748837471008301e-01
-1.392284989356994629e+00
-1.250639855861663818e-01
-6.457679271697998047e-01
-1.188155040144920349e-01
-3.467048108577728271e-01
-2.733695805072784424e-01
-1.216249093413352966e-01
-3.620602935552597046e-02
-2.879502624273300171e-02
-5.080888867378234863e-01
-2.068169355392456055e+00
-1.380804181098937988e+00
-1.100842595100402832e+00
3.222188651561737061e-01
-5.421492457389831543e-01
-9.876648187637329102e-01
-8.070992827415466309e-01
-1.274870514869689941e+00
-1.697276473045349121e+00
1.841158032417297363e+00
1.414698958396911621e+00
5.788193345069885254e-01
-9.403944015502929688e-01
1.107892870903015137e+00
1.824656128883361816e+00
1.083338856697082520e+00
6.137858033180236816e-01
1.100720286369323730e+00
1.284320235252380371e+00
1.146480083465576172e+00
1.169664740562438965e+00
1.124400734901428223e+00
5.490214228630065918e-01
9.326007366180419922e-01
1.005704998970031738e+00
7.480108141899108887e-01
7.428271770477294922e-01
1.048115491867065430e+00
6.359356045722961426e-01
-3.829733431339263916e-01
-2.288177311420440674e-01
2.635689079761505127e-01
3.069197237491607666e-01
3.154610693454742432e-01
3.060739934444427490e-01
1.707646995782852173e-02
3.931418806314468384e-02
3.468210995197296143e-01
2.459370791912078857e-01
1.713871061801910400e-01
1.193723455071449280e-01
2.268677651882171631e-01
3.458149731159210205e-01
2.899174988269805908e-01
2.425396144390106201e-01
2.432945072650909424e-01
3.454790413379669189e-01
3.328985273838043213e-01
2.952480614185333252e-01
2.604726850986480713e-01
2.372659146785736084e-01
2.931155264377593994e-01
-2.709516584873199463e-01
-2.891542762517929077e-02
-1.381271779537200928e-01
-1.753605306148529053e-01
-1.874736249446868896e-01
-1.942252814769744873e-01
-3.417739570140838623e-01
-2.308234274387359619e-01
-1.978531181812286377e-01
-2.321934401988983154e-01
-2.546633780002593994e-01
-2.638690769672393799e-01
-4.577611386775970459e-01
-6.427366137504577637e-01
-2.693748772144317627e-01
-1.787742674350738525e-01
-1.312830150127410889e-01
-8.272065967321395874e-02
1.144024506211280823e-01
-1.763099730014801025e-01
-3.425398170948028564e-01
-8.695181459188461304e-02
-3.082290887832641602e-01
5.570191144943237305e-01
6.834497302770614624e-02
1.399086117744445801e-01
5.323405861854553223e-01
5.998349785804748535e-01
6.709031462669372559e-01
7.922335267066955566e-01
7.321217656135559082e-01
7.357746362686157227e-01
6.270875930786132812e-01
5.960171818733215332e-01
6.089609265327453613e-01
1.776417493820190430e-01
5.329980850219726562e-01
7.916014790534973145e-01
2.399636209011077881e-01
7.589796781539916992e-01
8.190504908561706543e-01
4.500775635242462158e-01
6.760195642709732056e-02
-4.882200807332992554e-02
-7.167740911245346069e-02
-6.014194339513778687e-02
7.809803634881973267e-02
3.537424504756927490e-01
1.595872938632965088e-01
1.772557199001312256e-01
3.427163064479827881e-01
4.223192036151885986e-01
4.409037530422210693e-01
4.779820740222930908e-01
6.893786191940307617e-01
8.459821939468383789e-01
8.249710798263549805e-01
8.354377746582031250e-01
8.587597608566284180e-01
8.292961716651916504e-01
8.409647941589355469e-01
8.522482514381408691e-01
8.692278265953063965e-01
8.971064090728759766e-01
9.190511107444763184e-01
9.377625584602355957e-01
9.541835188865661621e-01
9.683161377906799316e-01
9.794177412986755371e-01
9.870637059211730957e-01
9.907349944114685059e-01
9.709365963935852051e-01
9.690791964530944824e-01
9.753988385200500488e-01
9.648482203483581543e-01
6.134652495384216309e-01
1.962711453437805176e+00
2.398308277130126953e+00
2.249902963638305664e+00
2.113587617874145508e+00
2.021188497543334961e+00
1.958902001380920410e+00
1.929847121238708496e+00
1.928909659385681152e+00
1.941100716590881348e+00
1.939660072326660156e+00
1.839556932449340820e+00
1.633254289627075195e+00
1.547098159790039062e+00
1.530148625373840332e+00
2.307190179824829102e+00
1.762079238891601562e+00
1.663216590881347656e+00
1.460260510444641113e+00
1.556506276130676270e+00
6.034939885139465332e-01
4.876884520053863525e-01
3.362989425659179688e-01
-1.597907841205596924e-01
1.443060934543609619e-01
-2.116948843002319336e+00
-2.928531885147094727e+00
-3.214292526245117188e+00
-2.761014699935913086e+00
-2.520969629287719727e+00
-1.883812069892883301e+00
-1.055365204811096191e+00
3.761792778968811035e-01
-1.951144635677337646e-01
-5.982642769813537598e-01
9.038557410240173340e-01
5.301255583763122559e-01
-6.356694549322128296e-02
-7.084081172943115234e-01
1.830908417701721191e+00
4.172267317771911621e-01
-5.268060564994812012e-01
-5.661544203758239746e-01
-4.804823398590087891e-01
-1.164950355887413025e-01
-3.849333226680755615e-01
-5.504283308982849121e-01
-3.420047461986541748e-01
1.907167732715606689e-01
4.071239531040191650e-01
3.918651938438415527e-01
-3.820604979991912842e-01
-1.628784537315368652e+00
-5.969905257225036621e-01
3.262157142162322998e-01
-4.913639724254608154e-01
-2.185898542404174805e+00
-1.043071627616882324e+00
-9.733397364616394043e-01
-6.594161987304687500e-01
3.483438193798065186e-01
8.394549489021301270e-01
-5.770599097013473511e-02
-3.450341522693634033e-01
-3.336124718189239502e-01
5.688645243644714355e-01
-6.253735423088073730e-01
6.755157113075256348e-01
-3.663288801908493042e-02
-2.153011798858642578e+00
-1.926995158195495605e+00
-1.980555891990661621e+00
-2.151628732681274414e+00
-9.201694130897521973e-01
-1.691677212715148926e+00
-2.285860776901245117e+00
-1.377577066421508789e+00
-1.412793517112731934e+00
7.631687521934509277e-01
6.273600459098815918e-01
1.544661223888397217e-01
-9.278972148895263672e-01
-5.022505521774291992e-01
-4.905035346746444702e-02
-5.102311819791793823e-02
-1.614535212516784668e+00
-1.207832917571067810e-01
2.360325157642364502e-01
3.336313068866729736e-01
6.685000658035278320e-01
3.475113809108734131e-01
6.955106258392333984e-01
-2.287391662597656250e+00
-4.525868296623229980e-01
2.931605875492095947e-01
5.225439667701721191e-01
5.506771802902221680e-01
5.814207792282104492e-01
5.816603302955627441e-01
5.596745014190673828e-01
5.128514170646667480e-01
4.413664340972900391e-01
3.476289808750152588e-01
2.383754253387451172e-01
1.218612566590309143e-01
2.472855150699615479e-03
-1.190191134810447693e-01
-2.395562231540679932e-01
-3.507590889930725098e-01
1.389539837837219238e-01
-2.189581990242004395e-01
1.106105685234069824e+00
1.960240244865417480e+00
1.519829154014587402e+00
1.459932327270507812e+00
3.581121265888214111e-01
-1.002278923988342285e+00
-2.354867756366729736e-01
-8.403533101081848145e-01
6.198096871376037598e-01
-4.938618242740631104e-01
5.690667033195495605e-01
2.088400423526763916e-01
-5.844758749008178711e-01
4.199115335941314697e-01
-4.197509586811065674e-01
2.868169546127319336e-01
2.464821338653564453e-01
-9.607537388801574707e-01
3.739420324563980103e-02
1.049577817320823669e-01
-5.836882591247558594e-01
-1.701899468898773193e-01
2.422628700733184814e-01
-1.030162334442138672e+00
-6.226281523704528809e-01
-8.909794092178344727e-01
-6.180741190910339355e-01
-5.518762469291687012e-01
-5.205412507057189941e-01
-5.293928384780883789e-01
-5.324030518531799316e-01
-5.341240763664245605e-01
-5.337830185890197754e-01
-5.342442393302917480e-01
-4.728482067584991455e-01
-6.394360214471817017e-02
5.750147700309753418e-01
6.525632739067077637e-01
7.086867690086364746e-01
7.798261046409606934e-01
9.213835000991821289e-01
1.205403447151184082e+00
1.253840088844299316e+00
1.213565707206726074e+00
1.179167389869689941e+00
1.151570439338684082e+00
1.110468626022338867e+00
1.045475602149963379e+00
9.476837515830993652e-01
1.344906568527221680e+00
6.765242218971252441e-01
4.225616157054901123e-01
8.031981587409973145e-01
8.681394457817077637e-01
7.618457078933715820e-01
1.370248556137084961e+00
1.084790706634521484e+00
1.145266890525817871e+00
1.034473299980163574e+00
7.449826002120971680e-01
1.066789865493774414e+00
9.183603525161743164e-01
1.463222503662109375e-01
-2.614590406417846680e+00
-8.924815654754638672e-01
-1.111623406410217285e+00
1.033031418919563293e-01
-1.829702854156494141e+00
1.837614923715591431e-02
-8.739467859268188477e-01
-7.702406048774719238e-01
7.568137049674987793e-01
8.384669423103332520e-01
8.622336983680725098e-01
7.795668244361877441e-01
7.466075569391250610e-02
8.052808642387390137e-01
8.939082622528076172e-01
7.652109861373901367e-01
4.854889214038848877e-01
4.001634418964385986e-01
8.559597730636596680e-01
6.559646725654602051e-01
9.109745174646377563e-02
-5.921789258718490601e-02
1.583401262760162354e-01
1.105655804276466370e-01
2.436629682779312134e-02
-5.942638963460922241e-02
-1.280460059642791748e-01
1.343958675861358643e-01
-1.307873427867889404e-01
-3.120279014110565186e-01
-3.705210387706756592e-01
-4.007249772548675537e-01
-4.179039895534515381e-01
-4.264807999134063721e-01
-4.312756359577178955e-01
-4.345477521419525146e-01
-4.363017976284027100e-01
-4.353600442409515381e-01
-4.301631152629852295e-01
-4.191180169582366943e-01
-7.679579854011535645e-01
2.153562605381011963e-01
6.389773488044738770e-01
7.891686558723449707e-01
7.029047012329101562e-01
6.206410527229309082e-01
-5.669125169515609741e-02
-2.126773446798324585e-02
-1.900801360607147217e-01
-1.914897859096527100e-01
-8.962466567754745483e-02
-2.696617692708969116e-02
1.285717636346817017e-02
-2.524628341197967529e-01
1.425138860940933228e-02
8.816322088241577148e-01
1.782974839210510254e+00
3.573595762252807617e+00
3.377263784408569336e+00
3.099876642227172852e+00
2.694234132766723633e+00
2.157122850418090820e+00
1.650236248970031738e+00
1.362371325492858887e+00
1.747283577919006348e+00
1.670621275901794434e+00
1.393540978431701660e+00
1.040308833122253418e+00
8.626666069030761719e-01
4.941989481449127197e-01
2.611862421035766602e-01
7.360514998435974121e-01
1.162324786186218262e+00
5.048365145921707153e-02
2.857324481010437012e-01
1.247127890586853027e+00
9.818078875541687012e-01
7.083236575126647949e-01
-1.366232335567474365e-01
2.906660735607147217e-01
-1.893716305494308472e-02
-3.081851452589035034e-02
-6.404737830162048340e-01
-1.484409272670745850e-01
-1.042116880416870117e+00
-3.397798836231231689e-01
4.728212952613830566e-04
-1.200322136282920837e-01
-1.445146650075912476e-02
-4.336497783660888672e-01
-1.196516379714012146e-01
-4.569643437862396240e-01
-5.698826909065246582e-01
-6.906280517578125000e-01
-6.398878991603851318e-03
2.733084857463836670e-01
1.134743168950080872e-01
3.586738109588623047e-01
-1.648205816745758057e-01
-4.051026701927185059e-01
-4.821947216987609863e-01
3.808169960975646973e-01
4.172224998474121094e-01
8.529212474822998047e-01
1.139991402626037598e+00
9.567471146583557129e-01
8.638655543327331543e-01
4.822827279567718506e-01
6.741366535425186157e-02
-1.971211284399032593e-02
-3.559371083974838257e-02
-6.033983081579208374e-02
4.460398107767105103e-02
2.000929117202758789e-01
2.070851325988769531e-01
1.985380053520202637e-01
3.169182687997817993e-02
-2.192510962486267090e-01
-3.746256530284881592e-01
9.189846366643905640e-02
3.644664585590362549e-01
6.004009246826171875e-01
1.800604224205017090e+00
2.085848331451416016e+00
1.917227029800415039e+00
1.905389189720153809e+00
1.291319370269775391e+00
9.792724251747131348e-01
7.348333001136779785e-01
8.878870606422424316e-01
6.055945158004760742e-01
3.555482029914855957e-01
1.846529543399810791e-01
4.752637445926666260e-01
1.480306506156921387e+00
1.441454410552978516e+00
1.403781890869140625e+00
1.378744125366210938e+00
1.358188629150390625e+00
1.941828131675720215e+00
1.685443520545959473e+00
9.948377013206481934e-01
7.220890522003173828e-01
-2.760114520788192749e-02
-1.227414533495903015e-01
8.276004344224929810e-02
1.571871638298034668e-01
1.699388027191162109e-01
2.934609353542327881e-01
3.997097313404083252e-01
4.426458477973937988e-01
5.719801187515258789e-01
6.460093259811401367e-01
6.697065830230712891e-01
4.986844956874847412e-01
3.469729125499725342e-01
-1.022332161664962769e-02
6.765911728143692017e-02
1.329770684242248535e-01
2.446920871734619141e-01
4.057001173496246338e-01
6.001209616661071777e-01
7.090740799903869629e-01
-6.290223449468612671e-02
-1.295362412929534912e-01
-4.271430671215057373e-01
-2.454991638660430908e-01
-6.174916028976440430e-01
1.394399702548980713e-01
1.408139616250991821e-02
2.534514963626861572e-01
5.943127274513244629e-01
2.692545950412750244e-01
5.489369630813598633e-01
7.967904210090637207e-01
5.904821753501892090e-01
1.539018452167510986e-01
-1.364265382289886475e-01
-4.014279246330261230e-01
-4.540778994560241699e-01
-4.758303463459014893e-01
-2.513287663459777832e-01
-5.029594302177429199e-01
-2.352315664291381836e+00
-1.000826597213745117e+00
-6.481036543846130371e-01
-3.728846311569213867e-01
-8.218247294425964355e-01
-1.564260840415954590e+00
-4.873733222484588623e-01
-5.728500485420227051e-01
-1.860408484935760498e-01
-1.208573937416076660e+00
2.021074593067169189e-01
-5.303796529769897461e-01
3.321078121662139893e-01
2.351634204387664795e-01
1.746422350406646729e-01
8.001039177179336548e-02
-2.873167395591735840e-04
-9.614905714988708496e-01
-3.366756141185760498e-01
-1.741747617721557617e+00
-1.060067415237426758e+00
9.425141215324401855e-01
6.864367723464965820e-01
-9.119800925254821777e-01
-5.163064599037170410e-01
-1.383176445960998535e+00
-2.067163228988647461e+00
-1.783695936203002930e+00
-7.595974802970886230e-01
1.591586470603942871e-01
-5.767951607704162598e-01
-5.349381566047668457e-01
-1.596118092536926270e+00
-9.735519289970397949e-01
-8.457996249198913574e-01
1.578937768936157227e-01
-3.388320207595825195e-01
-2.291618287563323975e-01
-4.760647118091583252e-01
-1.275152683258056641e+00
-6.186538338661193848e-01
-2.296721041202545166e-01
-1.127106547355651855e+00
-8.696146011352539062e-01
-1.244214296340942383e+00
-1.349579334259033203e+00
-1.329325199127197266e+00
-1.653503179550170898e+00
-1.513336300849914551e+00
-1.162722468376159668e+00
-9.938188791275024414e-01
-1.226696968078613281e+00
-1.053770661354064941e+00
-1.204092621803283691e+00
-1.275604844093322754e+00
-1.319462060928344727e+00
-3.154899924993515015e-02
-8.602852225303649902e-01
-1.322531342506408691e+00
-1.331451177597045898e+00
-1.515407800674438477e+00
-1.573532342910766602e+00
-1.391719460487365723e+00
7.351311296224594116e-02
-9.207271933555603027e-01
-6.826338768005371094e-01
-8.697935342788696289e-01
2.032794058322906494e-01
-9.018518328666687012e-01
-1.005093455314636230e+00
-1.222479701042175293e+00
-4.733469784259796143e-01
-1.017653584480285645e+00
1.686711609363555908e-01
-5.911528468132019043e-01
2.515482604503631592e-01
9.120118021965026855e-01
-5.836091935634613037e-03
-3.513592183589935303e-01
1.236635923385620117e+00
6.389269828796386719e-01
-4.907411336898803711e-01
8.325353264808654785e-04
-9.379739165306091309e-01
-1.785951852798461914e-01
-2.549564540386199951e-01
-3.919785618782043457e-01
-4.439156949520111084e-01
-4.081080853939056396e-01
-2.357137203216552734e-01
2.096525132656097412e-01
1.031943410634994507e-02
2.525123953819274902e-02
9.361536055803298950e-02
2.495315968990325928e-01
3.591031432151794434e-01
1.155133008956909180e+00
3.224957585334777832e-01
2.842195928096771240e-01
1.129748940467834473e+00
2.328159093856811523e+00
2.326836347579956055e+00
1.989193558692932129e+00
1.638815045356750488e+00
1.028443694114685059e+00
7.762956023216247559e-01
6.685835123062133789e-01
6.510589718818664551e-01
7.625797390937805176e-01
-1.120945066213607788e-02
-3.947870433330535889e-01
-1.661030054092407227e+00
-1.567850708961486816e+00
-6.571149230003356934e-01
5.168654322624206543e-01
-1.465979516506195068e-01
-9.080942869186401367e-01
-4.952768385410308838e-01
-9.203160405158996582e-01
-9.104869961738586426e-01
-1.019962430000305176e+00
-8.991706967353820801e-01
-6.042056083679199219e-01
1.205492973327636719e+00
7.260362505912780762e-01
1.101778149604797363e+00
8.623166680335998535e-01
2.285217523574829102e+00
7.747294306755065918e-01
-1.631949245929718018e-01
4.603282362222671509e-02
7.177958488464355469e-01
4.340496957302093506e-01
1.088629603385925293e+00
1.974087595939636230e+00
1.233612418174743652e+00
1.103623509407043457e+00
-1.198571324348449707e+00
8.578651547431945801e-01
1.411617159843444824e+00
1.172098159790039062e+00
-1.072006940841674805e+00
-4.289986491203308105e-01
1.568475842475891113e+00
1.321226239204406738e+00
1.109963774681091309e+00
-4.768123924732208252e-01
7.077445387840270996e-01
1.158316373825073242e+00
9.230945110321044922e-01
8.485089987516403198e-02
5.929812788963317871e-01
7.878482341766357422e-01
8.156815171241760254e-01
4.598943293094635010e-01
-1.043150648474693298e-01
5.386248230934143066e-04
1.104444041848182678e-01
4.748111069202423096e-01
8.007404208183288574e-01
4.221488535404205322e-01
1.833871304988861084e-01
3.677342087030410767e-02
-1.902794539928436279e-01
-3.238078206777572632e-02
3.418288379907608032e-02
1.696548759937286377e-01
4.965231567621231079e-02
1.445606052875518799e-01
-1.128151640295982361e-01
-7.130553573369979858e-02
-2.710295021533966064e-01
-2.522497475147247314e-01
-1.696452796459197998e-01
-4.099780619144439697e-01
-1.543792784214019775e-01
-1.205551251769065857e-01
-1.687546670436859131e-01
-3.019647300243377686e-01
-2.674762308597564697e-01
-4.466768205165863037e-01
-4.006596654653549194e-02
-1.553220450878143311e-01
-2.406519949436187744e-01
-2.235055863857269287e-01
-9.227385371923446655e-02
-1.643487513065338135e-01
-2.616564929485321045e-01
-2.891227304935455322e-01
-1.004971265792846680e+00
-4.145187437534332275e-01
-3.156088888645172119e-01
-2.535057961940765381e-01
-4.099269956350326538e-02
2.517239004373550415e-02
2.248893082141876221e-01
1.766548454761505127e-01
9.302804619073867798e-02
8.980087190866470337e-02
-3.251155465841293335e-02
-1.863667666912078857e-01
-1.687564551830291748e-01
-1.326444447040557861e-01
-1.060523614287376404e-01
-4.994107186794281006e-01
-6.966992467641830444e-02
2.029267847537994385e-01
-1.432676613330841064e-01
-3.903480172157287598e-01
-2.257417738437652588e-01
-2.277795374393463135e-01
3.010751307010650635e-01
7.828322052955627441e-01
4.546810090541839600e-01
9.017205983400344849e-02
1.447559893131256104e-01
2.287724316120147705e-01
-5.500479787588119507e-02
8.986349701881408691e-01
3.152109861373901367e+00
2.230592489242553711e+00
1.883331537246704102e+00
1.245554804801940918e+00
7.880037426948547363e-01
4.318765699863433838e-01
1.548661887645721436e-01
-2.301017940044403076e-01
-5.451473593711853027e-01
-7.072835564613342285e-01
-7.551696896553039551e-01
-9.004647135734558105e-01
-3.579190671443939209e-01
-2.208545058965682983e-02
3.672730624675750732e-01
2.684641182422637939e-01
4.453002512454986572e-01
3.895919024944305420e-01
5.314580351114273071e-02
-3.347878158092498779e-01
1.393880546092987061e-01
-1.756990790367126465e+00
-1.060423016548156738e+00
-1.081296205520629883e+00
-1.630824565887451172e+00
-2.017337799072265625e+00
-1.570290327072143555e+00
-1.569521307945251465e+00
-5.411643981933593750e-01
-1.185355544090270996e+00
-1.650073528289794922e+00
-2.404953956604003906e+00
-2.493320465087890625e+00
-2.422706365585327148e+00
-2.317761421203613281e+00
-1.060693502426147461e+00
-1.677339196205139160e+00
-1.399494886398315430e+00
-1.790141224861145020e+00
-2.876852750778198242e+00
-2.414753437042236328e+00
-2.263964653015136719e+00
-2.095947027206420898e+00
-2.277234792709350586e+00
-1.891085505485534668e+00
-7.764490842819213867e-01
-2.054675817489624023e+00
-2.376131296157836914e+00
-2.382589101791381836e+00
-2.349527120590209961e+00
-2.429456472396850586e+00
-2.604102373123168945e+00
-2.060583353042602539e+00
-1.158997416496276855e+00
1.684008538722991943e-01
-5.514474511146545410e-01
-8.480290770530700684e-01
1.173204556107521057e-01
1.389860212802886963e-01
-1.462884843349456787e-01
-6.624176502227783203e-01
-8.194390535354614258e-01
-3.880775868892669678e-01
-1.245389208197593689e-01
-8.537415266036987305e-01
-2.062801122665405273e+00
6.196745038032531738e-01
4.230299890041351318e-01
5.328204035758972168e-01
3.590168952941894531e-01
1.308002114295959473e+00
7.743005156517028809e-01
4.147415459156036377e-01
5.635120272636413574e-01
4.551528990268707275e-01
4.976254999637603760e-01
5.033575296401977539e-01
2.819712162017822266e-01
3.490939438343048096e-01
2.715889513492584229e-01
2.900584340095520020e-01
1.795471906661987305e-01
4.633107483386993408e-01
7.058419585227966309e-01
-1.735145449638366699e-01
4.837415516376495361e-01
-1.258795022964477539e+00
-2.099716961383819580e-01
3.159774243831634521e-01
2.739407122135162354e-01
1.124521568417549133e-01
1.988186240196228027e-01
5.080538392066955566e-01
7.410672903060913086e-01
7.648591399192810059e-01
7.202017307281494141e-01
6.493144631385803223e-01
5.908860564231872559e-01
5.810069441795349121e-01
6.174440383911132812e-01
6.416712999343872070e-01
6.848163604736328125e-01
4.731695353984832764e-01
-1.416736245155334473e-01
7.383804917335510254e-01
7.819232344627380371e-01
2.530419528484344482e-01
4.437229335308074951e-01
-6.667817234992980957e-01
2.272581160068511963e-01
3.981490433216094971e-01
2.434705018997192383e+00
1.599795937538146973e+00
7.790742516517639160e-01
1.652992963790893555e+00
1.313188552856445312e+00
9.640721678733825684e-01
1.815613210201263428e-01
-1.454548716545104980e+00
-2.684108972549438477e+00
-2.609785795211791992e+00
-1.590749621391296387e-01
-6.185584664344787598e-01
1.711476445198059082e+00
1.301401019096374512e+00
9.904964566230773926e-01
4.267705976963043213e-01
8.887702822685241699e-01
9.405233860015869141e-01
8.593521714210510254e-01
3.898809552192687988e-01
7.610613107681274414e-01
5.842723846435546875e-01
-1.941080987453460693e-01
4.010100066661834717e-01
4.149424135684967041e-01
3.253403604030609131e-01
-8.078806400299072266e-01
-3.439905345439910889e-01
4.316656887531280518e-01
5.725210309028625488e-01
1.073825836181640625e+00
8.665909171104431152e-01
9.084864854812622070e-01
-6.275630593299865723e-01
-1.393428564071655273e+00
4.868257939815521240e-01
1.139008402824401855e+00
1.264175415039062500e+00
2.012144029140472412e-01
3.145458698272705078e-01
2.436628639698028564e-01
8.097422719001770020e-01
-4.238798916339874268e-01
-2.976052463054656982e-01
3.857099115848541260e-01
3.779594004154205322e-01
-3.608009517192840576e-01
-1.530381292104721069e-02
-3.054920136928558350e-01
-6.160207986831665039e-01
-6.162599921226501465e-01
1.738181114196777344e-01
1.067149281501770020e+00
1.619444727897644043e+00
1.421523213386535645e+00
2.350088834762573242e+00
2.884177684783935547e+00
1.656073689460754395e+00
1.153644442558288574e+00
-7.237205505371093750e-01
-9.810919165611267090e-01
-1.414316534996032715e+00
-8.776937723159790039e-01
-5.734910815954208374e-02
-2.089799940586090088e-01
-6.635727286338806152e-01
-7.532703280448913574e-01
-1.495382905006408691e+00
-1.373043775558471680e+00
-1.013874411582946777e+00
-1.131545424461364746e+00
-4.594797790050506592e-01
4.834649264812469482e-01
2.470073997974395752e-01
2.224734127521514893e-01
1.102864384651184082e+00
-4.939292371273040771e-01
-1.279545128345489502e-01
1.475681960582733154e-01
2.936519682407379150e-03
6.038578152656555176e-01
4.432576596736907959e-01
-4.092082381248474121e-04
-2.286928594112396240e-01
8.966706395149230957e-01
3.744184672832489014e-01
1.086138606071472168e+00
2.004099786281585693e-01
3.582233488559722900e-01
5.841627717018127441e-01
6.457843780517578125e-01
5.930920243263244629e-01
3.486552536487579346e-01
4.069683849811553955e-01
3.490559160709381104e-01
3.612730801105499268e-01
2.140251547098159790e-02
4.632965624332427979e-01
3.504327833652496338e-01
-2.564569562673568726e-02
6.071398854255676270e-01
2.071608006954193115e-01
-6.495091319084167480e-01
-7.424476742744445801e-01
-3.257212936878204346e-01
-2.558004260063171387e-01
-5.263247489929199219e-01
-1.442349851131439209e-01
-8.658575415611267090e-01
-3.468309938907623291e-01
-4.489343464374542236e-01
-8.677332401275634766e-01
-4.315122216939926147e-02
-3.964129388332366943e-01
-2.875247299671173096e-01
-1.303848326206207275e-01
-6.909154653549194336e-01
-2.935389578342437744e-01
-7.104542106389999390e-02
-1.109159216284751892e-01
-2.516843378543853760e-01
-8.528850972652435303e-03
-2.610958516597747803e-01
1.766052961349487305e+00
1.790400445461273193e-01
1.060399413108825684e+00
8.040317893028259277e-01
8.990960717201232910e-01
1.627702265977859497e-02
3.953465819358825684e-01
5.676140189170837402e-01
2.195166051387786865e-01
1.063361763954162598e+00
8.706007152795791626e-02
-1.404044330120086670e-01
1.516663730144500732e-01
8.699605613946914673e-02
9.793553501367568970e-02
2.339484989643096924e-01
5.918572098016738892e-02
2.878142148256301880e-02
6.852886825799942017e-02
2.181474119424819946e-02
1.134629026055335999e-01
2.056899964809417725e-01
3.435442596673965454e-02
-1.913165152072906494e-01
-1.565345823764801025e-01
-8.119740337133407593e-02
-5.026124417781829834e-03
8.876106888055801392e-02
-1.281120181083679199e+00
-8.718543052673339844e-01
6.675735861063003540e-02
6.037895083427429199e-01
1.053541675209999084e-01
-7.703527063131332397e-02
-1.272495687007904053e-01
2.341878414154052734e-01
8.442925810813903809e-01
-6.188427656888961792e-02
-6.917816400527954102e-01
2.732834964990615845e-02
1.164602637290954590e+00
1.435967087745666504e+00
1.353009581565856934e+00
9.532455801963806152e-01
3.013612926006317139e-01
-1.065725803375244141e+00
-1.091188907623291016e+00
-1.183717727661132812e+00
5.064224004745483398e-01
5.708503723144531250e-01
-1.017080664634704590e+00
-1.431220769882202148e+00
-1.638499140739440918e+00
-9.085798263549804688e-01
1.548088669776916504e+00
7.470206171274185181e-02
9.728793501853942871e-01
4.048759490251541138e-02
5.459845066070556641e-01
-3.201532065868377686e-01
-3.051874041557312012e-01
-1.379574775695800781e+00
-3.294229805469512939e-01
-3.476569056510925293e-01
-3.481881618499755859e-01
-1.411203145980834961e+00
-2.364063858985900879e-01
-3.504938781261444092e-01
-4.854253232479095459e-01
-4.559565484523773193e-01
-5.188553929328918457e-01
1.634955704212188721e-01
4.144358634948730469e-02
-3.898409307003021240e-01
1.155874133110046387e+00
6.800225377082824707e-02
-2.304443717002868652e-01
-2.660265862941741943e-01
-7.570117115974426270e-01
-1.353616356849670410e+00
-1.926830172538757324e+00
-1.953931927680969238e+00
-1.368433117866516113e+00
-8.583871722221374512e-01
-5.701025724411010742e-01
-1.735351979732513428e-03
1.249704718589782715e+00
5.660611391067504883e-01
-4.135740697383880615e-01
-2.586612939834594727e+00
-6.423133015632629395e-01
1.953680813312530518e-02
-2.480734586715698242e-01
-6.177374124526977539e-01
-9.558950662612915039e-01
-7.515102028846740723e-01
-8.683412671089172363e-01
-6.478733420372009277e-01
-1.094405412673950195e+00
-1.020868778228759766e+00
-4.137926995754241943e-01
-4.241892397403717041e-01
-4.605701863765716553e-01
-5.026969909667968750e-01
-5.368468761444091797e-01
-5.350341200828552246e-01
-5.133666396141052246e-01
-5.188604593276977539e-01
-5.434083342552185059e-01
-8.863356113433837891e-01
-1.071417450904846191e+00
-8.349684476852416992e-01
-7.070969939231872559e-01
-5.937667489051818848e-01
-5.532910823822021484e-01
-5.378000736236572266e-01
-5.126350522041320801e-01
-5.597000718116760254e-01
-6.576194763183593750e-01
-7.208800911903381348e-01
-7.053456902503967285e-01
-5.084547400474548340e-01
-2.813982963562011719e-01
-1.080145463347434998e-01
-1.131986305117607117e-01
-6.528522819280624390e-02
-3.461361825466156006e-01
-7.328612804412841797e-01
-6.514744758605957031e-01
-5.837044119834899902e-01
-5.340898633003234863e-01
-4.757409393787384033e-01
-3.628731369972229004e-01
-3.334178328514099121e-01
-3.543182909488677979e-01
-2.244617342948913574e-01
-5.059478878974914551e-01
-6.318234801292419434e-01
-8.341236114501953125e-01
-6.967227458953857422e-01
-3.325511515140533447e-01
-1.618804335594177246e-01
7.131973654031753540e-02
-1.599468290805816650e-01
2.199395596981048584e-01
-1.026731133460998535e+00
-1.050233364105224609e+00
-4.020038247108459473e-01
-2.487623989582061768e-01
-7.406054139137268066e-01
-1.483167409896850586e-01
3.192052245140075684e-01
6.247103810310363770e-01
-2.169390916824340820e-01
-1.217834115028381348e+00
-1.536358475685119629e+00
2.045511305332183838e-01
6.584315299987792969e-01
1.792264878749847412e-01
-3.020569980144500732e-01
4.208205342292785645e-01
5.192137956619262695e-01
1.189652204513549805e+00
1.511266350746154785e+00
1.751260876655578613e+00
-1.178165316581726074e+00
-8.546139001846313477e-01
-2.172941267490386963e-01
-1.982173621654510498e-01
-8.087053894996643066e-01
2.330684363842010498e-01
2.166550457477569580e-01
-6.395302712917327881e-03
8.474203944206237793e-01
1.052341580390930176e+00
9.846439957618713379e-01
5.511898398399353027e-01
2.539762556552886963e-01
-2.247608453035354614e-02
6.222538948059082031e-01
8.281446695327758789e-01
6.238390803337097168e-01
3.466426134109497070e-01
1.557431221008300781e-01
1.952395141124725342e-01
1.242187991738319397e-01
-3.769255578517913818e-01
-5.326884388923645020e-01
-3.993869125843048096e-01
-6.594423651695251465e-01
-3.201547563076019287e-01
-3.514062762260437012e-01
3.834632784128189087e-02
5.429379343986511230e-01
5.950165390968322754e-01
-1.146144792437553406e-01
-4.984330236911773682e-01
-1.293708682060241699e+00
-1.035087347030639648e+00
-8.238022327423095703e-01
-2.739776074886322021e-01
1.803135871887207031e-01
-1.488735675811767578e-01
-1.890606433153152466e-02
6.435562968254089355e-01
6.990560293197631836e-01
2.066798806190490723e-01
4.615817219018936157e-02
-9.155049175024032593e-02
-4.517244547605514526e-02
-2.837885171175003052e-02
-1.729428172111511230e-01
2.398932576179504395e-01
3.753823041915893555e-01
2.330551147460937500e-01
-1.885789632797241211e-01
1.485498845577239990e-01
8.717540651559829712e-02
8.797437697649002075e-02
-3.416552394628524780e-02
-1.891551315784454346e-01
-1.029106006026268005e-01
-1.107302233576774597e-01
-1.788939237594604492e-01
-1.592772603034973145e-01
-1.653027832508087158e-01
-1.970025599002838135e-01
-3.027315437793731689e-01
-2.921882569789886475e-01
-1.011446341872215271e-01
-1.656489968299865723e-01
-7.447241991758346558e-02
1.066548600792884827e-01
-1.166147813200950623e-01
-1.634285151958465576e-01
-8.652039617300033569e-02
-1.267490684986114502e-01
-5.925672501325607300e-02
-8.713971823453903198e-02
-3.205619156360626221e-01
-1.780708879232406616e-02
7.145196944475173950e-02
2.365575432777404785e-01
3.038516044616699219e-01
3.202676475048065186e-01
3.314389884471893311e-01
3.412691056728363037e-01
3.451277017593383789e-01
3.360181748867034912e-01
-3.351979255676269531e-01
-5.067949295043945312e-01
-8.962872624397277832e-01
7.981523126363754272e-02
2.248605489730834961e-01
3.314529657363891602e-01
4.205765575170516968e-02
1.494408249855041504e-01
1.205419674515724182e-01
1.083015322685241699e+00
9.776574969291687012e-01
1.656072854995727539e+00
1.099394917488098145e+00
9.979211688041687012e-01
6.014154106378555298e-02
-2.048807859420776367e+00
-2.439819812774658203e+00
-1.770249247550964355e+00
-1.103441834449768066e+00
-8.834808468818664551e-01
7.248134016990661621e-01
-3.723832219839096069e-02
-2.331987321376800537e-01
-4.544930160045623779e-01
1.023769736289978027e+00
8.225633502006530762e-01
-1.795586943626403809e-01
-5.120928287506103516e-01
1.670067310333251953e-01
-4.011680930852890015e-02
-6.702991127967834473e-01
-6.817815303802490234e-01
-1.519536733627319336e+00
-9.028663635253906250e-01
-2.275083959102630615e-01
-4.533134996891021729e-01
-1.269535422325134277e+00
-7.298244833946228027e-01
-1.821392178535461426e+00
-4.928002655506134033e-01
-1.031720280647277832e+00
-1.028458476066589355e+00
-1.158470273017883301e+00
2.364979088306427002e-01
-5.814328193664550781e-01
-4.709442555904388428e-01
1.309738457202911377e-01
1.272036135196685791e-01
-8.180501312017440796e-02
1.341073811054229736e-01
-5.536814779043197632e-02
-9.305766820907592773e-01
1.735179722309112549e-01
-3.375967592000961304e-02
2.546754181385040283e-01
1.088560938835144043e+00
-8.186551183462142944e-02
1.392707347869873047e+00
6.611219048500061035e-01
7.375393509864807129e-01
-2.365066856145858765e-02
7.134596258401870728e-02
4.970846474170684814e-01
5.254872441291809082e-01
-1.393753886222839355e+00
1.324452459812164307e-03
6.582442671060562134e-02
1.007961407303810120e-01
2.255288511514663696e-02
-1.054331883788108826e-01
-2.268501222133636475e-01
3.137713968753814697e-01
6.470648199319839478e-02
2.648816257715225220e-02
3.272159397602081299e-02
3.599979579448699951e-01
5.413762927055358887e-01
-2.696567475795745850e-01
-7.559688687324523926e-01
-5.631679892539978027e-01
1.032267585396766663e-01
-1.062540173530578613e+00
-2.503205239772796631e-01
-6.202431321144104004e-01
-3.319270908832550049e-01
4.542080312967300415e-02
3.436726927757263184e-01
3.807650208473205566e-01
3.359373509883880615e-01
-2.396292984485626221e-01
-5.174565911293029785e-01
-3.117174804210662842e-01
-8.838755637407302856e-02
-1.355508565902709961e-01
-3.165843188762664795e-01
-6.520367264747619629e-01
-5.971556305885314941e-01
-7.849293351173400879e-01
-7.137739062309265137e-01
-5.275129079818725586e-01
-6.419292688369750977e-01
-1.007003188133239746e-01
1.476711779832839966e-02
-1.318180859088897705e-01
-3.146091401576995850e-01
-1.444498002529144287e-01
-7.374990582466125488e-01
-9.075804948806762695e-01
-6.153337955474853516e-01
-7.759866118431091309e-01
-7.422046065330505371e-01
-1.275473535060882568e-01
-1.860168874263763428e-01
1.111038029193878174e-03
2.030816972255706787e-01
2.904263436794281006e-01
6.700429916381835938e-01
-2.169732153415679932e-01
2.143182158470153809e-01
2.619361579418182373e-01
3.912748992443084717e-01
4.549935162067413330e-01
9.213999658823013306e-02
2.502473294734954834e-01
8.064113855361938477e-01
8.273298740386962891e-01
8.488471508026123047e-01
1.111583352088928223e+00
1.613581776618957520e+00
4.612747579813003540e-02
-6.708341836929321289e-01
5.030385404825210571e-02
5.378369688987731934e-01
2.473064959049224854e-01
-1.489296257495880127e-01
-2.734163701534271240e-01
5.267309546470642090e-01
1.123959794640541077e-01
-1.054344400763511658e-01
-2.785756886005401611e-01
-3.248788118362426758e-01
5.087078362703323364e-02
2.718706727027893066e-01
2.169053256511688232e-01
1.664888560771942139e-01
3.091515004634857178e-01
-9.307645261287689209e-03
-1.846285462379455566e-01
-2.374475300312042236e-01
-2.893822491168975830e-01
-3.160850107669830322e-01
-3.259451091289520264e-01
-3.290246427059173584e-01
-3.327483832836151123e-01
-3.534187972545623779e-01
-3.797027766704559326e-01
-4.508492648601531982e-01
-3.501661121845245361e-01
-9.004520624876022339e-02
-2.926196455955505371e-01
-2.582065463066101074e-01
-3.649030923843383789e-01
-3.741005361080169678e-01
-3.693890273571014404e-01
-3.632016181945800781e-01
-3.556145429611206055e-01
-7.760404944419860840e-01
-8.799212574958801270e-01
-4.631690680980682373e-01
-1.211202383041381836e+00
-6.576260328292846680e-01
-1.542057096958160400e-01
1.477794349193572998e-01
-1.236408576369285583e-01
-7.857284545898437500e-01
-9.028490781784057617e-01
-7.167464494705200195e-01
-3.693816065788269043e-01
-1.112806126475334167e-01
-4.071535766124725342e-01
-4.329709112644195557e-01
-4.454969763755798340e-01
-4.877444803714752197e-01
6.413497030735015869e-03
8.284708857536315918e-01
1.344702959060668945e+00
1.328007698059082031e+00
1.189749598503112793e+00
1.192390680313110352e+00
1.493761658668518066e+00
1.248997092247009277e+00
1.435038447380065918e+00
2.103206872940063477e+00
2.223444223403930664e+00
2.156714677810668945e+00
1.742631077766418457e+00
1.554098725318908691e+00
-3.631810843944549561e-01
-2.950738668441772461e-01
-1.934643089771270752e-01
-1.250095009803771973e+00
-1.419074654579162598e+00
-1.606899857521057129e+00
-5.417070388793945312e-01
-5.658527612686157227e-01
-1.171754717826843262e+00
-1.510786056518554688e+00
-1.204064488410949707e+00
-7.652384638786315918e-01
-1.567562699317932129e+00
-1.096114516258239746e+00
-1.174750328063964844e+00
-1.042064785957336426e+00
-5.149224996566772461e-01
-9.936202764511108398e-01
-1.060999751091003418e+00
-4.423597157001495361e-01
-1.588712573051452637e+00
-1.697597384452819824e+00
-1.293746232986450195e+00
-1.495060086250305176e+00
-1.690463900566101074e+00
-5.704018473625183105e-01
-6.069045662879943848e-01
-7.797808051109313965e-01
-1.271817326545715332e+00
-9.806210994720458984e-01
-7.403026223182678223e-01
-8.721421360969543457e-01
-9.029547572135925293e-01
-1.338314890861511230e+00
-1.054950833320617676e+00
-9.269871115684509277e-01
-1.280737996101379395e+00
-1.484842181205749512e+00
-3.522611856460571289e-01
-5.075323581695556641e-01
-1.374570369720458984e+00
4.027993977069854736e-01
-3.593073189258575439e-01
-9.382220357656478882e-02
-4.627855867147445679e-02
1.176180019974708557e-01
-2.693583816289901733e-02
4.199642688035964966e-02
4.554633051156997681e-02
-6.063898205757141113e-01
1.753174662590026855e-01
-7.208840250968933105e-01
-5.254941582679748535e-01
-1.698867082595825195e-01
-1.647724807262420654e-01
-1.452113389968872070e-01
-8.609884232282638550e-02
-3.255935758352279663e-02
3.671683371067047119e-03
2.122398912906646729e-01
5.835856199264526367e-01
7.639548182487487793e-01
7.724089622497558594e-01
1.274734437465667725e-01
-9.677072614431381226e-02
2.710077464580535889e-01
-8.104699105024337769e-02
-1.932961642742156982e-01
-1.940827071666717529e-01
-9.533364772796630859e-01
