1.651106834411621094e+00
2.074330329895019531e+00
2.205742835998535156e+00
1.054853677749633789e+00
2.475437521934509277e-02
-1.742011070251464844e+00
-4.872106015682220459e-01
-1.448390007019042969e+00
-1.335629701614379883e+00
-1.599496006965637207e+00
-2.028654575347900391e+00
-2.042933702468872070e+00
-1.723357915878295898e+00
-1.611545205116271973e+00
-1.534123897552490234e+00
-1.431227326393127441e+00
-1.361570477485656738e+00
-1.313944339752197266e+00
-1.242479681968688965e+00
-1.112923264503479004e+00
-9.922100305557250977e-01
-9.382156133651733398e-01
-8.992666006088256836e-01
-8.279986381530761719e-01
-7.261445522308349609e-01
-6.692162752151489258e-01
-6.720198392868041992e-01
-6.594741344451904297e-01
-6.477621793746948242e-01
-6.274632215499877930e-01
-5.848342180252075195e-01
-5.095943212509155273e-01
-3.969567716121673584e-01
-3.343215882778167725e-01
-2.508594691753387451e-01
3.119882941246032715e-02
-3.395248949527740479e-01
-3.783313333988189697e-01
-3.802979290485382080e-01
-3.324892222881317139e-01
-2.538383007049560547e-01
-1.705548167228698730e-01
-1.650853753089904785e-01
-5.689538717269897461e-01
-1.560705006122589111e-01
4.550248384475708008e-02
-2.885374426841735840e-02
-4.035387337207794189e-01
-4.255228936672210693e-01
-2.120921611785888672e-01
8.325397968292236328e-03
-4.704875051975250244e-01
-5.118122100830078125e-01
-4.701054394245147705e-01
-4.423281848430633545e-01
-3.280695378780364990e-01
-2.517984211444854736e-01
-1.621996164321899414e-01
-4.498046636581420898e-02
4.255682229995727539e-03
7.931497693061828613e-02
1.810906231403350830e-01
1.240563392639160156e-01
-7.638436555862426758e-02
-3.156867623329162598e-01
-3.580500781536102295e-01
-3.267320096492767334e-01
-1.006954073905944824e+00
-5.581403970718383789e-01
1.270597577095031738e-01
7.446380853652954102e-01
4.425278007984161377e-01
2.329897284507751465e-01
-1.152250647544860840e+00
-4.215315282344818115e-01
-3.333954513072967529e-02
4.560624659061431885e-01
-4.136859476566314697e-01
-1.417299628257751465e+00
-1.777016401290893555e+00
-1.929990172386169434e+00
-2.000103473663330078e+00
-1.960484862327575684e+00
-1.852861285209655762e+00
-1.866952061653137207e+00
-1.773995757102966309e+00
-1.604016184806823730e+00
-1.349468350410461426e+00
-1.243049502372741699e+00
-1.546401023864746094e+00
-1.277715563774108887e+00
-5.973895788192749023e-01
-4.859493672847747803e-01
-5.205136537551879883e-01
-6.977988481521606445e-01
-8.504737615585327148e-01
3.046865761280059814e-01
6.168885231018066406e-01
8.400976657867431641e-04
1.407314538955688477e-01
4.042403995990753174e-01
1.524896144866943359e+00
7.637993097305297852e-01
8.168792724609375000e-01
5.543178319931030273e-01
7.689216732978820801e-02
-2.172915041446685791e-01
-1.555108726024627686e-01
3.928975164890289307e-01
1.462495028972625732e-01
6.954507827758789062e-01
6.908335685729980469e-01
7.740129232406616211e-01
2.604806721210479736e-01
4.086908400058746338e-01
3.470188975334167480e-01
2.470484972000122070e-01
5.254122018814086914e-01
8.697273731231689453e-01
2.758748531341552734e-01
-4.933650791645050049e-01
-1.018557071685791016e+00
-3.273738920688629150e-01
2.673551440238952637e-02
1.314340233802795410e-01
2.732783555984497070e-01
1.799120008945465088e-01
1.413325965404510498e-01
1.419799625873565674e-01
1.879979968070983887e-01
3.673303723335266113e-01
5.048188567161560059e-02
2.139149904251098633e-01
5.433330535888671875e-01
5.422205924987792969e-01
5.467333793640136719e-01
5.402849912643432617e-01
5.229023098945617676e-01
5.106481313705444336e-01
4.576633870601654053e-01
4.907343685626983643e-01
1.946476995944976807e-01
4.268223345279693604e-01
3.412739336490631104e-01
3.208702504634857178e-01
2.882482111454010010e-01
2.637953460216522217e-01
2.375577390193939209e-01
2.108116447925567627e-01
1.823448836803436279e-01
1.551153361797332764e-01
3.330740332603454590e-02
-7.326623797416687012e-02
-2.326928079128265381e-01
-1.471405327320098877e-01
-1.037574112415313721e-01
1.538933813571929932e-01
7.551395893096923828e-02
8.805981278419494629e-02
1.652830541133880615e-01
-3.751600086688995361e-01
-4.790455102920532227e-03
-1.858095824718475342e-01
6.484332680702209473e-02
-3.497898280620574951e-01
4.350614249706268311e-01
4.178839921951293945e-02
1.085499525070190430e+00
-6.861925125122070312e-03
-1.255445182323455811e-01
-5.478342771530151367e-01
3.146960437297821045e-01
2.082317769527435303e-01
-2.235397696495056152e-01
-2.777212560176849365e-01
4.445351958274841309e-01
-2.458272576332092285e-01
-2.637770473957061768e-01
7.822725176811218262e-02
8.063204288482666016e-01
1.282908618450164795e-01
2.395149767398834229e-01
-8.930767774581909180e-01
-3.766650855541229248e-01
-1.033093690872192383e+00
-5.509936809539794922e-01
1.599881052970886230e-02
-1.537429988384246826e-01
5.404037237167358398e-01
3.171188533306121826e-01
2.931395173072814941e-02
6.346346139907836914e-01
6.112204790115356445e-01
1.163179039955139160e+00
-1.625126719474792480e+00
-3.061255693435668945e+00
-2.503778696060180664e+00
-1.240240573883056641e+00
-5.017528533935546875e-01
1.126083135604858398e+00
-1.691020369529724121e+00
-3.908374071121215820e+00
-4.796486377716064453e+00
-1.163206458091735840e+00
-1.896445870399475098e+00
-2.381242513656616211e+00
-2.041612625122070312e+00
-2.440263032913208008e+00
-2.840377807617187500e+00
-2.033726930618286133e+00
-2.427238225936889648e+00
-2.369978189468383789e+00
-2.539857149124145508e+00
-2.620754480361938477e+00
-2.654725790023803711e+00
-2.651012897491455078e+00
-2.648556470870971680e+00
-2.174675226211547852e+00
-1.924759268760681152e+00
-3.662950515747070312e+00
-4.720518589019775391e+00
-3.371624946594238281e+00
-2.223176717758178711e+00
1.092263340950012207e+00
-1.512116789817810059e+00
-1.246601462364196777e+00
-6.389564275741577148e-01
-9.027941226959228516e-01
-2.120781242847442627e-01
8.933755755424499512e-02
-8.147912025451660156e-01
-1.391537427902221680e+00
-1.301555037498474121e+00
-1.246357679367065430e+00
-1.216501116752624512e+00
-1.124480009078979492e+00
-9.749361276626586914e-01
-8.810151815414428711e-01
-7.178286314010620117e-01
-2.525349855422973633e-01
-4.610359966754913330e-01
-6.139985322952270508e-01
-6.444872617721557617e-01
-5.614662170410156250e-01
-5.281183719635009766e-01
5.165228247642517090e-02
-1.110546290874481201e-01
1.099171936511993408e-01
2.084092199802398682e-01
-1.327249705791473389e-01
-1.931031644344329834e-01
-2.876190245151519775e-01
-1.912223398685455322e-01
9.271343946456909180e-01
5.931748151779174805e-01
8.251744508743286133e-01
5.138435363769531250e-01
4.625884890556335449e-01
3.117361366748809814e-01
3.643547296524047852e-01
2.655657529830932617e-01
1.043822467327117920e-01
8.365958929061889648e-04
-4.595391452312469482e-02
1.216689944267272949e+00
7.835537195205688477e-02
2.192313373088836670e-01
1.489651918411254883e+00
7.956296205520629883e-01
8.553134202957153320e-01
1.113474011421203613e+00
1.292584180831909180e+00
5.160015821456909180e-01
7.592595815658569336e-01
2.055865824222564697e-01
6.144211292266845703e-01
5.148425102233886719e-01
2.728221714496612549e-01
8.351829051971435547e-01
-9.509056806564331055e-03
5.488046407699584961e-01
4.888123273849487305e-02
-1.062645912170410156e-01
-3.394680917263031006e-01
-9.251999855041503906e-02
-2.935071885585784912e-01
-2.654669582843780518e-01
-2.573591768741607666e-01
-2.579139173030853271e-01
-2.571856677532196045e-01
-2.427497208118438721e-01
-1.936937570571899414e-01
4.604843258857727051e-02
7.006108760833740234e-03
1.234668493270874023e-02
-9.851145744323730469e-02
-2.359686791896820068e-01
4.246711730957031250e-03
-9.197312593460083008e-02
-7.022746801376342773e-01
-3.070939481258392334e-01
-2.827884256839752197e-01
-2.919578552246093750e-01
-3.309935033321380615e-01
-4.065211713314056396e-01
-4.515781104564666748e-01
-6.031357049942016602e-01
-9.392582178115844727e-01
-1.223116755485534668e+00
-9.610757827758789062e-01
-9.639416933059692383e-01
-1.028670907020568848e+00
-1.306309103965759277e+00
-1.186776638031005859e+00
-1.170819640159606934e+00
-1.185721039772033691e+00
-1.212885499000549316e+00
-1.311835408210754395e+00
-1.300544619560241699e+00
-1.180989742279052734e+00
-1.216489076614379883e+00
-1.231313109397888184e+00
-1.239871025085449219e+00
-1.245278000831604004e+00
-1.246674656867980957e+00
-1.247976303100585938e+00
-1.009130835533142090e+00
-1.196185588836669922e+00
-1.009405016899108887e+00
-1.055818915367126465e+00
-1.149294257164001465e+00
-1.120875954627990723e+00
-1.031196594238281250e+00
-1.068535923957824707e+00
-1.083486199378967285e+00
-1.105719208717346191e+00
-1.111432075500488281e+00
-1.082290410995483398e+00
-1.067501902580261230e+00
-1.091026425361633301e+00
-9.831326007843017578e-01
-1.020669817924499512e+00
-6.698957681655883789e-01
-6.512163877487182617e-01
-4.403344094753265381e-01
-4.966706335544586182e-01
-8.280962705612182617e-02
-7.179442644119262695e-01
-7.835263013839721680e-01
-2.537947595119476318e-01
-4.810372292995452881e-01
-1.204985499382019043e+00
-6.910983324050903320e-01
-9.593223333358764648e-01
-7.194046974182128906e-01
-4.470495879650115967e-01
-7.225877046585083008e-01
-8.876709938049316406e-01
-1.315253615379333496e+00
-9.788790941238403320e-01
3.778090775012969971e-01
1.858967244625091553e-01
4.599441587924957275e-01
4.962455630302429199e-01
5.092449188232421875e-01
4.401350617408752441e-01
3.847975730895996094e-01
3.969288170337677002e-01
3.111701905727386475e-01
8.618733286857604980e-02
-4.614251852035522461e-02
-3.324782848358154297e-02
-3.550428152084350586e-02
-2.911344170570373535e-02
-1.878193020820617676e-02
1.481374204158782959e-01
6.726875901222229004e-02
8.227196335792541504e-02
6.648868322372436523e-03
-1.155785918235778809e-01
-2.633220255374908447e-01
-1.647546887397766113e-02
-1.678368449211120605e-02
1.651510596275329590e-02
-1.522020697593688965e-01
-1.545424163341522217e-01
-2.225628793239593506e-01
-3.006764948368072510e-01
-2.664747238159179688e-01
-4.773750007152557373e-01
-4.935510456562042236e-01
-5.023808479309082031e-01
-4.684327542781829834e-01
-4.188716113567352295e-01
-3.099233806133270264e-01
-1.786639392375946045e-01
-1.349752843379974365e-01
-9.121981263160705566e-02
-8.392599225044250488e-02
-2.191305458545684814e-01
7.506698369979858398e-03
4.841157793998718262e-02
4.733824729919433594e-02
4.148340225219726562e-02
1.001432538032531738e-02
-8.205181360244750977e-02
4.189816117286682129e-02
1.810399591922760010e-01
3.404793441295623779e-01
-1.631006598472595215e-02
-1.276630461215972900e-01
-9.873363375663757324e-02
-1.082873642444610596e-01
-1.159855425357818604e-01
-1.258592307567596436e-01
-1.364356577396392822e-01
-1.461748480796813965e-01
-1.548317372798919678e-01
-1.624591648578643799e-01
-1.674188375473022461e-01
-1.750033199787139893e-01
-1.791069805622100830e-01
-1.837356090545654297e-01
-1.930644214153289795e-01
-2.156835496425628662e-01
-1.656340658664703369e-01
-1.494326293468475342e-01
6.391295790672302246e-02
4.172220528125762939e-01
1.518456935882568359e+00
8.278557658195495605e-02
-2.042479813098907471e-01
3.039441108703613281e-01
8.769720792770385742e-01
3.271167874336242676e-01
-4.551318585872650146e-01
3.838897943496704102e-01
-3.552822172641754150e-01
-2.520641982555389404e-01
1.404706537723541260e-01
4.220467805862426758e-01
4.134000837802886963e-01
-7.137172222137451172e-01
2.429511845111846924e-01
-2.505342662334442139e-01
-6.279212236404418945e-01
-5.135742425918579102e-01
-1.068425178527832031e+00
-9.133689403533935547e-01
-6.541705131530761719e-01
-8.189194202423095703e-01
-9.559111595153808594e-01
2.542343139648437500e-01
-1.219627261161804199e-02
5.888181924819946289e-02
4.236444830894470215e-02
-1.002748310565948486e-01
3.437665104866027832e-02
-1.272699236869812012e-02
-3.043478429317474365e-01
5.148079991340637207e-02
4.073196351528167725e-01
2.307305932044982910e-01
1.923283934593200684e-01
1.318112611770629883e-01
-1.264960467815399170e-01
-4.399255216121673584e-01
3.191433548927307129e-01
6.931532621383666992e-01
1.309312134981155396e-01
2.723292410373687744e-01
-1.378667950630187988e-01
-1.173644959926605225e-01
-1.024472415447235107e-01
-5.079311132431030273e-01
-4.916022717952728271e-01
1.092464625835418701e-01
2.757582068443298340e-02
4.701273739337921143e-01
8.590143918991088867e-01
9.482083320617675781e-01
4.368283450603485107e-01
2.106981277465820312e-01
3.262546360492706299e-01
1.837620139122009277e-01
1.606446802616119385e-01
1.070538163185119629e-02
2.282917499542236328e-02
5.882152915000915527e-02
1.168890297412872314e-01
1.758635938167572021e-01
2.364014387130737305e-01
2.773712575435638428e-01
-1.704103052616119385e-01
1.326857507228851318e-01
7.516251802444458008e-01
-8.291199803352355957e-02
6.922674179077148438e-01
1.908913254737854004e-02
-5.627992749214172363e-02
1.122616529464721680e+00
-6.372031569480895996e-02
-5.840462446212768555e-01
-7.394849061965942383e-01
-6.916816234588623047e-01
-7.407917976379394531e-01
1.275759041309356689e-01
-9.054669141769409180e-01
-7.707452774047851562e-01
-8.600333929061889648e-01
-6.283550262451171875e-01
-1.009120941162109375e+00
-2.910346686840057373e-01
1.944440901279449463e-01
-5.053819417953491211e-01
-6.649658679962158203e-01
-6.780937910079956055e-01
-5.557571649551391602e-01
-2.557868659496307373e-01
-4.440993368625640869e-01
-2.975978553295135498e-01
-3.267687857151031494e-01
-2.893547117710113525e-01
-3.124648332595825195e-01
-3.570435345172882080e-01
-3.824414312839508057e-01
-4.652792513370513916e-01
-5.310622453689575195e-01
-5.308654308319091797e-01
-6.554557085037231445e-01
-5.820947885513305664e-01
-5.736582279205322266e-01
-1.308769822120666504e+00
7.016360759735107422e-04
-5.240834951400756836e-01
-8.339033126831054688e-01
-8.883736133575439453e-01
-8.237869739532470703e-01
-1.006321430206298828e+00
-6.288969516754150391e-01
-5.534690618515014648e-01
-6.004246473312377930e-01
-5.670157670974731445e-01
-9.188610315322875977e-01
-1.398437380790710449e+00
-1.906245827674865723e+00
-2.246081590652465820e+00
-2.605768918991088867e+00
-2.878747940063476562e+00
-2.848230361938476562e+00
-1.902844071388244629e+00
-1.943344950675964355e+00
-2.621628761291503906e+00
-2.289754629135131836e+00
-2.473789215087890625e+00
-2.338527202606201172e+00
-1.841576218605041504e+00
-1.711685180664062500e+00
-1.634612441062927246e+00
-1.583923220634460449e+00
-1.523313641548156738e+00
-1.963191628456115723e+00
-1.835503697395324707e+00
-1.093662619590759277e+00
-1.142038106918334961e+00
-1.135158896446228027e+00
-1.167867779731750488e+00
-1.462902307510375977e+00
-1.795684218406677246e+00
2.655257284641265869e-01
8.014774322509765625e-01
5.600047111511230469e-01
5.658946037292480469e-01
-1.364757716655731201e-01
4.797167479991912842e-01
4.688283801078796387e-02
-1.914376318454742432e-01
-1.653681099414825439e-01
2.289032042026519775e-01
6.485146284103393555e-01
7.895902395248413086e-01
1.746856868267059326e-01
-3.487565219402313232e-01
4.462855756282806396e-01
8.684566020965576172e-01
9.058803319931030273e-01
4.702506065368652344e-01
-9.053665399551391602e-01
-3.686167299747467041e-01
6.484404206275939941e-02
1.306200325489044189e-01
1.437957644462585449e+00
9.574726819992065430e-01
6.841605901718139648e-01
1.281268477439880371e+00
1.278919577598571777e+00
1.389667630195617676e+00
1.335605621337890625e+00
1.129227042198181152e+00
8.395284414291381836e-03
5.413300991058349609e-01
7.473099231719970703e-01
3.108197450637817383e-01
5.145537853240966797e-01
2.539599835872650146e-01
6.513205766677856445e-01
6.146609783172607422e-01
6.283489465713500977e-01
6.445590257644653320e-01
6.226682662963867188e-01
7.650967836380004883e-01
3.818452060222625732e-01
5.755283832550048828e-01
5.706985592842102051e-01
4.454341530799865723e-02
1.188857555389404297e-01
2.283633351325988770e-01
5.176442861557006836e-02
-9.960174560546875000e-02
-1.830889880657196045e-01
-1.104544103145599365e-01
-5.198384523391723633e-01
-2.993116080760955811e-01
-3.482153713703155518e-01
-1.130943775177001953e+00
-8.926140069961547852e-01
-4.775398671627044678e-01
-4.628714025020599365e-01
-4.603375494480133057e-01
-4.750348627567291260e-01
-5.218859910964965820e-01
-4.141171872615814209e-01
-7.377229928970336914e-01
-5.731937885284423828e-01
-2.167979180812835693e-01
-1.610117852687835693e-01
3.357690572738647461e-02
-4.114951193332672119e-01
-5.321416854858398438e-01
-4.480657875537872314e-01
-4.948790967464447021e-01
-5.709435939788818359e-01
-6.365708112716674805e-01
-6.656465530395507812e-01
-7.808454036712646484e-01
-8.090810775756835938e-01
-3.597999513149261475e-01
-1.689175367355346680e-01
-7.485142946243286133e-01
-7.829090356826782227e-01
-7.811046838760375977e-01
-9.627375602722167969e-01
-3.875513970851898193e-01
-2.991314828395843506e-01
-7.998104095458984375e-01
-9.787546396255493164e-01
-4.772815406322479248e-01
-4.414076507091522217e-01
-6.267073154449462891e-01
-7.130616903305053711e-01
-1.081604123115539551e+00
-6.758739948272705078e-01
-7.917571067810058594e-01
-6.955550909042358398e-01
-6.572617292404174805e-01
-6.297105550765991211e-01
-9.105478525161743164e-01
-1.023040890693664551e+00
1.139029562473297119e-01
5.131713151931762695e-01
-1.601205945014953613e+00
1.755506098270416260e-01
4.210261106491088867e-01
1.320231258869171143e-01
-5.595076084136962891e-02
-3.402369916439056396e-01
7.639542222023010254e-02
5.237522721290588379e-02
-7.780503034591674805e-01
-1.017747282981872559e+00
-1.218588829040527344e+00
-1.457197070121765137e+00
-1.389243602752685547e+00
-1.415229678153991699e+00
-1.343277096748352051e+00
-1.238983750343322754e+00
-2.003503084182739258e+00
-2.355383634567260742e+00
-2.092058897018432617e+00
-9.810281991958618164e-01
-7.389115095138549805e-01
-1.394723176956176758e+00
-1.146273136138916016e+00
-1.344422221183776855e+00
-2.960968732833862305e+00
-1.694823026657104492e+00
-9.619830846786499023e-01
-8.711215257644653320e-01
5.319936275482177734e-01
-7.126415967941284180e-01
3.205085098743438721e-01
1.229188144207000732e-01
-1.114174604415893555e+00
3.877206146717071533e-01
1.468470215797424316e+00
-1.657816052436828613e+00
-1.824719309806823730e+00
2.584581136703491211e+00
1.376507163047790527e+00
6.487547159194946289e-01
1.151148080825805664e+00
1.955738067626953125e+00
7.182462215423583984e-01
-1.158746838569641113e+00
7.613860368728637695e-01
-5.012702941894531250e-01
-8.987545967102050781e-03
-1.555988669395446777e+00
-1.509395241737365723e+00
-1.003063440322875977e+00
-1.490776181221008301e+00
-4.511310160160064697e-01
-4.039744436740875244e-01
-3.375619947910308838e-01
-2.742949426174163818e-01
-4.513966739177703857e-01
-5.509688854217529297e-01
-1.307265639305114746e+00
-1.127368092536926270e+00
-9.648579359054565430e-01
-6.552234888076782227e-01
-5.205523967742919922e-01
-5.269986391067504883e-01
-9.028620719909667969e-01
-7.307765483856201172e-01
-1.452025771141052246e-02
7.215386629104614258e-01
-1.841149687767028809e+00
-3.949120938777923584e-01
-5.454167127609252930e-01
-1.053038537502288818e-01
1.067038655281066895e+00
4.263562560081481934e-01
-4.127380549907684326e-01
-4.373012483119964600e-01
1.021213769912719727e+00
2.648931741714477539e-01
2.534214854240417480e-01
2.061154842376708984e-01
9.789005517959594727e-01
4.808836281299591064e-01
5.827671289443969727e-01
5.466682910919189453e-01
9.994568824768066406e-01
9.651502370834350586e-01
6.371108293533325195e-01
8.529640436172485352e-01
9.267089366912841797e-01
9.287433624267578125e-01
6.497319936752319336e-01
5.223443508148193359e-01
4.409842193126678467e-01
2.401646077632904053e-01
5.741324424743652344e-01
5.472262501716613770e-01
3.881323337554931641e-01
2.676586806774139404e-01
2.872251868247985840e-01
1.546681821346282959e-01
1.993416845798492432e-01
4.899008870124816895e-01
4.274909198284149170e-02
1.809423714876174927e-01
1.461788415908813477e-01
3.123225271701812744e-02
-2.472250163555145264e-02
-5.808795988559722900e-02
-3.095866441726684570e-01
-2.126753032207489014e-01
1.376205682754516602e-02
-3.267523646354675293e-02
-4.700109362602233887e-02
-7.343149185180664062e-02
-1.081482768058776855e-01
-9.298321604728698730e-02
-2.290469408035278320e-01
-4.532624781131744385e-02
-9.132292866706848145e-02
-2.306152880191802979e-01
-1.177007317543029785e+00
3.060348331928253174e-01
6.004040241241455078e-01
6.635828018188476562e-01
-2.274643182754516602e-01
-9.402259588241577148e-01
-1.148654937744140625e+00
-1.492842316627502441e+00
-1.525740981101989746e+00
-1.412116408348083496e+00
-1.563516736030578613e+00
-1.587626814842224121e+00
-1.560247540473937988e+00
-1.559827685356140137e+00
-1.526956796646118164e+00
-1.516318917274475098e+00
-1.413396716117858887e+00
-1.315864205360412598e+00
-9.527713060379028320e-01
-1.212342739105224609e+00
7.931691408157348633e-01
1.940706372261047363e-02
-6.373912096023559570e-03
1.541098654270172119e-01
1.818590462207794189e-01
5.035424232482910156e-01
4.083683490753173828e-01
6.575354933738708496e-02
2.831422388553619385e-01
5.288207530975341797e-01
1.547053456306457520e-02
4.556927680969238281e-01
1.450199186801910400e-01
2.983265817165374756e-01
6.668934226036071777e-02
1.394151449203491211e-01
9.282502532005310059e-02
3.023210167884826660e-02
2.146033942699432373e-01
2.516099214553833008e-01
1.099460422992706299e-01
4.058153927326202393e-01
2.721267044544219971e-01
2.974400818347930908e-01
9.989889860153198242e-01
7.812341451644897461e-01
6.482460498809814453e-01
-1.418095231056213379e+00
-2.311504125595092773e+00
-2.562629461288452148e+00
-1.428672909736633301e+00
-1.320924639701843262e+00
-1.082814812660217285e+00
-1.274182200431823730e+00
-1.339587092399597168e+00
2.340274751186370850e-01
3.783689439296722412e-01
-1.381760835647583008e-01
3.647833466529846191e-01
2.462154924869537354e-01
2.899862825870513916e-01
2.751519381999969482e-01
7.233288884162902832e-02
1.193275749683380127e-01
4.571241140365600586e-01
-1.543467938899993896e-01
-1.218490302562713623e-01
-1.000554263591766357e-01
-1.330679357051849365e-01
8.234471082687377930e-03
1.591317355632781982e-01
1.172629296779632568e-01
1.316234171390533447e-01
1.758772730827331543e-01
1.734188795089721680e-01
7.034978270530700684e-02
-1.008167862892150879e-02
1.829118132591247559e-01
-4.740230143070220947e-01
-4.477019608020782471e-01
-7.379772663116455078e-01
-7.113201618194580078e-01
-5.866551399230957031e-01
-5.844714641571044922e-01
-5.123797655105590820e-01
-7.692660093307495117e-01
-9.987413883209228516e-01
-3.757566213607788086e-02
6.979441642761230469e-01
3.282390236854553223e-01
-1.141574501991271973e+00
-1.059400677680969238e+00
-1.073192119598388672e+00
-1.114257097244262695e+00
-1.218085765838623047e+00
-1.231703400611877441e+00
7.028700113296508789e-01
3.896256387233734131e-01
4.813646972179412842e-01
2.731800377368927002e-01
2.708552181720733643e-01
2.055948376655578613e-01
5.769098997116088867e-01
3.895062804222106934e-01
3.722081780433654785e-01
4.454047083854675293e-01
2.222442328929901123e-01
4.487893283367156982e-01
1.902303993701934814e-01
1.617858111858367920e-01
3.791853785514831543e-02
-3.286823630332946777e-02
5.453827977180480957e-02
2.396037280559539795e-01
4.001406431198120117e-01
4.135722815990447998e-01
4.563103318214416504e-01
4.208419024944305420e-01
3.956052064895629883e-01
3.794143497943878174e-01
6.388428211212158203e-01
6.132503151893615723e-01
4.765295684337615967e-01
2.271814644336700439e-01
-7.924243807792663574e-02
-6.791552901268005371e-02
-8.241891860961914062e-03
-2.861674726009368896e-01
-1.808889806270599365e-01
-9.868022799491882324e-02
5.534258484840393066e-02
-1.281521022319793701e-01
-9.762051701545715332e-02
-2.861261367797851562e-02
-6.957471370697021484e-03
1.127990186214447021e-01
-1.300851106643676758e-01
-7.019224762916564941e-02
1.449576318264007568e-01
-9.564882516860961914e-02
-1.526444554328918457e-01
-8.744063973426818848e-02
-1.358695030212402344e-01
-1.141008436679840088e-01
-1.156809926033020020e-02
6.965696811676025391e-04
-4.196673631668090820e-03
7.533392310142517090e-02
2.759274840354919434e-02
2.103498578071594238e-02
1.511867046356201172e-01
1.018961369991302490e-01
9.794184565544128418e-02
8.650308847427368164e-02
1.076671183109283447e-01
1.073875427246093750e-01
1.145443022251129150e-01
-2.183509767055511475e-01
2.887699007987976074e-02
1.425858736038208008e-01
6.543918848037719727e-01
5.912604331970214844e-01
2.158918678760528564e-01
-2.370268106460571289e-03
2.526333034038543701e-01
3.062607049942016602e-01
-1.572860181331634521e-01
-4.544821381568908691e-02
3.286525309085845947e-01
2.554622292518615723e-02
2.098366022109985352e-01
1.050691902637481689e-01
-6.670304536819458008e-01
5.648672580718994141e-03
-2.692246437072753906e-01
-5.723428726196289062e-02
3.109604418277740479e-01
-4.276266992092132568e-01
6.248524785041809082e-02
-5.182397365570068359e-01
-4.254055321216583252e-01
-2.923336625099182129e-02
-3.599394261837005615e-01
-5.952894687652587891e-01
4.282117187976837158e-01
1.619174778461456299e-01
1.371636986732482910e+00
1.190258502960205078e+00
7.657425403594970703e-01
4.300940036773681641e-01
-4.365557134151458740e-01
-4.844113886356353760e-01
-1.874334514141082764e-01
1.288512349128723145e-02
4.110786318778991699e-02
-1.916424930095672607e-01
-1.318335294723510742e+00
2.590522170066833496e-02
3.207057714462280273e-03
1.020003676414489746e+00
-4.301269352436065674e-01
1.393619656562805176e+00
7.052044868469238281e-01
-8.615761995315551758e-03
-2.934001386165618896e-01
1.465882420539855957e+00
1.155279874801635742e+00
1.651799082756042480e+00
9.555321931838989258e-01
1.131789565086364746e+00
1.329349160194396973e+00
1.175557017326354980e+00
7.303624153137207031e-01
2.500877618789672852e+00
8.337287902832031250e-01
1.458185672760009766e+00
3.785017251968383789e+00
2.006220817565917969e+00
-4.910377562046051025e-01
9.660668373107910156e-01
1.104237556457519531e+00
-1.389067530632019043e+00
-6.784354448318481445e-01
1.800013482570648193e-01
4.041001200675964355e-02
-3.134643733501434326e-01
-5.661923885345458984e-01
2.503097057342529297e-02
-6.490828990936279297e-01
1.006059348583221436e-01
4.354408085346221924e-01
3.388676047325134277e-02
3.444395065307617188e-01
-9.698408842086791992e-01
-4.017317593097686768e-01
3.316698968410491943e-01
-3.026333451271057129e-02
-5.528801679611206055e-01
-1.388531565666198730e+00
-1.302791953086853027e+00
-1.800615072250366211e+00
-2.028758049011230469e+00
-2.370345592498779297e+00
-2.496753215789794922e+00
-2.506737470626831055e+00
-2.403661489486694336e+00
-2.152601480484008789e+00
-1.731040954589843750e+00
-1.189735293388366699e+00
-1.514557957649230957e+00
-7.458457946777343750e-01
-1.044511675834655762e+00
-9.854085445404052734e-01
-9.710751771926879883e-01
-9.524061679840087891e-01
-1.274310946464538574e+00
-1.195845484733581543e+00
1.973672658205032349e-01
-4.174511730670928955e-01
1.506888568401336670e-01
-4.939425289630889893e-01
1.241808533668518066e+00
3.418573439121246338e-01
5.292676687240600586e-01
4.825023710727691650e-01
8.117899894714355469e-01
1.015191555023193359e+00
8.590718507766723633e-01
8.282198905944824219e-01
8.341021537780761719e-01
1.866020321846008301e+00
5.072311162948608398e-01
7.315274477005004883e-01
4.866811335086822510e-01
4.182113707065582275e-01
3.433460891246795654e-01
4.395066499710083008e-01
1.234903931617736816e-02
5.259406566619873047e-01
5.492278337478637695e-01
5.282406210899353027e-01
4.829545915126800537e-01
4.065874218940734863e-01
-1.421444118022918701e-01
9.266525506973266602e-03
-4.803878068923950195e-02
-1.377347707748413086e-01
-1.934400498867034912e-01
-2.409098446369171143e-01
-1.995086669921875000e-01
-1.499479711055755615e-01
-2.049649953842163086e-01
-2.068363428115844727e-01
-3.153259754180908203e-01
-1.867478489875793457e-01
-6.749173998832702637e-02
-1.110468804836273193e-01
-1.599180400371551514e-01
-2.076211869716644287e-01
-5.516645312309265137e-02
-6.646397709846496582e-02
-2.331165969371795654e-01
-1.058785021305084229e-01
-1.631453931331634521e-01
-2.474606335163116455e-01
-3.137966692447662354e-01
-4.390703141689300537e-01
-4.081341922283172607e-01
-8.559319376945495605e-02
3.457427024841308594e-03
-7.365348935127258301e-02
-1.435776650905609131e-01
-2.880863845348358154e-01
-4.731267392635345459e-01
-1.128706037998199463e-01
5.620053410530090332e-02
3.886941075325012207e-02
-2.101175487041473389e-01
-9.132006168365478516e-01
-9.977868795394897461e-01
-5.268063545227050781e-01
-4.014624655246734619e-01
-2.412898242473602295e-01
5.465060472488403320e-03
-1.805929839611053467e-01
-3.682414591312408447e-01
-2.025346457958221436e-01
-3.848874866962432861e-01
-1.005043685436248779e-01
5.128633975982666016e-02
7.734528183937072754e-02
9.007278084754943848e-02
1.115004122257232666e-01
1.134313642978668213e-01
1.060984432697296143e-01
4.391565918922424316e-02
5.303761363029479980e-02
9.046417474746704102e-02
-3.314945101737976074e-02
4.803007841110229492e-02
6.623655557632446289e-03
-4.126566350460052490e-01
-5.396425724029541016e-01
-6.090735197067260742e-01
-8.052290678024291992e-01
-6.487016677856445312e-01
-6.211363077163696289e-01
-4.124371707439422607e-01
-2.868667840957641602e-01
-6.219965219497680664e-01
-5.315035581588745117e-01
-4.462247788906097412e-01
-3.966973125934600830e-01
-3.111020922660827637e-01
3.518269360065460205e-01
3.365810811519622803e-01
3.274606764316558838e-01
3.147076368331909180e-01
2.974352836608886719e-01
1.490603387355804443e-01
2.061273455619812012e-01
1.300871074199676514e-01
9.509536623954772949e-02
8.059200644493103027e-02
6.481106579303741455e-02
6.308874487876892090e-02
8.353270590305328369e-02
1.137373745441436768e-01
1.404466181993484497e-01
1.623609662055969238e-01
1.806535422801971436e-01
1.972263753414154053e-01
1.746563762426376343e-01
2.083173394203186035e-01
2.286600321531295776e-01
-4.017173349857330322e-01
-6.245589256286621094e-02
-2.674251794815063477e-01
-1.339997351169586182e-01
-8.915662765502929688e-02
-8.125999569892883301e-02
-7.920640707015991211e-02
-7.584726810455322266e-02
-7.009738683700561523e-02
-5.684447288513183594e-02
-2.064633369445800781e-02
6.964406371116638184e-02
2.333959043025970459e-01
3.890955150127410889e-01
3.893202841281890869e-01
2.754873335361480713e-01
8.221994638442993164e-01
2.859042584896087646e-01
-4.208406805992126465e-02
-6.172344684600830078e-01
-1.013777375221252441e+00
-1.264296650886535645e+00
-1.365200519561767578e+00
-1.313729882240295410e+00
-2.347823381423950195e+00
-2.026708364486694336e+00
-2.391968011856079102e+00
-2.602844476699829102e+00
-2.240368366241455078e+00
-7.168269157409667969e-01
-1.224520087242126465e+00
2.918482124805450439e-01
2.890767812728881836e+00
3.198910474777221680e+00
2.558573722839355469e+00
2.913193941116333008e+00
-2.319452762603759766e+00
-3.757995128631591797e+00
-3.817239522933959961e+00
-2.846914529800415039e+00
-3.581210613250732422e+00
-3.239874124526977539e+00
-3.267276048660278320e+00
-3.298099279403686523e+00
-4.532629489898681641e+00
-4.219349384307861328e+00
-4.536397933959960938e+00
-3.331499338150024414e+00
-2.552086353302001953e+00
-1.088497161865234375e+00
-1.039356827735900879e+00
-1.272530913352966309e+00
-2.096718549728393555e+00
-7.024585008621215820e-01
-1.120034158229827881e-01
-1.935817360877990723e+00
8.684927225112915039e-02
3.423602879047393799e-01
-1.350453615188598633e+00
1.644612908363342285e+00
-7.689800858497619629e-02
-7.469999790191650391e-01
-1.136877179145812988e+00
-1.135686755180358887e+00
-9.769946336746215820e-01
3.823663890361785889e-01
-1.129383742809295654e-01
3.925169706344604492e-01
-4.093017280101776123e-01
-1.353476345539093018e-01
-5.431425571441650391e-01
-2.583913207054138184e-01
-2.491173148155212402e-02
2.706761956214904785e-01
-3.477974236011505127e-01
-5.699224472045898438e-01
-2.876541912555694580e-01
-4.863113164901733398e-03
2.951124906539916992e+00
3.074458837509155273e+00
2.069723129272460938e+00
-1.556467711925506592e-01
-7.651951313018798828e-01
-4.530405700206756592e-01
-8.860027790069580078e-01
2.977674901485443115e-01
-5.379178524017333984e-01
-2.603792250156402588e-01
-1.541641652584075928e-01
2.532753050327301025e-01
-4.307586848735809326e-01
-3.440316617488861084e-01
5.724123120307922363e-02
-2.864397764205932617e-01
-1.031672060489654541e-01
2.737164497375488281e-02
-5.212634801864624023e-03
-1.937007904052734375e-01
-3.369047343730926514e-01
-4.071944653987884521e-01
-4.764284789562225342e-01
-5.665116310119628906e-01
-6.576050519943237305e-01
-7.230213880538940430e-01
-7.578790187835693359e-01
-7.703260183334350586e-01
-7.659250497817993164e-01
-7.424407005310058594e-01
-6.953817605972290039e-01
-1.197092771530151367e+00
3.178350329399108887e-01
-7.737281918525695801e-02
9.290856122970581055e-01
2.900860011577606201e-01
-2.453035414218902588e-01
-9.144970774650573730e-02
-1.161529541015625000e+00
-1.371656537055969238e+00
-1.359981298446655273e+00
-4.764988124370574951e-01
3.296861946582794189e-01
3.270924389362335205e-01
6.118858456611633301e-01
2.040134966373443604e-01
4.465484619140625000e-02
-7.376104593276977539e-03
2.616425752639770508e-01
2.178895473480224609e-01
9.551144838333129883e-01
-1.612798273563385010e-01
1.251544952392578125e-01
-4.839968681335449219e-02
2.640907168388366699e-01
-1.316592097282409668e-01
6.412169337272644043e-02
3.778618574142456055e-02
-8.430382609367370605e-02
6.920692324638366699e-02
6.329265236854553223e-02
1.093142926692962646e-01
1.686057150363922119e-01
1.938529908657073975e-01
1.887383759021759033e-01
1.662884056568145752e-01
9.134396910667419434e-02
2.359572947025299072e-01
2.063667178153991699e-01
3.808813095092773438e-01
5.006984472274780273e-01
5.475800037384033203e-01
5.961791276931762695e-01
6.405320167541503906e-01
6.814978122711181641e-01
7.805737257003784180e-01
8.945305347442626953e-01
8.655432462692260742e-01
7.280321121215820312e-01
6.150887012481689453e-01
5.897157192230224609e-01
6.128050088882446289e-01
8.277978897094726562e-01
1.559514403343200684e-01
5.387276411056518555e-02
3.372704684734344482e-01
1.000654458999633789e+00
7.128469944000244141e-01
4.588588774204254150e-01
4.875101149082183838e-01
3.909641802310943604e-01
6.966704130172729492e-01
2.832633554935455322e-01
4.408696591854095459e-01
6.059757471084594727e-01
-1.375109255313873291e-01
-1.047582268714904785e+00
-1.263289213180541992e+00
-1.647036910057067871e+00
-2.352598428726196289e+00
-2.194880723953247070e+00
7.165254354476928711e-01
1.170581817626953125e+00
-3.589922487735748291e-01
-7.640272378921508789e-03
6.134957075119018555e-01
7.426345348358154297e-01
5.294505357742309570e-01
-2.028026580810546875e-01
4.265578985214233398e-01
4.420802891254425049e-01
6.843518018722534180e-01
2.159065306186676025e-01
-1.129744350910186768e-01
2.696705460548400879e-01
2.581651210784912109e-01
-7.780548930168151855e-02
-1.320394575595855713e-01
-1.681554317474365234e-01
-1.240586936473846436e-01
-2.412334084510803223e-02
6.640079617500305176e-02
1.145770251750946045e-01
2.043951451778411865e-01
3.015419840812683105e-02
1.059408485889434814e-01
1.204921305179595947e-01
1.052909195423126221e-01
7.394340634346008301e-02
4.000064730644226074e-02
8.769959211349487305e-03
-1.563522219657897949e-02
-3.040382266044616699e-02
-3.747752308845520020e-02
-4.031875729560852051e-02
-3.958621621131896973e-02
4.281261563301086426e-02
-1.207812428474426270e-01
2.051405310630798340e-01
2.410379350185394287e-01
3.108183145523071289e-01
2.750319838523864746e-01
-4.966086447238922119e-01
-3.742456436157226562e-02
-1.400052309036254883e-01
-1.549023091793060303e-01
-9.499743580818176270e-02
-8.497062325477600098e-02
-1.116423904895782471e-01
5.519458651542663574e-02
-6.356227397918701172e-01
1.095355391502380371e+00
7.908449172973632812e-01
5.803711414337158203e-01
6.340125799179077148e-01
5.584621429443359375e-01
4.618245959281921387e-01
5.464185476303100586e-01
1.127354621887207031e+00
5.717489719390869141e-01
8.953872323036193848e-02
-2.497640550136566162e-01
-1.012738049030303955e-01
1.373050510883331299e-01
-1.693151891231536865e-01
-3.680170476436614990e-01
-4.376741349697113037e-01
-4.921270906925201416e-01
-5.717488527297973633e-01
-4.368496835231781006e-01
3.390015363693237305e-01
-1.670713126659393311e-01
-1.457789540290832520e-01
-1.104878485202789307e-01
2.401620149612426758e-03
1.980108320713043213e-01
2.158140838146209717e-01
3.211354911327362061e-01
6.782277822494506836e-01
-1.504261791706085205e-01
5.686497688293457031e-02
-4.286274313926696777e-02
-7.032954692840576172e-01
-9.391723871231079102e-01
-4.124841988086700439e-01
-3.189577758312225342e-01
-8.272555470466613770e-02
-5.481734871864318848e-02
-9.837797284126281738e-02
-1.728923022747039795e-01
-2.879647314548492432e-01
1.757385432720184326e-01
-9.376695752143859863e-02
-1.855728328227996826e-01
-3.269576132297515869e-01
-1.111688911914825439e-01
-9.653428196907043457e-02
-3.641846776008605957e-02
-8.089831471443176270e-02
-1.938534677028656006e-01
-1.933914124965667725e-01
-3.100984990596771240e-01
-2.160854637622833252e-01
1.929499208927154541e-01
2.821683883666992188e-04
-1.347479224205017090e-02
-1.809474825859069824e-02
4.931628704071044922e-03
4.613414406776428223e-02
-1.399423182010650635e-01
-5.025880336761474609e-01
-1.918983161449432373e-01
-1.671181023120880127e-01
6.873298883438110352e-01
4.990219771862030029e-01
-3.573301434516906738e-02
2.187402546405792236e-01
1.722855269908905029e-01
2.499571144580841064e-01
2.752846777439117432e-01
3.182233870029449463e-01
4.630405008792877197e-01
8.345916867256164551e-02
-3.270396292209625244e-01
2.502091228961944580e-01
-3.315356373786926270e-02
3.604188561439514160e-02
-2.092970907688140869e-01
1.553556323051452637e-01
4.505707621574401855e-01
7.378653287887573242e-01
6.795084476470947266e-01
5.991607904434204102e-01
5.908222198486328125e-01
6.409226655960083008e-01
1.243795037269592285e+00
1.776517927646636963e-01
-1.150998175144195557e-01
9.945896267890930176e-02
4.835814237594604492e-01
4.080229997634887695e-02
5.895373225212097168e-02
1.239427626132965088e-01
7.313176989555358887e-02
1.607134938240051270e-02
-5.362331867218017578e-04
6.178399920463562012e-02
4.508798420429229736e-01
3.288349211215972900e-01
4.153092205524444580e-01
6.827080249786376953e-01
1.831457912921905518e-01
-1.275660097599029541e-01
-1.902658939361572266e-01
-6.216147541999816895e-02
-8.764216303825378418e-02
-1.118629276752471924e-01
-3.033639788627624512e-01
5.400700569152832031e-01
8.706710338592529297e-01
5.274862051010131836e-01
4.429803788661956787e-01
-1.972710788249969482e-01
2.938004434108734131e-01
8.344949483871459961e-01
7.383705377578735352e-01
6.191078424453735352e-01
2.894093692302703857e-01
4.157882630825042725e-01
-3.734503686428070068e-01
-5.654188394546508789e-01
-4.880910813808441162e-01
-6.853456497192382812e-01
-1.447262644767761230e+00
-2.257557868957519531e+00
-2.133241653442382812e+00
-1.647990226745605469e+00
-1.897278189659118652e+00
4.951444268226623535e-02
-7.577235698699951172e-01
-1.196697711944580078e+00
-1.292899250984191895e+00
-4.929310977458953857e-01
-5.693982839584350586e-01
-1.314218938350677490e-01
-2.656802237033843994e-01
7.188857793807983398e-01
1.756374835968017578e-01
8.162442445755004883e-01
5.346118211746215820e-01
1.768656075000762939e-01
3.468354642391204834e-01
3.947822749614715576e-01
3.870436251163482666e-01
7.051076889038085938e-01
1.900857090950012207e-01
-1.266062259674072266e-03
-2.271363735198974609e-01
-3.619650304317474365e-01
-2.835435569286346436e-01
-2.148656249046325684e-01
-8.675090074539184570e-01
2.385067343711853027e-01
-4.224563539028167725e-01
-6.444871425628662109e-01
-7.893271446228027344e-01
-1.140115976333618164e+00
-7.877758741378784180e-01
1.963784992694854736e-01
-9.297031164169311523e-01
-1.626999020576477051e+00
-1.636994242668151855e+00
-2.168440520763397217e-01
6.902238130569458008e-01
3.810870349407196045e-01
6.331198811531066895e-01
5.645846128463745117e-01
4.906010925769805908e-01
9.871357679367065430e-01
1.625213623046875000e-01
5.149320363998413086e-01
4.031759798526763916e-01
-1.812871992588043213e-01
2.706557512283325195e-03
-4.866340756416320801e-02
-5.695664882659912109e-02
-3.029862344264984131e-01
-1.372480690479278564e-01
-1.077214777469635010e-01
-2.402833104133605957e-02
-5.575504899024963379e-02
-4.812684655189514160e-02
2.074855566024780273e-02
4.775848984718322754e-02
1.078177988529205322e-01
-3.569242656230926514e-01
1.108013868331909180e+00
-2.699794769287109375e-01
-5.905623435974121094e-01
-1.452522397041320801e+00
-1.170991420745849609e+00
-9.386475086212158203e-01
-3.065896928310394287e-01
1.926419138908386230e-02
-1.661172211170196533e-01
7.934701442718505859e-02
2.315130829811096191e-02
2.485879957675933838e-01
2.167100608348846436e-01
4.061481356620788574e-02
2.096869051456451416e-01
6.488415598869323730e-02
3.093760311603546143e-01
-6.779429316520690918e-02
-1.195852756500244141e-01
2.122390270233154297e-01
-3.626305162906646729e-01
3.515950143337249756e-01
-1.807710230350494385e-01
2.986398339271545410e-02
1.651429235935211182e-01
-5.612012743949890137e-02
1.052701771259307861e-01
1.047209203243255615e-01
2.525874972343444824e-02
-4.169985651969909668e-02
-7.055106759071350098e-02
-1.627047955989837646e-01
-4.088566601276397705e-01
1.777614057064056396e-01
-3.198882937431335449e-02
4.102617502212524414e-03
7.211646437644958496e-02
4.947623610496520996e-02
1.942900717258453369e-01
-2.177298367023468018e-01
-1.883657276630401611e-01
4.990274012088775635e-01
6.270473003387451172e-01
2.039671838283538818e-01
1.501044929027557373e-01
-4.712036252021789551e-02
-3.025425374507904053e-01
-9.066295623779296875e-01
-1.384400248527526855e+00
-1.390323996543884277e+00
-1.327383875846862793e+00
-1.145287036895751953e+00
-6.974164247512817383e-01
-1.603050827980041504e+00
-1.605496525764465332e+00
-1.255033612251281738e+00
-1.133337378501892090e+00
-1.639016747474670410e+00
-1.337282061576843262e+00
-6.572225093841552734e-01
-1.596041917800903320e+00
-1.045198202133178711e+00
-7.909343242645263672e-01
-1.442806839942932129e+00
-1.809279799461364746e+00
-1.403524994850158691e+00
3.593246042728424072e-01
8.703378438949584961e-01
4.842304289340972900e-01
2.349069118499755859e-01
-1.031939685344696045e-02
3.384592235088348389e-01
-2.716971337795257568e-01
-7.302510738372802734e-01
4.531196653842926025e-01
1.679687798023223877e-01
6.551074981689453125e-01
4.671144187450408936e-01
4.652412235736846924e-01
8.780262470245361328e-01
-1.546671986579895020e-02
8.361937999725341797e-01
1.335118055343627930e+00
9.451801776885986328e-01
7.078901529312133789e-01
-8.913716673851013184e-02
1.265795528888702393e-01
9.417115449905395508e-01
6.073033809661865234e-01
8.385975360870361328e-01
4.138985276222229004e-01
2.786146700382232666e-01
2.125349938869476318e-01
6.475478410720825195e-01
5.807751417160034180e-01
2.207496464252471924e-01
5.345853567123413086e-01
5.056335926055908203e-01
4.378496408462524414e-01
3.855070173740386963e-01
2.702272832393646240e-01
2.842065393924713135e-01
4.402261078357696533e-01
2.802223861217498779e-01
1.894131004810333252e-01
1.553860902786254883e-01
-6.914782524108886719e-02
1.518886983394622803e-01
1.381423473358154297e-01
1.212566196918487549e-01
-3.439634144306182861e-01
-2.359436750411987305e-01
-4.048157036304473877e-01
-3.332471549510955811e-01
-4.940390288829803467e-01
-4.323793351650238037e-01
-5.192637443542480469e-01
-4.417962729930877686e-01
-3.872223794460296631e-01
-3.806367814540863037e-01
-4.066388309001922607e-01
-3.452774584293365479e-01
-4.692259728908538818e-01
-1.784339845180511475e-01
-5.154812335968017578e-01
-4.341268241405487061e-01
-4.002595841884613037e-01
-3.814725577831268311e-01
-3.301672637462615967e-01
5.276462435722351074e-02
1.253055036067962646e-01
1.552568674087524414e-01
-3.216633498668670654e-01
-8.437025547027587891e-02
4.934548437595367432e-01
5.276387929916381836e-01
5.614863634109497070e-01
-8.650137186050415039e-01
-1.846711933612823486e-01
-1.856246590614318848e-02
-7.267647981643676758e-01
-1.726787686347961426e-01
-3.069558739662170410e-02
-1.821992397308349609e-01
-2.123658657073974609e-01
-2.231401503086090088e-01
-2.250876724720001221e-01
-2.147090733051300049e-01
-6.328239440917968750e-01
-3.032545745372772217e-01
-7.447340488433837891e-01
-5.373076200485229492e-01
-5.586764812469482422e-01
-3.141441643238067627e-01
-3.669433295726776123e-01
-2.292498946189880371e-02
4.026532173156738281e-03
4.366800189018249512e-02
1.292848885059356689e-01
-1.839216053485870361e-01
-2.258349657058715820e-01
-2.570538818836212158e-01
1.008349776268005371e+00
1.148260116577148438e+00
1.126550316810607910e+00
8.663464784622192383e-01
1.063707351684570312e+00
1.346712112426757812e+00
1.366066098213195801e+00
-3.397145867347717285e-02
-1.839080452919006348e-02
-1.074311137199401855e-02
7.514833211898803711e-01
-1.409916639328002930e+00
-1.701209664344787598e+00
-2.111938953399658203e+00
-2.332819461822509766e+00
-2.266464948654174805e+00
-1.931763052940368652e+00
-1.635976195335388184e+00
-1.533397078514099121e+00
-1.488023161888122559e+00
-9.984768629074096680e-01
-8.727937936782836914e-01
-5.901426076889038086e-01
-6.221195459365844727e-01
-1.896193861961364746e+00
-2.094859123229980469e+00
-1.637185215950012207e+00
-1.407667279243469238e+00
-7.106396555900573730e-02
-4.607877135276794434e-02
-9.908692836761474609e-01
-1.173008084297180176e+00
-1.456956267356872559e+00
-1.950474858283996582e+00
-2.429172992706298828e+00
-1.489471316337585449e+00
-1.418148040771484375e+00
-5.931981801986694336e-01
-8.522242307662963867e-01
-1.296721100807189941e+00
-2.350805282592773438e+00
-2.034101963043212891e+00
-2.037654638290405273e+00
-2.051527500152587891e+00
-1.624234557151794434e+00
-1.061691761016845703e+00
-1.254368901252746582e+00
-2.052115678787231445e+00
-2.271977663040161133e+00
-2.134928464889526367e+00
-1.684010505676269531e+00
-5.759408473968505859e-01
8.926161527633666992e-01
1.584869742393493652e+00
1.615671396255493164e+00
4.523675441741943359e+00
2.746157646179199219e+00
-5.530995130538940430e-01
-1.153978705406188965e+00
-1.122660517692565918e+00
-2.084159135818481445e+00
-1.984864771366119385e-01
-8.803374767303466797e-01
2.727370977401733398e+00
-1.257032871246337891e+00
-5.057456493377685547e-01
6.114189624786376953e-01
4.502471387386322021e-01
1.108033299446105957e+00
3.362018167972564697e-01
-8.649587631225585938e-03
-1.099947094917297363e-01
-3.216972947120666504e-02
8.572282791137695312e-01
1.992917060852050781e-02
5.995324850082397461e-01
3.607869446277618408e-01
3.952711522579193115e-01
4.886842668056488037e-01
6.527921557426452637e-01
4.760900139808654785e-02
4.023365080356597900e-01
4.079517424106597900e-01
7.017958164215087891e-01
9.058518409729003906e-01
5.274069309234619141e-01
-2.022406756877899170e-01
-6.730827689170837402e-02
4.952336847782135010e-01
6.542034745216369629e-01
4.401912391185760498e-01
4.016645252704620361e-01
4.101791381835937500e-01
4.177832603454589844e-01
4.153948426246643066e-01
4.068317711353302002e-01
3.887257277965545654e-01
3.597537577152252197e-01
3.225810527801513672e-01
2.854692339897155762e-01
2.404894530773162842e-01
4.004260897636413574e-02
-6.197125911712646484e-01
2.786581814289093018e-01
1.560845673084259033e-01
-2.674212157726287842e-01
5.240440368652343750e-01
7.772574424743652344e-01
2.163859307765960693e-01
-3.513626754283905029e-01
4.279696643352508545e-01
-3.080234825611114502e-01
-5.106118917465209961e-01
-5.469602346420288086e-01
-1.855709195137023926e+00
-1.711856961250305176e+00
-1.834109663963317871e+00
-1.686100363731384277e+00
-2.020259380340576172e+00
-2.366761922836303711e+00
-2.654647111892700195e+00
-4.340621531009674072e-01
-2.529936730861663818e-01
6.469935178756713867e-03
6.672111153602600098e-02
2.372161448001861572e-01
6.794129610061645508e-01
-1.552596986293792725e-01
2.134845554828643799e-01
2.996498644351959229e-01
5.916618108749389648e-01
4.183782637119293213e-01
6.777225732803344727e-01
2.986710965633392334e-01
2.772808670997619629e-01
4.776406288146972656e-01
4.957443177700042725e-01
2.186131179332733154e-01
-4.839125573635101318e-01
-2.779511511325836182e-01
-1.853647530078887939e-01
7.155215740203857422e-02
-6.550306081771850586e-02
-6.547143459320068359e-01
-8.017485141754150391e-01
-4.974409639835357666e-01
-5.503485202789306641e-01
-5.316325426101684570e-01
1.194526851177215576e-01
4.958151876926422119e-01
8.488161563873291016e-01
3.024284839630126953e-01
5.932242870330810547e-01
-6.112536787986755371e-02
6.804686784744262695e-02
1.655359864234924316e-01
1.511526703834533691e-01
5.801025629043579102e-01
-1.209447681903839111e-01
7.331791520118713379e-02
8.220189809799194336e-02
-1.417002677917480469e-01
2.024501711130142212e-01
3.815124332904815674e-01
2.900932729244232178e-01
5.841866731643676758e-01
2.539476454257965088e-01
9.758383035659790039e-03
-5.681992769241333008e-01
-1.184400439262390137e+00
-1.722895979881286621e+00
-1.781484842300415039e+00
-9.638749361038208008e-01
-1.009801983833312988e+00
-1.616400957107543945e+00
-2.033376932144165039e+00
4.180198609828948975e-01
1.275911927223205566e-02
-1.299585461616516113e+00
-1.801402926445007324e+00
-1.543268322944641113e+00
-8.868366479873657227e-01
-3.453768193721771240e-01
-2.509915530681610107e-01
-1.612150967121124268e-01
-7.057523727416992188e-01
-5.627802610397338867e-01
-7.517684698104858398e-01
-8.846415281295776367e-01
-2.050705254077911377e-01
8.401017189025878906e-01
-5.896160602569580078e-01
-5.149012804031372070e-01
-7.112435102462768555e-01
-6.759657859802246094e-01
-8.251208066940307617e-01
-1.061963438987731934e+00
-5.089231729507446289e-01
-9.191042184829711914e-01
-9.338338375091552734e-01
7.959303259849548340e-02
-1.121331572532653809e+00
-1.050359368324279785e+00
-8.279556035995483398e-01
-9.412933588027954102e-01
-1.024509072303771973e+00
-9.784239530563354492e-01
-6.799117326736450195e-01
-1.024493813514709473e+00
-8.024970293045043945e-01
-9.873687028884887695e-01
-9.295729398727416992e-01
-9.017081260681152344e-01
4.341388642787933350e-01
-3.568298518657684326e-01
-4.328033030033111572e-01
-3.266681134700775146e-01
-4.440928995609283447e-01
-5.019164085388183594e-01
-5.065585374832153320e-01
-5.413874387741088867e-01
-5.486885309219360352e-01
-4.487943351268768311e-01
-6.131755113601684570e-01
-4.685149490833282471e-01
-3.342522084712982178e-01
-3.148343861103057861e-01
-5.158253908157348633e-01
-4.320261776447296143e-01
-4.019095599651336670e-01
-3.794246613979339600e-01
-2.701226174831390381e-01
-4.259769618511199951e-01
-6.011370420455932617e-01
-4.761480987071990967e-01
-3.581073582172393799e-01
-4.441367685794830322e-01
-4.219305217266082764e-01
-7.396796941757202148e-01
-6.637756824493408203e-01
-6.354053020477294922e-01
-3.563105165958404541e-01
-6.597623825073242188e-01
-6.024467945098876953e-01
-4.119276702404022217e-01
-3.165998756885528564e-01
-3.248014748096466064e-01
-3.482458293437957764e-01
-5.333119630813598633e-01
-4.214487969875335693e-01
-3.934999406337738037e-01
-3.918419778347015381e-01
-6.714391708374023438e-01
-6.484408378601074219e-01
-2.704493105411529541e-01
-2.624961733818054199e-01
-2.922017872333526611e-01
-2.829320728778839111e-01
-2.988460361957550049e-01
-2.857640683650970459e-01
-2.860894203186035156e-01
-2.857369184494018555e-01
3.113370239734649658e-01
3.782164752483367920e-01
-4.471636116504669189e-01
8.968828916549682617e-01
6.923149824142456055e-01
6.193069219589233398e-01
4.065677821636199951e-01
3.030641973018646240e-01
1.803591549396514893e-01
-6.010290384292602539e-01
-6.159056425094604492e-01
-3.866471350193023682e-01
-6.023966073989868164e-01
-7.230998277664184570e-01
-7.728126049041748047e-01
-8.183485269546508789e-01
-1.070204854011535645e+00
1.033275425434112549e-01
2.593422532081604004e-01
1.425499022006988525e-01
3.381852805614471436e-01
9.697629213333129883e-01
6.488164663314819336e-01
7.217607498168945312e-01
-1.159355759620666504e+00
1.970264554023742676e+00
2.622021913528442383e+00
2.788164854049682617e+00
2.530273199081420898e+00
1.028354048728942871e+00
-2.199697196483612061e-01
1.186440467834472656e+00
3.397962450981140137e-02
5.298935174942016602e-01
1.646259129047393799e-01
3.775015175342559814e-01
-1.793815195560455322e-01
6.751152873039245605e-02
-3.548625409603118896e-01
-2.766804397106170654e-01
-2.475284934043884277e-01
-2.759237587451934814e-01
-4.252448976039886475e-01
1.470930874347686768e-01
1.628126502037048340e-01
1.281816244125366211e+00
-1.113031029701232910e+00
-1.414619088172912598e+00
-1.424612879753112793e+00
-1.033813357353210449e+00
-1.017824530601501465e+00
-1.001149177551269531e+00
-7.933599948883056641e-01
-1.167884349822998047e+00
-1.015983700752258301e+00
-1.394585490226745605e+00
-1.168164372444152832e+00
-7.156617641448974609e-01
-9.570459127426147461e-01
-1.689141392707824707e+00
1.377315819263458252e-01
-1.552456915378570557e-01
4.125047624111175537e-01
5.535286664962768555e-01
1.412418365478515625e+00
4.571897983551025391e-01
4.740104079246520996e-02
9.208863973617553711e-02
8.280361890792846680e-01
1.257892549037933350e-01
4.510093033313751221e-01
1.280701994895935059e+00
6.764630079269409180e-01
7.101677656173706055e-01
7.300126552581787109e-01
7.487599849700927734e-01
7.090643644332885742e-01
6.501891613006591797e-01
6.012649536132812500e-01
5.504050254821777344e-01
5.278658866882324219e-01
4.494105279445648193e-01
-1.881182193756103516e-03
2.743124961853027344e-03
-1.835405826568603516e-03
1.206621527671813965e-02
2.792909741401672363e-02
5.022373795509338379e-02
1.670586466789245605e-01
1.630495488643646240e-01
8.618295192718505859e-03
-4.998335242271423340e-02
-1.833768784999847412e-01
-7.122218608856201172e-01
-9.309900999069213867e-01
-7.442080974578857422e-01
-3.351269662380218506e-01
5.677384138107299805e-02
5.774110555648803711e-03
-4.975369572639465332e-02
-3.918305337429046631e-01
-4.341989457607269287e-01
-6.945562362670898438e-01
-1.003882288932800293e+00
-1.158112645149230957e+00
-1.074744820594787598e+00
-1.140174031257629395e+00
-5.442800521850585938e-01
-5.370968580245971680e-01
-2.836236059665679932e-01
-4.077317416667938232e-01
-6.646889448165893555e-01
-2.242314517498016357e-01
3.208203613758087158e-01
6.785753369331359863e-02
-1.053730249404907227e-01
-5.065435171127319336e-01
-1.045236468315124512e+00
-7.411758899688720703e-01
-1.165089130401611328e+00
1.459543406963348389e-01
-3.719814717769622803e-01
7.802993059158325195e-01
1.176901578903198242e+00
3.211781084537506104e-01
-7.960495948791503906e-01
-9.951546192169189453e-01
-1.308506608009338379e+00
-2.311955988407135010e-01
5.593147277832031250e-01
2.070815861225128174e-01
-3.998510539531707764e-01
-8.852764368057250977e-01
-5.652526617050170898e-01
-1.174089550971984863e+00
-1.704801321029663086e+00
-1.755525350570678711e+00
2.907694280147552490e-01
-5.742292404174804688e-01
1.672703325748443604e-01
-1.865759491920471191e-02
3.088800609111785889e-01
6.245037913322448730e-02
-7.236086130142211914e-01
1.984864473342895508e-02
3.538874089717864990e-01
3.416316211223602295e-01
3.612601161003112793e-01
2.804803848266601562e-01
5.443433523178100586e-01
7.344644069671630859e-01
3.528654277324676514e-01
4.562869369983673096e-01
7.350645065307617188e-01
3.031015396118164062e-01
7.222962379455566406e-02
-3.737036287784576416e-01
-2.498765885829925537e-01
-5.047460794448852539e-01
-3.100799918174743652e-01
-3.644289672374725342e-01
6.227657198905944824e-02
-5.869451761245727539e-01
6.350666284561157227e-03
5.293626785278320312e-01
6.407855749130249023e-01
5.537958145141601562e-01
6.741753816604614258e-01
4.266221523284912109e-01
1.975037157535552979e-01
-1.483266651630401611e-01
-1.299786865711212158e-01
6.138670444488525391e-02
-1.168715059757232666e-01
-1.738543808460235596e-01
2.253835499286651611e-01
6.027528643608093262e-02
4.810082316398620605e-01
4.765141606330871582e-01
4.295783638954162598e-01
-2.934923768043518066e-02
-2.841006815433502197e-01
-2.915458083152770996e-01
-1.961911022663116455e-01
-1.120356023311614990e-01
1.352993547916412354e-01
3.383310735225677490e-01
5.481362342834472656e-01
-1.718268692493438721e-01
-2.514185607433319092e-01
-6.658276915550231934e-02
1.230394542217254639e-01
1.333365142345428467e-01
1.177178919315338135e-01
9.761223196983337402e-02
8.863440155982971191e-02
1.566139757633209229e-01
1.792668998241424561e-01
1.104902327060699463e-01
-1.577475666999816895e-02
-8.876362442970275879e-02
-1.208526790142059326e-01
-3.274117410182952881e-01
-1.986998319625854492e-02
-1.120708882808685303e-01
-9.570190310478210449e-02
-6.558009982109069824e-02
-1.531026661396026611e-01
-6.847843527793884277e-02
-2.796094715595245361e-01
-5.503267049789428711e-03
1.278320252895355225e-01
4.859372973442077637e-02
-1.277569830417633057e-01
-2.718159556388854980e-02
-3.337505459785461426e-02
-5.369970202445983887e-02
-4.761034250259399414e-02
-5.827590823173522949e-02
6.136506795883178711e-03
-2.552255988121032715e-02
1.842774450778961182e-01
-2.900939881801605225e-01
7.192488908767700195e-01
6.554359197616577148e-01
6.329240798950195312e-01
5.164145231246948242e-01
7.624828815460205078e-01
9.059029817581176758e-01
8.326191902160644531e-01
-8.882120847702026367e-01
-1.311963915824890137e+00
-1.700762391090393066e+00
-1.580919384956359863e+00
-1.590705513954162598e+00
-1.377623438835144043e+00
-7.588889598846435547e-01
-1.216284751892089844e+00
8.088557720184326172e-01
1.914074718952178955e-01
5.146003961563110352e-01
-6.738486886024475098e-02
-1.597265720367431641e+00
-1.771760702133178711e+00
-2.056895017623901367e+00
-1.358749866485595703e+00
-1.841737389564514160e+00
-1.594560265541076660e+00
6.320294737815856934e-02
9.562522172927856445e-01
9.205106496810913086e-01
1.068646430969238281e+00
4.958540201187133789e-01
7.472388744354248047e-01
1.139263510704040527e+00
7.053935527801513672e-01
-6.064531207084655762e-02
6.303122043609619141e-01
9.838749170303344727e-01
-8.649216890335083008e-01
-1.341961622238159180e+00
-1.673530936241149902e+00
-2.162771463394165039e+00
-2.334741353988647461e+00
-1.896054625511169434e+00
-1.276460766792297363e+00
-9.897823333740234375e-01
1.501278579235076904e-01
2.019230127334594727e-01
2.517353892326354980e-01
-1.329959511756896973e+00
-1.604941606521606445e+00
-9.550384283065795898e-01
-5.198897123336791992e-01
-1.354347169399261475e-01
-8.324042558670043945e-01
-9.784299135208129883e-01
7.891149520874023438e-01
-2.473599016666412354e-01
1.845081746578216553e-01
2.622677981853485107e-01
-4.798403382301330566e-02
-1.646269261837005615e-01
1.269861757755279541e-01
1.874855756759643555e-01
1.470987677574157715e+00
-9.459814429283142090e-02
1.837758719921112061e-01
3.573086261749267578e-01
7.137702703475952148e-01
4.372430145740509033e-01
7.269449234008789062e-01
-3.251739442348480225e-01
6.766420602798461914e-02
6.900683641433715820e-01
-2.185811102390289307e-01
1.758792698383331299e-01
-2.216216027736663818e-01
-1.368371963500976562e+00
-4.095421731472015381e-01
-4.091672003269195557e-01
1.001248657703399658e-01
-2.147492766380310059e-02
-1.580798923969268799e-01
5.432337522506713867e-03
-2.214725911617279053e-01
4.808493554592132568e-01
-1.949001848697662354e-01
6.876912713050842285e-02
7.724758982658386230e-02
3.203103840351104736e-01
4.792303740978240967e-01
-2.751092612743377686e-01
1.107646524906158447e-01
7.987776398658752441e-02
1.666735112667083740e-01
3.724959790706634521e-01
1.151997745037078857e-01
1.615211069583892822e-01
1.063804328441619873e-01
-2.912574112415313721e-01
1.310535967350006104e-01
-1.707399189472198486e-01
-6.016913652420043945e-01
-6.187616586685180664e-01
-3.748470246791839600e-01
-2.558799684047698975e-01
1.219561398029327393e-01
-2.975378930568695068e-01
3.852433860301971436e-01
3.806441128253936768e-01
3.158301413059234619e-01
-4.879378974437713623e-01
-1.422916352748870850e-01
1.188345849514007568e-01
-4.047945141792297363e-02
-7.881179451942443848e-02
-5.488130450248718262e-02
8.569140434265136719e-01
9.555584192276000977e-01
-6.384015083312988281e-03
-2.769072949886322021e-01
-3.635706603527069092e-01
6.134320497512817383e-01
7.405282258987426758e-01
6.020399332046508789e-01
2.074546515941619873e-01
6.400266289710998535e-02
1.696852743625640869e-01
-7.277359962463378906e-01
-6.127934455871582031e-01
-7.015752792358398438e-01
-3.733247816562652588e-01
2.241416871547698975e-01
7.295665144920349121e-02
-3.998844325542449951e-01
3.665741086006164551e-01
-3.071620762348175049e-01
-3.153742253780364990e-01
-3.936825692653656006e-01
-7.505980730056762695e-01
-5.552920103073120117e-01
-2.865575551986694336e-01
-3.700962364673614502e-01
-4.334110319614410400e-01
-5.190509557723999023e-01
-4.525674283504486084e-01
-3.766622841358184814e-01
-3.420781195163726807e-01
-3.208856880664825439e-01
-3.115073740482330322e-01
-3.068388402462005615e-01
-3.040300309658050537e-01
-3.012249171733856201e-01
-2.962534129619598389e-01
-2.847191989421844482e-01
-2.279163300991058350e-01
-2.683705389499664307e-01
-2.498277723789215088e-01
-2.748678028583526611e-01
-2.372066676616668701e-01
1.056802570819854736e-01
2.514732778072357178e-01
2.696841359138488770e-01
2.478081881999969482e-01
2.046298682689666748e-01
1.542235314846038818e-01
1.054385304450988770e-01
-2.035779058933258057e-01
-4.940719306468963623e-01
-8.716995716094970703e-01
-8.091183900833129883e-01
-4.639388024806976318e-01
7.506296038627624512e-02
-1.134558022022247314e-01
-7.716740369796752930e-01
-2.509752810001373291e-01
-4.166684448719024658e-01
-8.015939593315124512e-02
-2.597865462303161621e-02
-4.772332310676574707e-02
-3.345406949520111084e-01
-3.701674044132232666e-01
-4.275778234004974365e-01
3.307291567325592041e-01
8.070144653320312500e-01
4.788772761821746826e-01
3.274414837360382080e-01
1.813944280147552490e-01
1.536951959133148193e-01
4.024870693683624268e-01
6.830698251724243164e-01
8.155192136764526367e-01
8.096187114715576172e-01
6.993314623832702637e-02
-4.527820050716400146e-01
-6.819915771484375000e-01
-1.506785035133361816e+00
-1.439250230789184570e+00
-1.412097573280334473e+00
-1.297910690307617188e+00
-2.021995306015014648e+00
-2.320125818252563477e+00
-2.171979427337646484e+00
-1.954806447029113770e+00
-2.257677316665649414e+00
-2.261650264263153076e-01
4.341101348400115967e-01
6.430544853210449219e-01
3.476485311985015869e-01
5.642421245574951172e-01
2.620032131671905518e-01
4.867734611034393311e-01
6.656504869461059570e-01
1.595797836780548096e-01
1.354002058506011963e-01
-9.824618697166442871e-02
1.264887750148773193e-01
5.013853311538696289e-02
-3.110188245773315430e-01
-1.856451928615570068e-01
-5.700750350952148438e-01
-3.411067426204681396e-01
4.229979217052459717e-01
3.522358834743499756e-01
1.867224276065826416e-01
5.571035146713256836e-01
-2.338674366474151611e-01
1.412867307662963867e-01
1.691791713237762451e-01
-6.339905261993408203e-01
-2.080567479133605957e-01
-2.243967652320861816e-01
-8.291482925415039062e-02
-2.372172474861145020e-02
1.169511973857879639e-01
-1.721197664737701416e-01
9.086295366287231445e-01
2.421548664569854736e-01
-1.902204155921936035e-01
5.417823791503906250e-01
2.327134311199188232e-01
7.003661990165710449e-02
-5.829883813858032227e-01
-6.580438613891601562e-01
-7.639483213424682617e-01
-5.424282550811767578e-01
6.350007653236389160e-02
-3.978299796581268311e-01
-1.796741187572479248e-01
-3.632454574108123779e-01
-1.544303596019744873e-01
6.696477532386779785e-02
9.438031911849975586e-02
8.196943998336791992e-02
4.412767291069030762e-02
-3.190070390701293945e-03
-3.405217826366424561e-01
-4.549756646156311035e-02
1.272527277469635010e-01
4.580950736999511719e-02
6.047935485839843750e-01
-1.564297080039978027e-02
-3.399510085582733154e-01
-7.893929481506347656e-01
-7.568911314010620117e-01
-7.159126996994018555e-01
-2.384736239910125732e-01
