-6.973122805356979370e-02
-6.455614566802978516e-01
-9.269154667854309082e-01
-1.073170781135559082e+00
-1.793720573186874390e-02
-6.163120269775390625e-01
-1.269335508346557617e+00
-7.504551410675048828e-01
-6.004704833030700684e-01
-1.026536464691162109e+00
-8.182067424058914185e-02
-9.166440963745117188e-01
-1.054693579673767090e+00
-9.509943723678588867e-01
-8.867158889770507812e-01
-9.577525854110717773e-01
-1.034909367561340332e+00
-1.101673126220703125e+00
-1.159954786300659180e+00
-1.218810796737670898e+00
-1.254462957382202148e+00
-1.230864405632019043e+00
-1.098851084709167480e+00
-9.722534418106079102e-01
-9.346761703491210938e-01
-9.271235466003417969e-01
-9.317647218704223633e-01
-9.430785179138183594e-01
-9.553717970848083496e-01
-9.773706197738647461e-01
-1.019873023033142090e+00
-1.090498089790344238e+00
-1.204148054122924805e+00
-1.191868543624877930e+00
-1.375143408775329590e+00
-5.630659461021423340e-01
-3.926060795783996582e-01
-4.455812573432922363e-01
-1.109599992632865906e-01
-2.836097180843353271e-01
-6.224443912506103516e-01
-7.409502267837524414e-01
-3.951994776725769043e-01
5.459619313478469849e-02
2.147289961576461792e-01
1.439031064510345459e-01
5.749158859252929688e-01
6.137417554855346680e-01
4.956864118576049805e-01
3.288580775260925293e-01
-6.111652404069900513e-02
2.302376776933670044e-01
-1.613969951868057251e-01
-1.912986338138580322e-01
-2.465911209583282471e-01
9.979211539030075073e-02
-3.361693918704986572e-01
1.656333357095718384e-02
1.569030433893203735e-02
7.790393196046352386e-03
7.008267194032669067e-02
1.441684961318969727e-01
2.525587081909179688e-01
7.466757893562316895e-01
-2.808578610420227051e-01
-5.411092042922973633e-01
-4.725911617279052734e-01
-8.062892593443393707e-03
-2.871425151824951172e-01
-4.897116422653198242e-01
-2.018849849700927734e-01
2.423758059740066528e-02
2.808620929718017578e-01
-5.498881340026855469e-01
6.037815213203430176e-01
1.115407943725585938e+00
5.993887782096862793e-01
1.337094306945800781e+00
9.446150660514831543e-01
4.921584129333496094e-01
3.046585321426391602e-01
3.899626731872558594e-01
6.999043226242065430e-01
3.729246258735656738e-01
3.585486412048339844e-01
1.393976807594299316e-01
-4.920124262571334839e-02
-2.177879810333251953e-01
9.025459289550781250e-01
1.075491189956665039e+00
1.078062415122985840e+00
6.903834342956542969e-01
9.439297914505004883e-01
7.759159803390502930e-01
4.986118078231811523e-01
6.566607952117919922e-01
1.211399674415588379e+00
-3.809652626514434814e-01
-4.004338383674621582e-01
-2.774202823638916016e-01
-3.182419538497924805e-01
-6.646358370780944824e-01
-6.310822367668151855e-01
-4.471928775310516357e-01
-7.938524484634399414e-01
-5.116682052612304688e-01
-2.269140481948852539e-01
5.452736616134643555e-01
-3.581116199493408203e-01
-1.119329810142517090e+00
-1.066321611404418945e+00
-7.254912853240966797e-01
-7.476913332939147949e-01
-5.290455818176269531e-01
-1.300762653350830078e+00
-4.638737440109252930e-01
-5.641225576400756836e-01
-9.914008975028991699e-01
1.734365224838256836e-01
2.100312709808349609e-01
6.217606067657470703e-01
8.891142010688781738e-01
-2.015036344528198242e-01
2.611258625984191895e-01
-2.680324949324131012e-03
-9.582544118165969849e-02
-2.552356123924255371e-01
-2.523562312126159668e-01
-1.284651905298233032e-01
5.055499821901321411e-02
-3.978949040174484253e-02
2.542695403099060059e-01
-9.789054989814758301e-01
-3.009276986122131348e-01
-2.318059653043746948e-02
-8.406480401754379272e-02
-3.955336660146713257e-02
2.471841126680374146e-02
8.566553145647048950e-02
-3.388297557830810547e-01
-7.029945254325866699e-01
2.783976793289184570e-01
-2.681328058242797852e-01
-2.859809398651123047e-01
-2.753432095050811768e-01
-2.178994119167327881e-01
-1.351341307163238525e-01
-3.945644944906234741e-02
5.355777591466903687e-02
1.188179329037666321e-01
-3.225278109312057495e-02
-2.305275052785873413e-01
-2.476279288530349731e-01
-3.313215672969818115e-01
-5.048256516456604004e-01
-2.891488671302795410e-01
-2.904963493347167969e-01
1.893567591905593872e-01
-6.358954310417175293e-01
-2.717748284339904785e-01
-7.081947326660156250e-01
-3.358315229415893555e-01
9.242490679025650024e-02
1.535773277282714844e-01
9.980399161577224731e-02
1.594589948654174805e-01
1.795452833175659180e-01
-2.373613119125366211e-01
-1.070784926414489746e+00
6.540759801864624023e-01
3.114196062088012695e-01
-1.179123446345329285e-01
-5.212091803550720215e-01
3.842348754405975342e-01
-2.318850755691528320e-01
-4.783076047897338867e-01
-4.047689735889434814e-01
-1.171632409095764160e+00
-1.543504595756530762e+00
-6.475981473922729492e-01
-1.408024191856384277e+00
5.949609279632568359e-01
-2.169083803892135620e-02
-7.062407732009887695e-01
-2.296314239501953125e-01
-3.296678066253662109e-01
-1.640896320343017578e+00
1.419923305511474609e-01
4.312567710876464844e-01
8.241319060325622559e-01
1.621920704841613770e+00
2.160524368286132812e+00
9.189360141754150391e-01
9.098094701766967773e-01
-9.737542271614074707e-01
-6.980275362730026245e-02
-6.607889384031295776e-02
-1.402197360992431641e+00
-6.782156229019165039e-01
2.790778875350952148e-01
2.129443168640136719e+00
2.296444416046142578e+00
2.319043874740600586e+00
2.944122552871704102e-01
1.606891512870788574e+00
1.412590622901916504e+00
1.183727383613586426e+00
1.109627604484558105e+00
1.033229947090148926e+00
2.418376207351684570e-01
6.595566272735595703e-01
6.826828718185424805e-01
8.643157482147216797e-01
8.197748661041259766e-01
5.479526519775390625e-01
4.260752201080322266e-01
5.277227163314819336e-01
7.251727581024169922e-01
6.986913681030273438e-01
8.031888008117675781e-01
-5.732834339141845703e-01
-1.237449571490287781e-01
1.075375154614448547e-01
-3.863149881362915039e-01
1.558572053909301758e-01
4.154396951198577881e-01
9.597078561782836914e-01
6.263198852539062500e-01
6.134609580039978027e-01
2.430480718612670898e+00
-1.458206120878458023e-02
-9.335830062627792358e-02
1.005162969231605530e-01
-2.259654998779296875e-01
-1.918366253376007080e-01
-2.733151018619537354e-01
-2.555454969406127930e-01
-1.681462526321411133e-01
-4.982631653547286987e-02
6.432307362556457520e-01
2.745007574558258057e-01
1.735217571258544922e-01
1.744033098220825195e-01
2.004413306713104248e-01
9.574451446533203125e-01
4.219348430633544922e-01
1.819293797016143799e-01
2.788425087928771973e-01
1.037506937980651855e+00
6.455023288726806641e-01
5.358625054359436035e-01
6.323180198669433594e-01
3.844866752624511719e-01
1.697719693183898926e-01
-8.295588493347167969e-01
-1.837276667356491089e-02
1.495370864868164062e-01
3.216972649097442627e-01
4.052458405494689941e-01
-2.232735306024551392e-01
5.692855119705200195e-01
5.219063162803649902e-01
-2.416323125362396240e-01
-2.211752235889434814e-01
2.144932150840759277e-01
1.941546916961669922e+00
3.636188060045242310e-02
6.663341075181961060e-02
1.681267023086547852e+00
1.000185683369636536e-01
9.902850389480590820e-01
6.535820960998535156e-01
3.158408105373382568e-01
1.539750695228576660e-01
-5.080845355987548828e-01
3.141846060752868652e-01
6.149435788393020630e-02
4.700180590152740479e-01
-2.123378515243530273e-01
-3.410972356796264648e-01
-6.401462554931640625e-01
3.145387768745422363e-01
1.889673173427581787e-01
-7.446719408035278320e-01
-6.043358445167541504e-01
-1.273733973503112793e+00
-7.401265501976013184e-01
-9.125779867172241211e-01
-9.037543535232543945e-01
-9.088628888130187988e-01
-5.070963501930236816e-01
-1.658865511417388916e-01
8.342003077268600464e-02
1.111569032073020935e-01
3.163655698299407959e-01
2.599059641361236572e-01
-8.845487833023071289e-01
1.712657511234283447e-01
-2.385721802711486816e-01
-4.382141232490539551e-01
9.413774311542510986e-02
-1.573982089757919312e-02
7.522664219141006470e-02
4.697235673666000366e-02
4.824353009462356567e-02
1.492798030376434326e-01
1.442615687847137451e-01
-1.291403770446777344e-01
-7.856633067131042480e-01
1.485550105571746826e-01
1.821147203445434570e-01
2.568880915641784668e-01
-6.288594007492065430e-01
-4.318525195121765137e-01
-3.263219594955444336e-01
-2.369371950626373291e-01
-2.274158895015716553e-01
2.621642500162124634e-02
-3.494572043418884277e-01
1.150774732232093811e-01
-6.594287604093551636e-02
-6.045525521039962769e-02
-8.838193863630294800e-02
-9.564980119466781616e-02
-1.036892756819725037e-01
-1.168038472533226013e-01
3.559609949588775635e-01
3.787858486175537109e-01
5.843108892440795898e-02
-6.404166817665100098e-01
-5.971855521202087402e-01
-7.371606230735778809e-01
-1.724254339933395386e-01
-1.165649220347404480e-01
-6.686335057020187378e-02
-7.351385802030563354e-02
-9.157942980527877808e-02
-3.336201608180999756e-01
-2.038385570049285889e-01
-1.502471864223480225e-01
-1.051770672202110291e-01
-2.701906561851501465e-01
-8.409762382507324219e-01
-1.130336642265319824e+00
-9.748712778091430664e-01
-1.601309895515441895e+00
-9.477043151855468750e-01
-9.838555455207824707e-01
7.140048146247863770e-01
1.445321798324584961e+00
4.360295534133911133e-01
5.116000175476074219e-01
8.202114105224609375e-01
1.251566886901855469e+00
1.739944577217102051e+00
1.921092152595520020e+00
9.800109863281250000e-01
1.216886758804321289e+00
7.031660079956054688e-01
1.187095522880554199e+00
4.459323883056640625e-01
7.694078981876373291e-02
-5.307034254074096680e-01
5.884490609169006348e-01
3.931989073753356934e-01
2.995346784591674805e-01
2.188896536827087402e-01
-1.170698329806327820e-01
-5.593588352203369141e-01
-6.412696838378906250e-01
-1.468511819839477539e-01
-1.914269924163818359e-01
-3.138520121574401855e-01
-4.188336730003356934e-01
-4.247562885284423828e-01
-1.804629862308502197e-01
-5.754567980766296387e-01
-5.298394560813903809e-01
-3.526814281940460205e-01
-6.728677153587341309e-01
-5.128921270370483398e-01
-2.685608863830566406e-01
-6.689981222152709961e-01
1.467154081910848618e-02
-7.575966119766235352e-01
-5.198429226875305176e-01
-3.829441666603088379e-01
-6.369868516921997070e-01
3.888169825077056885e-01
-9.517324566841125488e-01
-9.638885259628295898e-01
-1.031257510185241699e+00
-1.031429886817932129e+00
-8.831231594085693359e-01
-8.346185088157653809e-01
-8.450805544853210449e-01
-7.911731004714965820e-01
-7.357673645019531250e-01
-6.823666095733642578e-01
-5.591558218002319336e-01
-1.507273912429809570e-01
-6.695052385330200195e-01
-8.240125179290771484e-01
-8.484129905700683594e-01
-8.605936765670776367e-01
-7.010462284088134766e-01
-6.204842329025268555e-01
1.069932337850332260e-02
-1.944907009601593018e-01
-7.459096312522888184e-01
-7.534981966018676758e-01
-1.004192233085632324e+00
-1.046927452087402344e+00
-1.009629964828491211e+00
-9.636931419372558594e-01
-9.254908561706542969e-01
-8.992143869400024414e-01
-8.822391033172607422e-01
-8.718928694725036621e-01
-8.691037893295288086e-01
-8.671441674232482910e-01
-8.701187372207641602e-01
-8.763017654418945312e-01
-7.074567675590515137e-01
-9.422656297683715820e-01
-7.849613428115844727e-01
-4.121806472539901733e-02
-1.674514293670654297e+00
-1.037999510765075684e+00
4.219380617141723633e-01
-8.829349279403686523e-01
-2.095329523086547852e+00
-7.615969181060791016e-01
-5.421751141548156738e-01
-2.679165601730346680e+00
-9.752336144447326660e-01
-1.715589642524719238e+00
-2.290911674499511719e-01
-2.443356990814208984e+00
2.579380273818969727e-01
-5.672022104263305664e-01
-7.130981683731079102e-01
1.669466942548751831e-01
1.137058615684509277e+00
1.480444312095642090e+00
1.171882748603820801e+00
1.574774861335754395e+00
2.254043102264404297e+00
2.683905124664306641e+00
2.306979417800903320e+00
1.906316399574279785e+00
2.654803514480590820e+00
1.402709841728210449e+00
8.268312215805053711e-01
-1.848354190587997437e-02
2.065579295158386230e-01
-5.492097139358520508e-01
5.771724581718444824e-01
9.833646565675735474e-02
-8.847947716712951660e-01
1.004548594355583191e-01
-3.661456108093261719e-01
-6.931644082069396973e-01
-7.912756800651550293e-01
-9.026859998703002930e-01
9.877134114503860474e-02
-1.108356639742851257e-01
-1.095648929476737976e-01
-7.208525389432907104e-02
-1.903402060270309448e-02
1.255604028701782227e+00
1.181957364082336426e+00
1.114861607551574707e+00
8.920181393623352051e-01
8.752477914094924927e-02
1.038702130317687988e+00
2.891108393669128418e-01
5.617015361785888672e-01
6.732166558504104614e-02
-2.681964077055454254e-03
-4.742433130741119385e-01
-1.214788317680358887e+00
-9.263216704130172729e-02
-7.415038943290710449e-01
6.592661142349243164e-01
-9.670495986938476562e-01
-6.790456175804138184e-01
-7.228181362152099609e-01
-8.558967113494873047e-01
-8.737602233886718750e-01
-8.567830324172973633e-01
-8.687382340431213379e-01
-8.720788955688476562e-01
5.290620326995849609e-01
-2.236538529396057129e-01
-8.782805204391479492e-01
2.488891184329986572e-01
6.218383461236953735e-02
-7.112941741943359375e-01
-7.644618153572082520e-01
-6.491640806198120117e-01
-1.324059724807739258e+00
-1.473598599433898926e+00
-3.226863145828247070e-01
7.751922011375427246e-01
4.788353443145751953e-01
-5.384227633476257324e-01
6.092434525489807129e-01
5.856524705886840820e-01
5.684266090393066406e-01
5.092414021492004395e-01
8.834050893783569336e-01
-7.652016729116439819e-02
-3.379321098327636719e-01
-2.634305238723754883e+00
-1.279402613639831543e+00
-2.984504699707031250e-01
5.773098021745681763e-02
1.448701500892639160e+00
8.142538070678710938e-01
6.400831937789916992e-01
7.580481767654418945e-01
3.129486441612243652e-01
8.741651177406311035e-01
9.652001857757568359e-01
1.063509225845336914e+00
1.112717032432556152e+00
1.126055598258972168e+00
1.147970080375671387e+00
1.371232628822326660e+00
9.224970936775207520e-01
9.900500774383544922e-01
1.200396180152893066e+00
1.040504336357116699e+00
1.761456608772277832e+00
1.510052323341369629e+00
1.416843891143798828e+00
1.357957363128662109e+00
2.586059570312500000e+00
2.246482133865356445e+00
1.965593814849853516e+00
2.048380374908447266e+00
1.586356997489929199e+00
1.576944231986999512e+00
1.517013430595397949e+00
1.527056455612182617e+00
1.716715216636657715e+00
1.810945868492126465e+00
1.770352959632873535e+00
3.731017112731933594e-01
4.743282794952392578e-01
4.825034141540527344e-01
9.899018406867980957e-01
-4.685456752777099609e-01
-3.937833905220031738e-01
-1.255355834960937500e+00
-9.370603561401367188e-01
1.167339920997619629e+00
7.993413209915161133e-01
2.506570816040039062e-01
1.782946467399597168e+00
-1.481347829103469849e-01
-6.324893236160278320e-01
1.565625309944152832e+00
8.701660633087158203e-01
6.176293641328811646e-02
5.744304060935974121e-01
4.696044921875000000e-01
1.468531131744384766e+00
6.117155551910400391e-01
1.113733410835266113e+00
1.175898790359497070e+00
-3.411828279495239258e-01
2.589439153671264648e-01
-1.541745066642761230e-01
-1.395636200904846191e+00
-7.526179552078247070e-01
-1.198770999908447266e+00
-9.593756198883056641e-01
-5.417084693908691406e-01
-1.891098022460937500e-01
-6.259880065917968750e-01
-1.158729434013366699e+00
-6.358066201210021973e-01
-6.573908962309360504e-03
4.117152094841003418e-01
-6.661054491996765137e-01
-3.378886699676513672e+00
-6.954857707023620605e-01
3.356771469116210938e-01
1.065900444984436035e+00
2.455147981643676758e+00
4.167741537094116211e-01
9.886187911033630371e-01
-1.598218679428100586e-01
5.463596582412719727e-01
7.492566704750061035e-01
1.536014676094055176e-01
6.460583209991455078e-01
3.282622694969177246e-01
-5.230829715728759766e-01
-5.793724060058593750e-01
-3.456301987171173096e-01
-1.400860249996185303e-01
2.903141975402832031e-01
-1.319493651390075684e-01
-4.400349259376525879e-01
-7.240076065063476562e-01
-7.247244119644165039e-01
-6.792033910751342773e-01
-3.414050340652465820e-01
-7.736574858427047729e-02
-7.104273438453674316e-01
-8.348989486694335938e-01
-6.377238035202026367e-01
-1.135569158941507339e-02
-8.235821127891540527e-01
-8.137573003768920898e-01
-8.920334577560424805e-01
-8.900334835052490234e-01
-8.483176231384277344e-01
1.430383976548910141e-02
-4.046026468276977539e-01
-7.782914638519287109e-01
1.722465157508850098e-01
2.198601663112640381e-01
-5.649931430816650391e-01
-7.164502739906311035e-01
-7.962282299995422363e-01
-7.873760461807250977e-01
-8.105093240737915039e-01
-8.542226552963256836e-01
-5.008071064949035645e-01
-5.570105314254760742e-01
-5.757961273193359375e-01
-4.180408120155334473e-01
-5.865213871002197266e-01
-2.204030752182006836e-01
-4.616616368293762207e-01
-3.652901947498321533e-01
-3.123226761817932129e-01
-3.287462294101715088e-01
-3.131800591945648193e-01
-2.557969987392425537e-01
8.619252592325210571e-02
-6.832443922758102417e-02
1.192744448781013489e-01
-2.069412916898727417e-02
3.633432388305664062e-01
2.407235503196716309e-01
2.041149884462356567e-02
2.834001183509826660e-01
1.906521916389465332e-01
-5.072608590126037598e-01
-1.183917045593261719e+00
-9.999334812164306641e-01
-4.264568686485290527e-01
-8.853031992912292480e-01
-9.540794491767883301e-01
-9.090554118156433105e-01
-1.582468152046203613e+00
-9.198118448257446289e-01
-7.337533235549926758e-01
-5.087953209877014160e-01
-5.419968813657760620e-02
-4.770597815513610840e-01
-9.668924212455749512e-01
-3.025200366973876953e-01
2.847366333007812500e-01
3.572022914886474609e-01
-4.530025720596313477e-01
7.208609580993652344e-01
1.128520488739013672e+00
1.640619039535522461e-01
3.844343423843383789e-01
1.319586157798767090e+00
1.904068112373352051e+00
2.334708452224731445e+00
2.711404561996459961e+00
2.562557220458984375e+00
2.056243896484375000e+00
1.966287493705749512e+00
9.163849949836730957e-01
1.863642811775207520e+00
1.076529383659362793e+00
1.160276055335998535e+00
2.086236953735351562e+00
2.935860633850097656e+00
-5.691468715667724609e-01
-9.596130251884460449e-01
-6.322213411331176758e-01
-1.604908145964145660e-03
1.062455058097839355e+00
9.081122279167175293e-01
3.880741596221923828e+00
2.657249927520751953e+00
2.173074722290039062e+00
2.464624166488647461e+00
3.448802709579467773e+00
6.002010107040405273e-01
4.485180854797363281e+00
6.195661544799804688e+00
5.266952037811279297e+00
4.642139911651611328e+00
4.182563304901123047e+00
3.329753875732421875e+00
3.190126419067382812e+00
2.401278018951416016e+00
1.955700516700744629e+00
1.695138335227966309e+00
6.573064327239990234e-01
1.379878520965576172e+00
1.686611771583557129e+00
-1.286958456039428711e-01
-6.207682490348815918e-01
-8.542571067810058594e-01
-3.810048103332519531e-01
-7.500847578048706055e-01
4.126777648925781250e-01
-1.153633952140808105e+00
-1.068467736244201660e+00
-2.378633022308349609e-01
-1.766396760940551758e-01
-4.389217495918273926e-01
-1.400592327117919922e-01
5.160868912935256958e-02
-1.150141000747680664e+00
-8.139880895614624023e-01
-1.485561251640319824e+00
-1.241662502288818359e+00
-9.052290916442871094e-01
-1.414958477020263672e+00
-1.676906466484069824e+00
-1.285004973411560059e+00
-1.009651422500610352e+00
3.205285668373107910e-01
3.825333118438720703e-01
-1.459316313266754150e-01
1.117991805076599121e+00
2.890378475189208984e+00
1.098980188369750977e+00
4.898926615715026855e-01
1.695019751787185669e-02
-5.425094813108444214e-02
-1.846024394035339355e-01
-6.049846112728118896e-02
-2.217268347740173340e-01
-2.248742580413818359e-01
-1.509597245603799820e-02
9.206951856613159180e-01
-5.528288334608078003e-02
-2.997114658355712891e-01
-7.745912075042724609e-01
5.706627964973449707e-01
2.334256768226623535e-01
-2.121389508247375488e-01
-8.357605934143066406e-01
-3.809570074081420898e-01
-4.928215593099594116e-02
3.010408878326416016e-01
5.032670497894287109e-01
3.277305364608764648e-01
-4.186544418334960938e-01
-1.099978014826774597e-01
1.091480627655982971e-01
-2.101621031761169434e-01
-4.697695374488830566e-01
1.511882692575454712e-01
3.123271465301513672e-01
-1.472886204719543457e-01
-7.680379152297973633e-01
-4.694539010524749756e-01
5.472998619079589844e-01
2.416335940361022949e-01
1.951909363269805908e-01
3.717163205146789551e-01
7.150767445564270020e-01
5.079889893531799316e-01
3.604841977357864380e-02
5.484362840652465820e-01
6.615439653396606445e-01
6.751431822776794434e-01
6.928545236587524414e-01
7.156618833541870117e-01
7.275621294975280762e-01
7.141664624214172363e-01
6.576903462409973145e-01
6.239673495292663574e-01
7.524904608726501465e-01
-6.734662055969238281e-01
1.209541916847229004e+00
9.715108275413513184e-01
1.306229710578918457e+00
1.971014618873596191e+00
1.987638354301452637e+00
3.377888798713684082e-01
1.369072079658508301e+00
1.212705254554748535e+00
1.324997305870056152e+00
1.015894412994384766e+00
8.450286388397216797e-01
1.135929703712463379e+00
1.886541366577148438e+00
1.527531385421752930e+00
1.482529282569885254e+00
1.238276362419128418e+00
1.292536973953247070e+00
1.380353808403015137e+00
1.154648303985595703e+00
1.343011111021041870e-01
1.253801137208938599e-01
-6.587988138198852539e-01
-4.939742088317871094e-01
-6.101418733596801758e-01
3.846439123153686523e-01
4.657848179340362549e-01
3.717881143093109131e-01
8.245918750762939453e-01
9.718214869499206543e-01
1.100344136357307434e-01
4.546755850315093994e-01
4.889593273401260376e-02
1.756805777549743652e-01
-2.774820327758789062e-01
-4.852399826049804688e-01
-3.272614479064941406e-01
-6.930879503488540649e-02
-2.483355253934860229e-02
-3.375245928764343262e-01
5.048698931932449341e-02
-9.723095297813415527e-01
5.629601478576660156e-01
-2.145826667547225952e-01
6.027623414993286133e-01
8.091216087341308594e-01
1.056651473045349121e+00
9.044733047485351562e-01
1.437186598777770996e+00
1.220203042030334473e+00
1.705757379531860352e-01
9.449098706245422363e-01
1.533723473548889160e+00
1.756373286247253418e+00
9.835634231567382812e-01
1.860616683959960938e+00
9.563480019569396973e-01
4.689292311668395996e-01
1.751267015933990479e-01
1.922774463891983032e-01
3.667677044868469238e-01
3.932906091213226318e-01
-1.053450629115104675e-01
1.297900974750518799e-01
6.938897371292114258e-01
-2.422198802232742310e-01
-2.976962924003601074e-01
-5.507624149322509766e-01
-7.074703574180603027e-01
-7.840285301208496094e-01
-7.218381762504577637e-01
-5.286364555358886719e-01
-3.341771960258483887e-01
1.181245520710945129e-01
3.113307356834411621e-01
-8.921762555837631226e-02
-9.508987665176391602e-01
-1.297726511955261230e+00
-3.633183240890502930e-01
-9.467973560094833374e-02
-8.161905407905578613e-01
-8.859208226203918457e-01
-9.517955183982849121e-01
-8.058686256408691406e-01
-3.469461947679519653e-02
4.703497290611267090e-01
8.922398835420608521e-02
6.122701168060302734e-01
4.298242330551147461e-01
2.987925708293914795e-01
7.917410135269165039e-01
4.865983724594116211e-01
3.082894682884216309e-01
1.410962939262390137e-01
-3.489749431610107422e-01
-1.333501338958740234e-01
4.587221145629882812e-01
6.261176615953445435e-02
-5.493076443672180176e-01
-4.423912763595581055e-01
-3.499836921691894531e-01
-4.358173608779907227e-01
-3.230285048484802246e-01
-4.173694849014282227e-01
-1.108329221606254578e-01
-1.594919711351394653e-01
-2.756491899490356445e-01
-2.246529608964920044e-01
4.943230152130126953e-01
1.057627871632575989e-01
-8.163172602653503418e-01
-4.663571715354919434e-01
-8.059830665588378906e-01
-8.015967160463333130e-02
-2.911061979830265045e-03
-4.567392915487289429e-02
-2.256195992231369019e-02
3.485795557498931885e-01
4.031151235103607178e-01
4.808567166328430176e-01
2.634427547454833984e-01
-4.571723937988281250e-01
-2.544873952865600586e-01
-1.662968844175338745e-01
-4.081155359745025635e-01
1.089592929929494858e-02
-5.717916488647460938e-01
-4.405812621116638184e-01
2.426119446754455566e-01
9.446928650140762329e-02
-3.454068899154663086e-01
3.077530115842819214e-02
-3.761846125125885010e-01
-4.994195103645324707e-01
-1.275066614151000977e+00
-1.645197272300720215e-01
-5.807375311851501465e-01
6.073191016912460327e-02
-4.752067923545837402e-01
2.370610833168029785e-01
3.576058894395828247e-02
-9.578401222825050354e-04
-3.662496507167816162e-01
-5.552037358283996582e-01
-4.328227341175079346e-01
-9.630192518234252930e-01
-3.191055059432983398e-01
-4.934255778789520264e-01
-1.030148267745971680e+00
-1.134043812751770020e+00
-1.397684216499328613e-01
-6.643584966659545898e-01
-6.918111443519592285e-01
-7.382706403732299805e-01
5.264603346586227417e-02
-4.700469672679901123e-01
-3.527778387069702148e-01
-2.491445541381835938e-01
-6.966429948806762695e-01
3.007985949516296387e-01
-1.975451707839965820e-01
-1.507667660713195801e+00
-1.922270059585571289e-01
2.329155802726745605e-01
-2.516001164913177490e-01
-1.643019318580627441e-01
9.887213259935379028e-02
2.678478360176086426e-01
-2.129780054092407227e-01
3.674546480178833008e-01
1.470959782600402832e-01
2.676356732845306396e-01
7.034798860549926758e-01
-4.977232813835144043e-01
-3.468364775180816650e-01
-1.289528012275695801e+00
-2.014441967010498047e+00
-2.241088867187500000e+00
-9.159420728683471680e-01
-1.086448788642883301e+00
-1.436217308044433594e+00
-6.400548815727233887e-01
-6.034116148948669434e-01
-4.230996072292327881e-01
-3.763802647590637207e-01
9.045845828950405121e-03
2.220320701599121094e-01
5.560079813003540039e-01
5.424956083297729492e-01
4.723862409591674805e-01
4.629503488540649414e-01
-2.562363147735595703e-01
-2.092980146408081055e-01
-1.018039226531982422e+00
-1.153451919555664062e+00
-1.201770782470703125e+00
-1.086845755577087402e+00
-5.507609844207763672e-01
-9.712178111076354980e-01
-3.552328795194625854e-02
4.510153532028198242e-01
-1.283459305763244629e+00
-2.098045825958251953e+00
-1.265900969505310059e+00
-9.060314893722534180e-01
-2.327320814132690430e+00
-1.539931893348693848e+00
-6.006981134414672852e-01
-1.228091120719909668e+00
-1.679917216300964355e+00
-2.127081871032714844e+00
-1.931545495986938477e+00
-1.394646286964416504e+00
-1.349015116691589355e+00
-5.587359666824340820e-01
-2.147667407989501953e+00
-8.620066046714782715e-01
3.668830394744873047e-01
-4.559582471847534180e-01
1.393121957778930664e+00
-7.076857089996337891e-01
-2.215393543243408203e+00
2.047619819641113281e+00
-9.555269479751586914e-01
-4.385688900947570801e-01
-2.105838656425476074e-01
-2.181025028228759766e+00
5.758381485939025879e-01
-4.045641422271728516e-01
-5.270622372627258301e-01
-5.503236502408981323e-02
-6.109277009963989258e-01
-1.017554402351379395e+00
3.380707502365112305e-01
1.549807429313659668e+00
1.066303625702857971e-01
-8.732684887945652008e-03
-7.743608951568603516e-01
-9.885572642087936401e-02
4.529883861541748047e-01
5.890606641769409180e-01
9.396036863327026367e-01
5.727767944335937500e-01
-3.314863890409469604e-02
-3.813329935073852539e-01
-5.248723030090332031e-01
-4.650998115539550781e-01
9.804863333702087402e-01
-5.226696133613586426e-01
-6.386416405439376831e-02
1.085622191429138184e+00
1.705393791198730469e-01
1.929317712783813477e-01
-6.716545820236206055e-01
-1.974677145481109619e-01
-9.497036784887313843e-02
-2.376614809036254883e-01
2.965212583541870117e+00
3.124189376831054688e-01
-4.085498303174972534e-02
-5.186855196952819824e-01
-7.842006087303161621e-01
-1.815403401851654053e-01
1.751946210861206055e-01
-4.760849475860595703e-01
2.564132809638977051e-01
-1.663310080766677856e-02
4.499004483222961426e-01
-2.987396717071533203e-01
-4.347763061523437500e-01
-8.257877826690673828e-01
-4.992091655731201172e-01
-4.066677689552307129e-01
4.504841566085815430e-01
8.623819798231124878e-02
4.476470649242401123e-01
7.522194385528564453e-01
-4.882841706275939941e-01
9.091868400573730469e-01
5.402680039405822754e-01
8.518616557121276855e-01
8.130862712860107422e-01
8.512381911277770996e-01
-4.112143069505691528e-02
9.770055413246154785e-01
7.159618139266967773e-01
6.197776794433593750e-01
6.328107714653015137e-01
6.700590848922729492e-01
6.935078501701354980e-01
5.188847780227661133e-01
4.272241592407226562e-01
4.153499603271484375e-01
4.008988142013549805e-01
3.319982886314392090e-01
-9.757926315069198608e-02
-1.712853312492370605e-01
-1.945672631263732910e-01
-1.961490511894226074e-01
-4.214222431182861328e-01
-3.346796929836273193e-01
-6.503164768218994141e-01
-2.715291976928710938e-01
-2.863149642944335938e-01
-3.050597906112670898e-01
-3.180167376995086670e-01
-1.877512931823730469e-01
-4.214796423912048340e-01
-1.078794524073600769e-01
-4.432099312543869019e-02
-6.676297634840011597e-02
-7.351284474134445190e-02
-2.718662470579147339e-02
3.293167054653167725e-01
8.918843418359756470e-02
2.115913331508636475e-01
2.433879971504211426e-01
3.532073497772216797e-01
1.085199788212776184e-01
-1.055229783058166504e+00
-2.260148823261260986e-01
-7.347285151481628418e-01
-6.228572726249694824e-01
-1.580156803131103516e+00
3.324816226959228516e-01
2.913617491722106934e-01
-6.097482889890670776e-02
-5.139580965042114258e-01
-5.549389123916625977e-01
-5.690056681632995605e-01
-4.565075635910034180e-01
-6.236745119094848633e-01
-6.526786088943481445e-01
-5.761712193489074707e-01
-4.646519720554351807e-01
-3.758167624473571777e-01
-2.725354433059692383e-01
1.184346154332160950e-01
6.945396214723587036e-02
6.843314170837402344e-01
6.563818454742431641e-01
5.598763823509216309e-01
1.278722938150167465e-02
-4.280716776847839355e-01
-7.469291687011718750e-01
-9.662327766418457031e-01
-5.685498118400573730e-01
1.721499711275100708e-01
8.435163646936416626e-02
-1.051219105720520020e+00
-1.778696030378341675e-01
4.914662837982177734e-01
6.010603904724121094e-01
6.916226148605346680e-01
1.227546334266662598e+00
1.146255850791931152e+00
1.260438561439514160e+00
1.319257378578186035e+00
1.363744616508483887e+00
1.439444541931152344e+00
1.373962283134460449e+00
1.368795394897460938e+00
1.375304698944091797e+00
1.404322266578674316e+00
1.421719193458557129e+00
1.430160045623779297e+00
1.431010127067565918e+00
1.426097273826599121e+00
1.416683435440063477e+00
1.404459118843078613e+00
1.390775680541992188e+00
1.329993605613708496e+00
1.334843993186950684e+00
1.338182210922241211e+00
1.335147142410278320e+00
-1.200699925422668457e+00
6.390774995088577271e-02
5.816870927810668945e-01
5.955792665481567383e-01
4.729747772216796875e-01
3.436191082000732422e-01
2.918952703475952148e-01
2.810535430908203125e-01
2.828346490859985352e-01
2.874722480773925781e-01
2.906311750411987305e-01
2.892104387283325195e-01
2.771273851394653320e-01
2.325161695480346680e-01
1.868098974227905273e-01
2.382688283920288086e+00
1.974572896957397461e+00
2.097157001495361328e+00
2.181228637695312500e+00
1.506759166717529297e+00
7.230609655380249023e-01
1.179243445396423340e+00
1.317638516426086426e+00
9.065043926239013672e-01
1.717376828193664551e+00
1.208542704582214355e+00
-6.154894828796386719e-01
-9.313504695892333984e-01
-1.063893198966979980e+00
-5.409544706344604492e-01
-7.087793946266174316e-01
-7.579087615013122559e-01
7.977471947669982910e-01
1.080777645111083984e+00
1.788466453552246094e+00
3.739029645919799805e+00
4.451663494110107422e+00
4.035386085510253906e+00
3.780083894729614258e+00
3.117459774017333984e+00
4.886271953582763672e+00
4.405598163604736328e+00
4.546179294586181641e+00
4.485844612121582031e+00
4.358616352081298828e+00
3.926802873611450195e+00
3.298230171203613281e+00
2.625122070312500000e+00
1.826041817665100098e+00
9.985790252685546875e-01
2.626034021377563477e-01
-3.114361763000488281e-01
-1.234413981437683105e+00
-1.490671515464782715e+00
-6.616318225860595703e-01
-4.527421593666076660e-01
1.336015701293945312e+00
3.883962631225585938e-01
1.446353197097778320e+00
9.593328237533569336e-01
-5.368974208831787109e-01
2.408701181411743164e-01
-1.030815482139587402e+00
-9.651193618774414062e-01
-9.640692472457885742e-01
5.901841521263122559e-01
6.636253595352172852e-01
2.634165287017822266e-01
-3.285383433103561401e-02
-9.841876029968261719e-01
-1.323979496955871582e+00
-1.145115613937377930e+00
-5.679982900619506836e-01
-5.337905287742614746e-01
-3.377258032560348511e-02
2.471977472305297852e-01
-6.068682670593261719e-01
9.939509630203247070e-01
2.716671228408813477e+00
2.568943500518798828e+00
2.624696254730224609e+00
1.205726623535156250e+00
1.123411059379577637e+00
1.127174854278564453e+00
-3.847112953662872314e-01
1.154233932495117188e+00
-4.384289681911468506e-01
-1.823953688144683838e-01
-3.570048809051513672e-01
-7.701508998870849609e-01
-9.185606613755226135e-04
1.404393315315246582e-01
2.768955230712890625e-01
3.616741597652435303e-01
4.498648643493652344e-01
2.516452074050903320e-01
1.442317366600036621e-01
3.401906043291091919e-02
8.375138789415359497e-02
8.470923453569412231e-02
-3.715454787015914917e-02
-2.059849500656127930e-01
-3.589775562286376953e-01
-4.726356863975524902e-01
-5.382925271987915039e-01
-5.493142008781433105e-01
-5.246195793151855469e-01
-5.340373516082763672e-01
-6.463207006454467773e-01
6.469414383172988892e-02
-4.464081525802612305e-01
1.503477692604064941e+00
2.158587217330932617e+00
2.231453180313110352e+00
8.945965766906738281e-01
6.483660936355590820e-01
1.437084972858428955e-01
5.609371066093444824e-01
4.918959140777587891e-01
1.087942242622375488e+00
-1.625297069549560547e-01
-7.333098649978637695e-01
1.750816106796264648e-01
1.203920319676399231e-01
-3.600224852561950684e-01
1.991084963083267212e-01
-5.254637002944946289e-01
-1.041039228439331055e+00
4.866335541009902954e-02
-1.150711297988891602e+00
-3.575628995895385742e-01
-8.301280736923217773e-01
-1.087253689765930176e+00
-1.637235879898071289e-01
-8.066688776016235352e-01
-8.344419002532958984e-01
-7.389926314353942871e-01
-7.528506517410278320e-01
-6.707704067230224609e-01
-6.444391012191772461e-01
-6.701723337173461914e-01
-6.932643055915832520e-01
-7.201697826385498047e-01
-7.520555257797241211e-01
-6.610996723175048828e-01
9.797937236726284027e-03
-5.389666557312011719e-01
-2.330161333084106445e-01
-2.205008268356323242e-01
-2.773572206497192383e-01
-2.367515563964843750e-01
-6.577604450285434723e-03
5.739351511001586914e-01
8.977061510086059570e-01
9.846831560134887695e-01
9.886564016342163086e-01
9.162951707839965820e-01
6.912050247192382812e-01
4.077559709548950195e-01
3.345133066177368164e-01
-1.010997176170349121e+00
-2.771779149770736694e-02
-1.170024350285530090e-01
1.120297089219093323e-01
1.372813284397125244e-01
2.988771796226501465e-01
3.109297454357147217e-01
6.437318325042724609e-01
2.780600786209106445e-01
-2.109899371862411499e-02
-6.412174552679061890e-02
-7.041304558515548706e-02
-9.887775033712387085e-02
-1.463800072669982910e+00
3.717632889747619629e-01
3.394325971603393555e-01
2.744117975234985352e-01
-8.552693575620651245e-02
1.079508066177368164e+00
5.491885542869567871e-01
-6.868979930877685547e-01
3.697032481431961060e-02
-2.048306912183761597e-02
-3.781301975250244141e-01
-8.062525391578674316e-01
-3.789130449295043945e-01
-3.122646808624267578e-01
7.918287068605422974e-02
-2.122327089309692383e-01
-5.158734321594238281e-01
-1.171440720558166504e+00
-6.339852809906005859e-01
4.339965581893920898e-01
5.609835386276245117e-01
-5.361446142196655273e-01
-8.172191977500915527e-01
-7.584394812583923340e-01
-5.974044799804687500e-01
-5.040556192398071289e-01
-4.617281556129455566e-01
-4.398552775382995605e-01
-4.479479789733886719e-01
-4.800452589988708496e-01
-2.400133609771728516e-01
-2.207714319229125977e-01
-2.060126066207885742e-01
-1.813565492630004883e-01
-1.487609744071960449e-01
-1.069272682070732117e-01
-5.204360932111740112e-02
1.984453946352005005e-02
1.090502813458442688e-01
2.083255052566528320e-01
3.035132586956024170e-01
4.343608319759368896e-01
5.886647701263427734e-01
1.642302274703979492e-01
2.643793225288391113e-01
2.950180768966674805e-01
3.117439448833465576e-01
1.051267862319946289e+00
8.854085803031921387e-01
8.441586494445800781e-01
8.482599854469299316e-01
9.275454282760620117e-01
9.898835420608520508e-01
1.029878020286560059e+00
1.990467905998229980e-01
8.910818099975585938e-01
8.264894485473632812e-01
1.044323563575744629e+00
1.138249397277832031e+00
6.471836566925048828e-01
1.952337026596069336e-01
-6.150542944669723511e-02
-3.244560956954956055e-01
-3.907574415206909180e-01
3.965440988540649414e-01
6.023924350738525391e-01
7.072888612747192383e-01
1.388140797615051270e+00
8.166429400444030762e-01
1.334702134132385254e+00
1.398968219757080078e+00
1.843394637107849121e+00
2.112302303314208984e+00
1.638085722923278809e+00
1.190166354179382324e+00
7.433984279632568359e-01
4.956523329019546509e-02
-7.655831575393676758e-01
-2.095746994018554688e-01
-8.641788363456726074e-01
-3.388985395431518555e-01
-1.814182400703430176e-01
5.409235954284667969e-01
-2.225392311811447144e-02
-1.218754891306161880e-02
5.681806802749633789e-01
-2.219558358192443848e-01
-7.856586575508117676e-01
-6.677174568176269531e-01
-3.822832703590393066e-01
-6.559250950813293457e-01
-8.116232156753540039e-01
-6.894307136535644531e-01
-1.145136475563049316e+00
-4.998903870582580566e-01
-5.456937551498413086e-01
-8.282597064971923828e-01
-5.890241861343383789e-01
-9.119951725006103516e-01
-2.031052350997924805e+00
-2.504258871078491211e+00
-2.200080633163452148e+00
-1.710860848426818848e+00
-1.430672287940979004e+00
-1.178216457366943359e+00
-8.777784109115600586e-01
-7.564794421195983887e-01
-1.516108065843582153e-01
-5.696502327919006348e-01
-1.038327217102050781e+00
-1.098557829856872559e+00
-1.251305937767028809e+00
-1.400616645812988281e+00
-1.358800292015075684e+00
-9.583746194839477539e-01
-7.219502329826354980e-01
-8.707212209701538086e-01
-4.519107937812805176e-01
-3.390943408012390137e-01
-8.020427227020263672e-01
-1.214849710464477539e+00
-9.553335309028625488e-01
-9.529244154691696167e-02
3.392318487167358398e-01
1.407443284988403320e-01
-1.072036568075418472e-02
1.727892160415649414e-01
-8.210778236389160156e-01
-9.666472673416137695e-01
-1.443213701248168945e+00
-1.076710581779479980e+00
-1.415650010108947754e+00
-4.843030571937561035e-01
-1.056122899055480957e+00
-5.371959209442138672e-01
4.098157882690429688e-01
6.122052669525146484e-01
5.986555814743041992e-01
4.595464468002319336e-01
3.690823316574096680e-01
-1.884340047836303711e-01
-9.924396276473999023e-01
-6.368943452835083008e-01
-1.444756686687469482e-01
1.437554061412811279e-01
-5.307906307280063629e-03
3.568012267351150513e-02
3.095930814743041992e-01
1.622457057237625122e-02
-5.482923239469528198e-02
-1.074648424983024597e-01
-4.466842859983444214e-02
3.947852253913879395e-01
-4.175148010253906250e-01
-4.605815410614013672e-01
-6.360947340726852417e-02
-4.615224003791809082e-01
-1.672877669334411621e-01
-1.870168149471282959e-01
-1.215304210782051086e-01
-3.586626797914505005e-02
7.649152725934982300e-02
-2.241000682115554810e-01
-2.014810442924499512e-01
4.377193450927734375e-01
-4.148411005735397339e-02
9.852923154830932617e-01
-1.054079771041870117e+00
-3.368635773658752441e-01
2.353518605232238770e-01
7.854956984519958496e-01
8.966833949089050293e-01
2.124668359756469727e-01
1.017616152763366699e+00
-1.091390848159790039e+00
-4.440776109695434570e-01
-5.532174706459045410e-01
4.700804352760314941e-01
-2.056900262832641602e-01
-3.194196224212646484e-01
-1.059695407748222351e-01
-6.216131895780563354e-02
2.733019590377807617e-01
-3.003233112394809723e-03
5.062131285667419434e-01
1.307997107505798340e+00
1.670878052711486816e+00
2.422480106353759766e+00
-4.560958594083786011e-02
-2.933614701032638550e-02
-9.064108133316040039e-01
1.025492176413536072e-01
5.780471563339233398e-01
1.421767175197601318e-01
-3.934437334537506104e-01
1.944643855094909668e-01
2.946830540895462036e-02
-3.561817854642868042e-02
-5.616962164640426636e-02
-5.960952043533325195e-01
-3.367406129837036133e-01
1.094734743237495422e-01
-3.359584212303161621e-01
7.634980678558349609e-01
5.719571113586425781e-01
2.772401571273803711e-01
9.274308085441589355e-01
9.980013370513916016e-01
3.556703329086303711e-01
2.306632697582244873e-01
7.819818258285522461e-01
5.665037631988525391e-01
1.004704013466835022e-01
-1.244791671633720398e-01
-3.606330603361129761e-02
1.637037992477416992e-01
1.835507899522781372e-02
5.769584178924560547e-01
5.958255529403686523e-01
-6.261821389198303223e-01
1.428184509277343750e-01
3.921558856964111328e-01
-2.178283929824829102e-01
-5.304180383682250977e-01
-7.782528996467590332e-01
-8.366203308105468750e-01
-2.747121751308441162e-01
-6.051467657089233398e-01
-7.232960462570190430e-01
-7.681174874305725098e-01
-7.310243844985961914e-01
-6.143779754638671875e-01
-3.012185096740722656e-01
-7.116969823837280273e-01
-8.138160705566406250e-01
-9.379482269287109375e-01
-9.693467617034912109e-01
-9.571601748466491699e-01
-7.768579721450805664e-01
-8.106572031974792480e-01
-1.142083331942558289e-01
-7.789634466171264648e-01
-2.776015996932983398e-01
-4.037297964096069336e-01
2.335239648818969727e-01
-4.927205294370651245e-02
-3.026079386472702026e-02
-5.885195732116699219e-01
-7.406107187271118164e-01
1.901403665542602539e-01
2.831800580024719238e-01
-2.502212524414062500e-01
-1.306614756584167480e+00
-1.164483189582824707e+00
-5.841192007064819336e-01
-2.592793703079223633e-01
1.918033510446548462e-02
6.206388026475906372e-02
-7.051682472229003906e-01
1.300638198852539062e+00
-4.528303146362304688e-01
1.560185313224792480e+00
4.506059885025024414e-01
5.172975063323974609e-01
5.031199008226394653e-02
-7.184349745512008667e-02
-7.079088129103183746e-03
-1.469095051288604736e-01
-8.263818025588989258e-01
-7.138811349868774414e-01
-9.768306016921997070e-01
-9.878684282302856445e-01
-1.001888275146484375e+00
-9.278080463409423828e-01
-7.272344827651977539e-01
-3.769489228725433350e-01
-2.373457849025726318e-01
-1.603459119796752930e-01
9.969789534807205200e-02
6.793195754289627075e-02
7.752806693315505981e-02
-3.843504786491394043e-01
5.523862838745117188e-01
1.850734949111938477e-01
1.471582651138305664e+00
1.965275406837463379e+00
1.562053322792053223e+00
2.342394113540649414e+00
2.544606685638427734e+00
2.549845218658447266e+00
2.466334104537963867e+00
2.083072423934936523e+00
9.081584215164184570e-01
4.907744526863098145e-01
2.254081249237060547e+00
1.024547576904296875e+00
3.456188440322875977e-01
2.300923824310302734e+00
1.377574563026428223e+00
1.450086712837219238e+00
7.888599634170532227e-01
2.926459908485412598e-01
-3.231676667928695679e-02
2.993428111076354980e-01
-2.711909264326095581e-02
-2.026614546775817871e-01
7.688887119293212891e-01
2.218320369720458984e+00
7.663199901580810547e-01
2.952257633209228516e+00
4.333812892436981201e-01
-1.357320696115493774e-01
-9.624367207288742065e-02
-8.755462616682052612e-02
3.089933395385742188e-01
1.903490573167800903e-01
-7.430527210235595703e-01
-4.404190182685852051e-01
-7.017831802368164062e-01
-6.234939098358154297e-01
5.792704969644546509e-02
-8.895280361175537109e-01
-7.425808906555175781e-01
-5.711475014686584473e-01
-1.320008993148803711e+00
-3.992702364921569824e-01
-8.525322675704956055e-01
-8.988889455795288086e-01
-7.745931148529052734e-01
-1.289182782173156738e+00
-7.219371795654296875e-01
-1.231686472892761230e+00
-5.976338386535644531e-01
-1.211556673049926758e+00
-7.618095725774765015e-02
-8.290956616401672363e-01
-4.915995597839355469e-01
-1.033818840980529785e+00
-5.185248851776123047e-01
7.045289278030395508e-01
4.135230779647827148e-01
4.247510433197021484e-01
2.639766037464141846e-01
4.918138980865478516e-01
1.900934278964996338e-01
-5.405425280332565308e-02
-1.850500702857971191e-01
-8.750342577695846558e-02
5.423196554183959961e-01
2.039571702480316162e-01
4.247079491615295410e-01
4.716300964355468750e-01
6.536585092544555664e-01
4.203856587409973145e-01
4.399779438972473145e-01
3.470410108566284180e-01
6.247010827064514160e-01
3.437048792839050293e-01
7.510385476052761078e-03
1.062886938452720642e-01
-3.802561759948730469e-01
-3.824246525764465332e-01
-2.778746187686920166e-01
-1.954831629991531372e-01
9.697743505239486694e-02
-3.289316296577453613e-01
6.798341125249862671e-02
-1.134255900979042053e-01
-2.770194411277770996e-01
-4.128207564353942871e-01
-3.903701901435852051e-01
-1.021073386073112488e-01
-6.333469599485397339e-02
3.283909857273101807e-01
-1.839393377304077148e-01
1.580165624618530273e-01
1.443445086479187012e-01
-2.166716158390045166e-01
2.174465060234069824e-01
2.655664086341857910e-01
-3.152342438697814941e-01
-6.716482639312744141e-01
3.498277664184570312e-01
2.216096222400665283e-01
1.288366913795471191e-01
1.119309738278388977e-01
1.137293055653572083e-01
1.304506063461303711e-01
2.540989220142364502e-01
1.160940304398536682e-01
3.522499203681945801e-01
-5.186654329299926758e-01
-6.102846264839172363e-01
-2.523145079612731934e-01
-8.586728572845458984e-01
-5.350570678710937500e-01
4.502249360084533691e-01
5.085499286651611328e-01
9.548212289810180664e-01
9.611250162124633789e-01
8.585097789764404297e-01
9.665206074714660645e-01
-1.135130405426025391e+00
1.302492737770080566e+00
9.874134063720703125e-01
6.435710191726684570e-01
1.220858931541442871e+00
1.501233220100402832e+00
1.668889403343200684e+00
2.381098508834838867e+00
1.200520634651184082e+00
1.124327540397644043e+00
1.208995461463928223e+00
3.773328065872192383e-01
1.597091078758239746e+00
1.385879874229431152e+00
-2.469059228897094727e-01
-1.709092855453491211e-01
-5.468022078275680542e-02
-3.300183452665805817e-03
3.849148750305175781e-01
1.022793889045715332e+00
1.522126197814941406e+00
6.542543172836303711e-01
-7.737194746732711792e-02
-5.353402346372604370e-02
-3.197864294052124023e-01
-8.182088136672973633e-01
7.165214419364929199e-01
3.024331331253051758e-01
-7.857345789670944214e-02
3.075289726257324219e+00
2.265914440155029297e+00
3.808837532997131348e-01
-3.421684503555297852e-01
-7.545970678329467773e-01
-1.023081064224243164e+00
-7.201182842254638672e-01
-2.964471578598022461e-01
-1.296090427786111832e-02
3.841825723648071289e-01
7.555366307497024536e-02
-1.496129035949707031e-01
-3.825886845588684082e-01
-4.531033933162689209e-01
-3.461793363094329834e-01
-2.532441616058349609e-01
1.808155328035354614e-02
4.963058233261108398e-01
9.274247288703918457e-01
-7.937423586845397949e-01
5.104125291109085083e-02
3.232396394014358521e-02
2.451556622982025146e-01
1.753909140825271606e-02
1.224866151809692383e+00
2.944135189056396484e+00
3.403995990753173828e+00
1.912710070610046387e+00
3.204046964645385742e+00
3.126830577850341797e+00
1.702084898948669434e+00
2.488014459609985352e+00
3.347484827041625977e+00
3.588987350463867188e+00
3.156658411026000977e+00
2.806541442871093750e+00
6.575871109962463379e-01
2.128597021102905273e+00
3.014413118362426758e-01
2.851981520652770996e-01
-4.089123606681823730e-01
-2.186263203620910645e-01
7.738046050071716309e-01
1.624270081520080566e-01
-8.130666613578796387e-01
-3.229824602603912354e-01
-3.245296478271484375e-01
4.775644540786743164e-01
-5.810939073562622070e-01
-3.979784846305847168e-01
-7.077919244766235352e-01
-1.386391758918762207e+00
8.521682024002075195e-01
1.114408895373344421e-01
-6.206618547439575195e-01
-1.857913732528686523e-01
4.346011579036712646e-01
-3.845849335193634033e-01
-1.089420080184936523e+00
3.080524802207946777e-01
-6.352042555809020996e-01
-3.566907644271850586e-01
-3.791199326515197754e-01
-6.393558979034423828e-01
-7.186474204063415527e-01
-3.956992030143737793e-01
-1.249495372176170349e-01
2.509395033121109009e-02
9.591335803270339966e-02
1.372176110744476318e-01
1.661688983440399170e-01
1.863635778427124023e-01
1.999722421169281006e-01
-1.218545958399772644e-01
-3.257953226566314697e-01
2.915599346160888672e-01
5.635046362876892090e-01
-6.868878006935119629e-01
-8.860380649566650391e-01
-1.079225778579711914e+00
-3.119151592254638672e-01
1.536304410547018051e-02
1.520619448274374008e-02
7.686173915863037109e-01
1.348861813545227051e+00
1.228448510169982910e+00
-4.193591326475143433e-02
-8.340459316968917847e-02
4.289912581443786621e-01
2.093039274215698242e+00
2.320025920867919922e+00
-1.590662449598312378e-02
-7.906478047370910645e-01
2.620603561401367188e+00
1.535197377204895020e+00
1.752459406852722168e-01
1.741822957992553711e-01
-1.510791480541229248e-01
-3.584750890731811523e-01
-7.425528168678283691e-01
-3.717312514781951904e-01
-7.304815649986267090e-01
-9.162512421607971191e-01
-6.749497056007385254e-01
-9.541965723037719727e-01
-8.508089184761047363e-01
-2.159153670072555542e-02
4.651976376771926880e-02
-2.820521593093872070e-01
-1.018754601478576660e+00
-7.616475820541381836e-01
-1.703912258148193359e+00
-5.495787858963012695e-01
3.510650396347045898e-01
3.997246026992797852e-01
8.862174749374389648e-01
1.235342677682638168e-02
-1.670293092727661133e+00
4.002667218446731567e-02
-8.234954476356506348e-01
-3.062062263488769531e-01
-5.034898966550827026e-02
-6.810761690139770508e-01
-4.375118017196655273e-01
9.067238122224807739e-02
3.888682126998901367e-01
-5.182138681411743164e-01
-3.292057514190673828e-01
-5.850218981504440308e-02
-1.597463488578796387e+00
-6.391835212707519531e-01
-7.502874732017517090e-01
-4.547584652900695801e-01
4.923343658447265625e-01
9.438905864953994751e-02
-4.716519117355346680e-01
-2.291936874389648438e-01
1.018947437405586243e-01
3.847831487655639648e-01
1.880703806877136230e+00
-3.226065635681152344e-01
6.814297437667846680e-01
1.067837595939636230e+00
1.748690366744995117e+00
1.879692196846008301e+00
1.856848597526550293e+00
8.067198991775512695e-01
-2.606955170631408691e-01
-3.872992694377899170e-01
3.542675971984863281e-01
-8.063447475433349609e-01
-9.217066168785095215e-01
-2.513288855552673340e-01
-2.126985549926757812e+00
-1.876961708068847656e+00
-8.614104986190795898e-01
6.569554209709167480e-01
-1.446782350540161133e-01
-7.463352680206298828e-01
-8.504678606986999512e-01
-2.074293196201324463e-01
-5.369758605957031250e-01
3.273717164993286133e-01
-1.373877406120300293e+00
-8.300122022628784180e-01
-5.692067742347717285e-01
-5.817012190818786621e-01
-8.074366450309753418e-01
-7.856482267379760742e-01
-4.508309662342071533e-01
-1.042556881904602051e+00
-9.640849828720092773e-01
-6.644588708877563477e-01
-7.672494053840637207e-01
-8.555606603622436523e-01
-5.584962964057922363e-01
-1.203390717506408691e+00
-7.062977552413940430e-01
-6.498610377311706543e-01
-4.065486788749694824e-01
-1.127510786056518555e+00
2.193389087915420532e-02
-4.985205829143524170e-01
-1.273263338953256607e-02
-2.803260684013366699e-01
1.163194254040718079e-01
-3.565944433212280273e-01
-7.375849485397338867e-01
-4.388303756713867188e-01
-3.743290305137634277e-01
4.063168466091156006e-01
1.072112377732992172e-02
-5.218975991010665894e-02
-1.662831008434295654e-01
1.520909816026687622e-01
-1.874915957450866699e-01
-2.865762710571289062e-01
-6.245222687721252441e-01
-7.531816959381103516e-01
-1.077424827963113785e-02
-1.611553728580474854e-01
-3.149256408214569092e-01
-3.881991803646087646e-01
-6.699233651161193848e-01
-5.086295604705810547e-01
5.347062349319458008e-01
-1.693227052688598633e+00
-1.767964482307434082e+00
-7.113992571830749512e-01
-8.221529722213745117e-01
-1.163932561874389648e+00
-1.600357294082641602e+00
-1.135814070701599121e+00
-9.754747748374938965e-01
-6.375736594200134277e-01
-3.938348591327667236e-01
-4.074767231941223145e-01
-2.329671680927276611e-01
-9.229574799537658691e-01
-9.454089403152465820e-01
-3.044565916061401367e-01
-6.129953861236572266e-01
-4.535835385322570801e-01
-6.776334047317504883e-01
-6.274839639663696289e-01
3.775063157081604004e-01
1.648343354463577271e-01
-1.688639521598815918e-01
-1.094215549528598785e-03
-1.184750571846961975e-01
-3.254694640636444092e-01
-3.932657539844512939e-01
-4.990115165710449219e-01
-5.843392610549926758e-01
1.119032725691795349e-01
3.920919448137283325e-02
4.559136182069778442e-02
-1.548402942717075348e-03
5.921467542648315430e-01
9.522997140884399414e-01
9.836132526397705078e-01
7.703238725662231445e-01
1.174146011471748352e-01
7.069941759109497070e-01
2.224210500717163086e-01
5.969563722610473633e-01
-1.998680830001831055e-01
-2.993035316467285156e-01
-9.442793577909469604e-02
-5.076880455017089844e-01
3.855867385864257812e-01
-1.047578215599060059e+00
-1.473035097122192383e+00
-2.306787014007568359e+00
-1.158902883529663086e+00
-7.339376211166381836e-01
-2.654467105865478516e+00
-3.007334470748901367e+00
-3.062956333160400391e+00
-2.703351497650146484e+00
-3.108968973159790039e+00
-1.648813605308532715e+00
-1.363991975784301758e+00
-2.761880755424499512e-01
-2.036790370941162109e+00
1.991925239562988281e-01
-4.631271362304687500e+00
-2.752017229795455933e-02
6.248317956924438477e-01
-1.256606221199035645e+00
-1.228734612464904785e+00
-4.371546506881713867e-01
-1.308058619499206543e+00
-8.357451558113098145e-01
-7.587541341781616211e-01
-7.668100595474243164e-01
-6.796596646308898926e-01
-7.295762896537780762e-01
7.155818492174148560e-02
1.614444255828857422e-01
5.593360215425491333e-02
4.127112627029418945e-01
4.104071855545043945e-01
3.072160482406616211e-01
-5.923410058021545410e-01
8.574910163879394531e-01
6.753920316696166992e-01
3.189899027347564697e-01
2.433508396148681641e+00
2.816714286804199219e+00
2.068624019622802734e+00
3.035011768341064453e+00
2.533380746841430664e+00
1.943853259086608887e+00
8.973230123519897461e-01
-1.045566439628601074e+00
-8.849281072616577148e-01
-4.788229465484619141e-01
-5.687456130981445312e-01
-2.547585219144821167e-02
-3.999947756528854370e-02
-9.040611237287521362e-02
-2.916431725025177002e-01
-6.441090703010559082e-01
-8.480474948883056641e-01
-7.388142347335815430e-01
1.435168385505676270e-01
-5.457080602645874023e-01
-5.812526345252990723e-01
-4.879931211471557617e-01
-7.955998182296752930e-01
-9.482582807540893555e-01
-1.004786372184753418e+00
-9.816777110099792480e-01
-9.243460893630981445e-01
-1.344866752624511719e-01
-1.191126227378845215e+00
-1.262333273887634277e+00
-1.203714966773986816e+00
-8.049921989440917969e-01
-5.731836557388305664e-01
-5.584480762481689453e-01
-3.423617482185363770e-01
-4.202022552490234375e-01
-9.829875230789184570e-01
-1.262210130691528320e+00
-1.573541760444641113e+00
-1.027803301811218262e+00
-3.332613110542297363e-01
-1.215241312980651855e+00
-1.048475027084350586e+00
-1.916392445564270020e-01
-1.303476691246032715e-01
-9.252380579710006714e-02
-8.939605951309204102e-01
-1.044042587280273438e+00
-1.308254361152648926e+00
-1.359687685966491699e+00
-2.094714343547821045e-01
-2.155759185552597046e-02
-1.888529658317565918e-01
-9.890882372856140137e-01
-2.951742708683013916e-01
-1.297142505645751953e-01
-2.065667957067489624e-01
1.531173288822174072e-01
-1.438368111848831177e-01
5.868858844041824341e-02
6.353237628936767578e-01
-2.320402301847934723e-03
-1.427527785301208496e+00
-6.369493603706359863e-01
-3.960522115230560303e-01
-6.565751433372497559e-01
1.307403922080993652e+00
4.903655052185058594e-01
9.128741025924682617e-01
6.848965883255004883e-01
-2.056934356689453125e+00
-3.155147284269332886e-02
-1.122711524367332458e-01
3.324232697486877441e-01
3.894253969192504883e-01
8.002432584762573242e-01
-4.628043174743652344e-01
2.946816682815551758e-01
1.922627687454223633e-01
3.708639144897460938e-01
2.603749632835388184e-01
7.121057510375976562e-01
1.503250360488891602e+00
3.011420369148254395e-01
-3.180288672447204590e-01
5.209472179412841797e-01
3.217644691467285156e-01
-5.139577984809875488e-01
1.017267107963562012e+00
-7.910965085029602051e-01
-1.079391598701477051e+00
-2.862401604652404785e-01
-9.001953601837158203e-01
-5.824423432350158691e-01
-4.251145124435424805e-01
-3.649104237556457520e-01
-4.954379796981811523e-01
-2.373300790786743164e-01
-6.715095043182373047e-01
2.090245783329010010e-01
3.788769245147705078e-01
-1.061400771141052246e+00
-1.689935922622680664e-01
-4.571734964847564697e-01
-2.226135879755020142e-02
3.001110255718231201e-01
2.059326767921447754e-01
4.024071246385574341e-02
-1.795443594455718994e-01
-3.493654131889343262e-01
-1.032017990946769714e-01
-4.006977081298828125e-01
-1.851327568292617798e-01
-1.556318849325180054e-01
-5.275565981864929199e-01
-9.128537774085998535e-01
-1.403690576553344727e+00
-1.358483552932739258e+00
-2.033322006464004517e-01
-7.832831144332885742e-01
-5.474125146865844727e-01
-2.755383849143981934e-01
-7.209022641181945801e-01
-6.181868165731430054e-02
-1.588841527700424194e-02
-2.533974498510360718e-02
-4.597051143646240234e-01
-1.034588098526000977e+00
-3.646424710750579834e-01
-2.665719687938690186e-01
-9.874683022499084473e-01
-2.842598855495452881e-01
1.667591929435729980e-01
-2.463266253471374512e-01
-5.017997622489929199e-01
-6.543492674827575684e-01
-5.961191654205322266e-01
-1.060232594609260559e-01
3.174861520528793335e-02
1.566354036331176758e-01
2.038294970989227295e-01
2.132228314876556396e-01
2.511287331581115723e-01
1.846227347850799561e-01
1.829141080379486084e-01
1.898219287395477295e-01
1.004808023571968079e-01
-6.510924696922302246e-01
-9.621938467025756836e-01
-9.246624112129211426e-01
6.699270568788051605e-03
7.323647290468215942e-02
7.939701899886131287e-04
5.007032305002212524e-02
-2.137763500213623047e-01
-9.142744541168212891e-01
-6.199872493743896484e-01
-3.074086308479309082e-01
2.877378463745117188e-01
-7.579448223114013672e-01
-9.577003121376037598e-01
-8.759980201721191406e-01
-8.672664165496826172e-01
-8.687114715576171875e-01
-8.943636417388916016e-01
-7.836729884147644043e-01
2.281747907400131226e-01
-1.097018957138061523e+00
-2.564871013164520264e-01
-3.862606287002563477e-01
-4.008871316909790039e-01
-6.265329569578170776e-02
1.014731884002685547e+00
-6.424542665481567383e-01
2.448534965515136719e-01
3.018944263458251953e-01
-7.071029394865036011e-02
2.721464633941650391e-01
-4.979803562164306641e-01
-5.309780836105346680e-01
3.132460713386535645e-01
9.026601910591125488e-01
3.124897480010986328e+00
7.351245284080505371e-01
-1.186287641525268555e+00
-1.540642082691192627e-01
5.270653367042541504e-01
1.639660596847534180e-01
5.110186338424682617e-01
4.056499600410461426e-01
1.744737029075622559e-01
-1.672822594642639160e+00
-5.965503454208374023e-01
3.212845921516418457e-01
1.361296534538269043e+00
8.299481868743896484e-01
1.828947067260742188e-01
8.010659813880920410e-01
1.320509314537048340e-01
-1.066442057490348816e-01
1.808031052350997925e-01
-2.642742991447448730e-01
-2.603650689125061035e-01
-5.545419454574584961e-01
1.492795944213867188e-01
-5.400487184524536133e-01
-8.065645694732666016e-01
-1.315825343132019043e+00
-1.362089276313781738e+00
-1.492947459220886230e+00
-5.684854984283447266e-01
-1.012143969535827637e+00
-3.111500740051269531e-01
-1.536107420921325684e+00
-4.283512830734252930e-01
-6.694636344909667969e-01
-7.643151283264160156e-01
1.628545403480529785e+00
1.787129282951354980e+00
2.011281490325927734e+00
9.410981535911560059e-01
3.447111248970031738e-01
2.210181355476379395e-01
1.352376341819763184e-01
2.817942500114440918e-01
5.959738045930862427e-02
-2.874183058738708496e-01
3.845209628343582153e-02
-4.557762145996093750e-01
2.680259644985198975e-01
4.593647122383117676e-01
1.317622900009155273e+00
-6.963615864515304565e-02
-8.976259082555770874e-02
3.558033406734466553e-01
-5.468603372573852539e-01
-1.430597901344299316e-01
-4.740112461149692535e-03
5.741803646087646484e-01
-3.914120793342590332e-01
-4.485077559947967529e-01
-6.410646438598632812e-01
1.597239136695861816e+00
5.539655685424804688e-01
2.113965272903442383e+00
6.976176500320434570e-01
-1.326161026954650879e-01
3.705611228942871094e-01
7.792975902557373047e-01
-6.926824450492858887e-01
-5.016000866889953613e-01
-1.087559580802917480e+00
-4.675300121307373047e-01
-2.014464139938354492e-01
-4.432003498077392578e-01
5.982158333063125610e-02
-4.791715145111083984e-01
-5.694422721862792969e-01
-7.885414361953735352e-01
-2.398146986961364746e-01
-2.951142787933349609e-01
-4.117808938026428223e-01
-4.598024487495422363e-01
-4.464081227779388428e-01
-5.495558977127075195e-01
-6.729793548583984375e-01
-7.546898126602172852e-01
-2.219878137111663818e-01
-1.644344031810760498e-01
-5.205429196357727051e-01
-5.883344411849975586e-01
-6.183257102966308594e-01
-6.303875446319580078e-01
-8.767766356468200684e-01
-6.618928909301757812e-01
-3.042950034141540527e-01
-1.969792246818542480e-01
-1.863614320755004883e-01
-9.384781122207641602e-01
-8.255567401647567749e-02
-1.193843409419059753e-01
-2.882728576660156250e-01
-3.448314666748046875e-01
1.761368662118911743e-01
-7.347345948219299316e-01
6.769587397575378418e-01
3.874886780977249146e-02
-1.369738936424255371e+00
1.323272585868835449e-01
5.080909729003906250e-01
-1.371770620346069336e+00
-1.311177015304565430e-01
8.206108808517456055e-01
1.159307241439819336e+00
8.024734258651733398e-01
8.828588128089904785e-01
2.240933656692504883e+00
2.207919597625732422e+00
1.205123782157897949e+00
7.236387729644775391e-01
8.802869319915771484e-01
6.805412769317626953e-01
1.085825562477111816e+00
2.347670495510101318e-01
1.914299130439758301e-01
1.306857764720916748e-01
-5.665022134780883789e-01
-1.084716245532035828e-01
-3.072782158851623535e-01
-1.464346647262573242e-01
8.739395439624786377e-02
9.186699986457824707e-01
-6.447973102331161499e-02
5.692477226257324219e-01
2.377708107233047485e-01
1.434635818004608154e-01
2.409410476684570312e-02
-1.379496697336435318e-02
-3.107038885354995728e-02
-1.237303856760263443e-02
2.479230612516403198e-02
1.635515689849853516e-01
6.588857769966125488e-01
-4.958265423774719238e-01
-2.158672809600830078e-01
-5.294802784919738770e-01
-1.762451827526092529e-01
-2.527289986610412598e-01
-5.550050139427185059e-01
-3.674126267433166504e-01
-2.670572996139526367e-01
-2.313346862792968750e-01
-2.079336643218994141e-01
-1.687470674514770508e-01
-6.725632399320602417e-02
-4.119488000869750977e-01
-2.128781378269195557e-01
1.496130228042602539e-01
6.161133050918579102e-01
4.728166460990905762e-01
9.017772041261196136e-03
-4.129007160663604736e-01
4.985548853874206543e-01
-2.956737279891967773e-01
-2.472271621227264404e-01
-3.642100095748901367e-01
-2.371137142181396484e-01
-8.216810226440429688e-01
-5.731933712959289551e-01
-5.688287019729614258e-01
-1.261070370674133301e+00
3.238088190555572510e-01
2.146302461624145508e-01
5.122736096382141113e-01
6.436330080032348633e-01
7.235782146453857422e-01
4.289768934249877930e-01
1.511621117591857910e+00
1.820307850837707520e+00
1.846808552742004395e+00
7.825524359941482544e-02
9.858781844377517700e-02
1.310926675796508789e-01
1.333629965782165527e+00
1.171436190605163574e+00
1.585057139396667480e+00
1.325715899467468262e+00
5.672595500946044922e-01
4.207631349563598633e-01
1.502856016159057617e-01
3.547009825706481934e-01
6.440137028694152832e-01
1.357818007469177246e+00
4.468206167221069336e-01
6.368468999862670898e-01
3.613340258598327637e-01
8.891585469245910645e-01
-2.016595005989074707e-01
-1.671105623245239258e-01
-3.978894948959350586e-01
-6.127495169639587402e-01
-5.489610880613327026e-02
5.087975263595581055e-01
-1.462711215019226074e+00
-9.696198701858520508e-01
-2.528400719165802002e-01
-1.569534242153167725e-01
2.133506238460540771e-01
-8.821641653776168823e-02
1.460345983505249023e-01
8.661338090896606445e-01
1.328365802764892578e-01
3.078602999448776245e-02
-7.790031433105468750e-01
4.124732017517089844e-01
3.295556306838989258e-01
2.431303262710571289e-01
-6.626480817794799805e-01
-4.790681600570678711e-01
-6.710821390151977539e-01
-2.648586034774780273e-01
-4.750865399837493896e-01
-9.718825817108154297e-01
-1.201689720153808594e+00
1.870838999748229980e-01
-4.975190162658691406e-01
-8.972818255424499512e-01
-6.296892762184143066e-01
-1.053949594497680664e+00
-3.630937337875366211e-01
-7.982307672500610352e-01
-7.002519369125366211e-01
-5.282590389251708984e-01
-2.197066098451614380e-01
-8.600922822952270508e-01
-3.481393754482269287e-01
1.580370217561721802e-02
-2.094237506389617920e-01
-7.685320824384689331e-02
9.202725253999233246e-03
6.729812175035476685e-02
1.223498061299324036e-01
1.801031231880187988e-01
4.987261891365051270e-01
-3.898137249052524567e-03
-5.650644749402999878e-02
-2.611999958753585815e-02
1.115213707089424133e-01
1.143540218472480774e-01
2.939354479312896729e-01
-4.741525352001190186e-01
-1.325810313224792480e+00
-7.795913219451904297e-01
-1.123403429985046387e+00
