-1.540244936943054199e+00
-6.219054460525512695e-01
-6.618098020553588867e-01
3.097298741340637207e-01
-4.037731289863586426e-01
-7.970748543739318848e-01
-9.044324755668640137e-01
-1.174050927162170410e+00
-1.333599567413330078e+00
-4.283365011215209961e-01
-5.263186693191528320e-01
-1.211837977170944214e-01
-2.727003693580627441e-01
-2.458671182394027710e-01
-1.964172571897506714e-01
-1.517961472272872925e-01
-1.541718691587448120e-01
-1.940640658140182495e-01
-1.852404922246932983e-01
-1.211572140455245972e-01
-3.439240530133247375e-02
4.364128038287162781e-02
8.782322704792022705e-02
1.357768326997756958e-01
1.573572307825088501e-01
1.499291211366653442e-01
1.204745322465896606e-01
8.081699907779693604e-02
2.903146669268608093e-02
-3.495817258954048157e-02
-1.219747513532638550e-01
-2.350646108388900757e-01
-3.704274296760559082e-01
-4.029035568237304688e-01
-5.068590641021728516e-01
-6.535763740539550781e-01
-1.978672623634338379e+00
-5.077086091041564941e-01
-5.403885245323181152e-01
-4.287549257278442383e-01
-3.577744364738464355e-01
-2.618795037269592285e-01
2.578003332018852234e-02
1.125409960746765137e+00
7.991797327995300293e-01
6.424395442008972168e-01
7.518584728240966797e-01
9.334841370582580566e-01
8.860722780227661133e-01
7.741511464118957520e-01
5.403726696968078613e-01
6.182054877281188965e-01
8.131955265998840332e-01
9.695277214050292969e-01
9.647392034530639648e-01
8.058715462684631348e-01
5.314549803733825684e-01
2.565198540687561035e-01
1.831509917974472046e-01
1.825696676969528198e-01
2.365359216928482056e-01
3.236741423606872559e-01
5.010792613029479980e-01
1.573545485734939575e-01
5.188270807266235352e-01
6.254753470420837402e-01
7.415623068809509277e-01
6.824061274528503418e-01
5.657867193222045898e-01
7.239218950271606445e-01
7.298375368118286133e-01
1.282261490821838379e+00
8.591933250427246094e-01
1.029114007949829102e+00
-6.022818759083747864e-02
-1.843795925378799438e-01
8.875437378883361816e-01
5.074988007545471191e-01
9.553162753582000732e-02
2.455305010080337524e-01
1.740198880434036255e-01
9.148524701595306396e-02
-1.788675934076309204e-01
6.550799310207366943e-02
-8.058466017246246338e-02
-1.377356201410293579e-01
-2.253162413835525513e-01
-1.641428321599960327e-01
4.322203397750854492e-01
7.796777486801147461e-01
5.826700925827026367e-01
-7.238518595695495605e-01
-9.632297158241271973e-01
-1.044658064842224121e+00
-9.281439781188964844e-01
-5.307409167289733887e-01
2.191001176834106445e+00
2.262347698211669922e+00
1.623246908187866211e+00
1.141700863838195801e+00
8.056289553642272949e-01
-3.301535919308662415e-02
3.285997211933135986e-01
2.483105063438415527e-01
9.471042752265930176e-01
-5.502756237983703613e-01
8.001072704792022705e-02
9.036000072956085205e-02
1.097489476203918457e+00
-3.807055354118347168e-01
4.726765677332878113e-02
7.790086865425109863e-01
7.822514772415161133e-01
-4.484108090400695801e-01
8.311550021171569824e-01
2.248898744583129883e-01
-2.174075096845626831e-01
-2.756389975547790527e-01
-3.852440714836120605e-01
6.816172003746032715e-01
6.267876625061035156e-01
1.001870632171630859e+00
1.936212182044982910e+00
1.425495386123657227e+00
1.269514203071594238e+00
1.267699122428894043e+00
1.384049057960510254e+00
1.484255433082580566e+00
1.524439334869384766e+00
1.514744162559509277e+00
6.191757321357727051e-01
4.561992883682250977e-01
8.626952767372131348e-02
3.837052583694458008e-01
3.169433474540710449e-01
2.854087650775909424e-01
2.665330767631530762e-01
2.513658404350280762e-01
2.508627474308013916e-01
-2.464475110173225403e-02
6.421929001808166504e-01
-7.581032514572143555e-01
1.121917217969894409e-01
1.669758409261703491e-01
2.113226950168609619e-01
2.038016766309738159e-01
1.797700673341751099e-01
1.432641446590423584e-01
1.086229830980300903e-01
7.781785726547241211e-02
2.433944791555404663e-01
3.264618515968322754e-01
-7.544778287410736084e-02
1.970475018024444580e-01
9.409663677215576172e-01
-1.195680975914001465e+00
-5.287498831748962402e-01
-5.106827020645141602e-01
1.828192621469497681e-01
-7.176050543785095215e-01
7.071618735790252686e-02
4.324255883693695068e-01
1.790992975234985352e+00
5.014140009880065918e-01
-4.855195879936218262e-01
-8.209902048110961914e-01
7.058759033679962158e-02
-1.534221023321151733e-01
-1.747858643531799316e+00
-1.107798695564270020e+00
-8.989321589469909668e-01
6.057364940643310547e-01
-2.740811184048652649e-02
-2.787532210350036621e-01
1.701000571250915527e+00
1.815245866775512695e+00
1.596516251564025879e+00
-1.148342847824096680e+00
-3.297404646873474121e-01
6.615149378776550293e-01
4.841496348381042480e-01
1.021756678819656372e-01
-4.122945368289947510e-01
8.669544756412506104e-02
-1.071962863206863403e-01
-2.950841784477233887e-01
-1.245224356651306152e+00
3.413738608360290527e-01
1.702681064605712891e+00
1.766861915588378906e+00
1.497165560722351074e+00
2.364928960800170898e+00
2.385704278945922852e+00
1.555751204490661621e+00
1.615414500236511230e+00
1.644450664520263672e+00
1.681160211563110352e+00
1.690570592880249023e+00
1.800522804260253906e+00
1.862227559089660645e+00
2.040249824523925781e+00
2.118441581726074219e+00
1.535684227943420410e+00
1.969317317008972168e+00
6.772888302803039551e-01
9.298302531242370605e-01
9.572332501411437988e-01
1.128731608390808105e+00
1.458783984184265137e+00
2.140096426010131836e+00
1.728548526763916016e+00
1.901471018791198730e+00
1.920111536979675293e+00
1.858623623847961426e+00
1.779398083686828613e+00
1.733857631683349609e+00
1.874830842018127441e+00
1.499225020408630371e+00
1.100186705589294434e+00
1.030378699302673340e+00
2.196401596069335938e+00
1.025673627853393555e+00
-4.982268214225769043e-01
1.792835116386413574e+00
4.161487221717834473e-01
1.112008571624755859e+00
1.604601025581359863e+00
4.988514780998229980e-01
-5.029336214065551758e-01
1.295710086822509766e+00
8.587109446525573730e-01
4.470563530921936035e-01
3.232668042182922363e-01
4.465939402580261230e-01
1.331206113100051880e-01
1.756944209337234497e-01
1.966028958559036255e-01
2.419241219758987427e-01
1.185204386711120605e+00
1.263327002525329590e+00
5.397574901580810547e-01
8.274143338203430176e-01
8.421618938446044922e-01
7.019070386886596680e-01
-1.012368053197860718e-01
3.554709553718566895e-01
2.307755872607231140e-02
-9.738857150077819824e-01
3.487164899706840515e-02
5.956996604800224304e-02
-9.855465590953826904e-02
-2.713951170444488525e-01
-3.442654609680175781e-01
5.009413361549377441e-01
-6.555377244949340820e-01
-8.257976174354553223e-01
6.945653259754180908e-02
-2.203016355633735657e-02
7.514162361621856689e-02
-7.987879514694213867e-01
8.250100910663604736e-02
4.283328652381896973e-01
2.237945944070816040e-01
4.750168323516845703e-01
1.877911016345024109e-02
7.852369546890258789e-01
3.173529207706451416e-01
2.007498890161514282e-01
-7.726985216140747070e-01
5.914242863655090332e-01
9.660446047782897949e-01
1.075468659400939941e+00
-1.304568648338317871e+00
-5.981228947639465332e-01
-9.152790904045104980e-01
4.399310797452926636e-03
1.979852467775344849e-01
3.210539743304252625e-02
-2.778648734092712402e-01
9.862489998340606689e-02
1.746271401643753052e-01
5.119475722312927246e-01
5.465884804725646973e-01
4.030252099037170410e-01
4.882022142410278320e-01
8.323143124580383301e-01
8.541121482849121094e-01
1.055118203163146973e+00
1.183273911476135254e+00
1.177950978279113770e+00
1.016953825950622559e+00
7.753622531890869141e-01
6.279837489128112793e-01
8.766849637031555176e-01
9.373598694801330566e-01
8.227611780166625977e-01
1.697861433029174805e+00
1.961372971534729004e+00
2.561475515365600586e+00
9.779754281044006348e-01
6.230570673942565918e-01
1.368740081787109375e+00
1.205518364906311035e+00
8.312786221504211426e-01
5.803627371788024902e-01
7.254056930541992188e-01
4.985597133636474609e-01
6.405370831489562988e-01
1.249775528907775879e+00
1.091064929962158203e+00
1.170248627662658691e+00
1.246905922889709473e+00
1.492597699165344238e+00
1.347432732582092285e+00
1.355175137519836426e+00
1.416428565979003906e+00
1.466598629951477051e+00
1.409062623977661133e+00
1.677335262298583984e+00
1.551999449729919434e+00
1.475268244743347168e+00
1.451882123947143555e+00
1.454937577247619629e+00
1.456476569175720215e+00
1.452550768852233887e+00
1.448618769645690918e+00
1.505038619041442871e+00
1.395748734474182129e+00
1.257299780845642090e+00
1.187520861625671387e+00
1.193729877471923828e+00
6.667166352272033691e-01
1.083717584609985352e+00
1.251679539680480957e+00
1.355960011482238770e+00
1.398432970046997070e+00
1.412543416023254395e+00
1.015803337097167969e+00
1.269305944442749023e+00
1.374981045722961426e+00
1.198073267936706543e+00
4.866794049739837646e-01
-7.183863222599029541e-02
-9.582073092460632324e-01
6.068782806396484375e-01
-2.630060315132141113e-01
3.125414550304412842e-01
9.216877818107604980e-01
-2.358949035406112671e-01
-1.159992456436157227e+00
2.565654739737510681e-02
-9.500276446342468262e-01
-8.699086308479309082e-01
1.044626981019973755e-01
-1.502380222082138062e-01
-8.599320650100708008e-01
-7.657815814018249512e-01
-1.068423986434936523e+00
2.075339108705520630e-01
-5.201826691627502441e-01
-3.105310499668121338e-01
-5.918230414390563965e-01
-1.731829345226287842e-01
-2.446351498365402222e-01
2.712509632110595703e-01
2.561987936496734619e-01
1.420155614614486694e-01
1.553164571523666382e-01
1.211474090814590454e-01
1.211849600076675415e-01
-4.686822369694709778e-02
-5.104633048176765442e-02
-3.507270291447639465e-02
-3.390078619122505188e-02
-6.952778995037078857e-02
3.009454533457756042e-02
-3.082582950592041016e-01
-1.169970035552978516e-01
8.455914258956909180e-02
-2.933577895164489746e-01
-2.255934327840805054e-01
-1.227483898401260376e-01
-2.192730158567428589e-01
-2.061499804258346558e-01
5.559927225112915039e-01
2.892675697803497314e-01
5.223860144615173340e-01
5.695270895957946777e-01
1.032292723655700684e+00
6.361085176467895508e-01
6.275738477706909180e-01
6.815934181213378906e-01
6.512503027915954590e-01
5.537228584289550781e-01
4.545813798904418945e-01
3.709918558597564697e-01
3.159902691841125488e-01
2.703643739223480225e-01
2.515491247177124023e-01
-1.162762492895126343e-01
1.026999205350875854e-01
1.120237857103347778e-01
2.714137360453605652e-02
-2.471967414021492004e-02
-7.185252010822296143e-02
-3.593437746167182922e-02
4.758011996746063232e-01
6.351135373115539551e-01
-6.422299891710281372e-03
1.179003566503524780e-01
-4.553856328129768372e-02
-8.976773917675018311e-02
-8.727787435054779053e-02
-7.484717667102813721e-02
-5.482109263539314270e-02
-2.475606277585029602e-02
1.689256355166435242e-02
3.415046259760856628e-02
3.174896165728569031e-02
3.246672078967094421e-02
3.463716432452201843e-02
3.589404746890068054e-02
3.248048946261405945e-02
4.006294608116149902e-01
1.275901943445205688e-01
2.684054076671600342e-01
5.292782783508300781e-01
8.474481701850891113e-01
1.991967320442199707e+00
9.994559288024902344e-01
2.131702184677124023e+00
2.246776819229125977e+00
1.688553571701049805e+00
1.113578438758850098e+00
9.759779274463653564e-02
6.899418830871582031e-01
-3.057365491986274719e-02
1.752991229295730591e-01
7.561283111572265625e-01
-1.638925522565841675e-01
-6.591762304306030273e-01
-6.024295687675476074e-01
-5.401802659034729004e-01
-1.977816075086593628e-01
-5.211188197135925293e-01
-7.012449502944946289e-01
-6.635059118270874023e-01
-2.053584605455398560e-01
-2.507984638214111328e-01
-5.651730895042419434e-01
-4.794175028800964355e-01
-9.061613678932189941e-01
7.906628847122192383e-01
7.985183596611022949e-01
-1.976225525140762329e-01
-1.155435442924499512e+00
3.827634453773498535e-01
-1.133381009101867676e+00
-6.815187335014343262e-01
-2.781488001346588135e-01
-6.147537827491760254e-01
-4.949988126754760742e-01
-8.158189058303833008e-02
-1.040702015161514282e-01
-1.467449516057968140e-01
-1.052413821220397949e+00
-5.064924359321594238e-01
-7.835767269134521484e-01
4.423188865184783936e-01
7.988433539867401123e-02
7.588576525449752808e-03
2.210534960031509399e-01
7.968504726886749268e-02
-2.040520757436752319e-01
-5.437231063842773438e-01
3.547977656126022339e-03
-2.434115171432495117e+00
-1.925913333892822266e+00
-9.881910681724548340e-01
-2.673660591244697571e-02
4.488319158554077148e-01
-4.000678360462188721e-01
-1.509595036506652832e+00
-1.220605015754699707e+00
-9.844834208488464355e-01
-1.314172863960266113e+00
-1.069602847099304199e+00
-8.346875309944152832e-01
-7.370073199272155762e-01
-7.077730298042297363e-01
-7.068445086479187012e-01
-6.401466131210327148e-01
-5.696817040443420410e-01
-1.378704190254211426e+00
-1.168716669082641602e+00
-1.061967015266418457e+00
-1.009458184242248535e+00
-2.435538053512573242e+00
-1.357137322425842285e+00
1.588754206895828247e-01
8.206157088279724121e-01
-1.528833746910095215e+00
1.205003380775451660e+00
2.454804658889770508e+00
1.530666232109069824e+00
6.334129571914672852e-01
-1.030232310295104980e+00
6.497403979301452637e-01
-4.398487210273742676e-01
-6.512034535408020020e-01
-1.916683167219161987e-01
-4.554939866065979004e-01
-8.558248877525329590e-01
-1.670790791511535645e+00
-3.221421837806701660e-01
6.519811749458312988e-01
9.195210933685302734e-01
2.343414574861526489e-01
1.528676301240921021e-01
-1.637378782033920288e-01
-6.547574400901794434e-01
-4.874112010002136230e-01
-4.827929139137268066e-01
-6.261873245239257812e-01
-5.458632111549377441e-01
-5.710521340370178223e-01
-3.070552349090576172e-01
-1.191999167203903198e-01
-2.358954995870590210e-01
-2.059121578931808472e-01
-2.913410663604736328e-01
-5.983116030693054199e-01
2.408821582794189453e-01
-1.817243546247482300e-01
-1.680569499731063843e-01
-2.619954347610473633e-01
-3.547877669334411621e-01
-4.357784390449523926e-01
-1.626140594482421875e+00
-1.320385098457336426e+00
-1.159501791000366211e+00
-1.002505660057067871e+00
-9.868187308311462402e-01
-1.031642675399780273e+00
-1.138665914535522461e+00
-9.652613997459411621e-01
-9.187521338462829590e-01
-1.093154072761535645e+00
-1.279075264930725098e+00
-1.446689248085021973e+00
-2.265120029449462891e+00
-2.312569379806518555e+00
-5.113208293914794922e-01
-6.659221053123474121e-01
-9.039380550384521484e-01
-1.099640250205993652e+00
-2.129529237747192383e+00
-4.860963225364685059e-01
-5.646148920059204102e-01
-1.008902430534362793e+00
-1.071881413459777832e+00
-2.044056653976440430e+00
-1.504706978797912598e+00
-1.021224975585937500e+00
-8.855540156364440918e-01
-9.792098402976989746e-01
-1.713646531105041504e+00
-2.462368726730346680e+00
6.004561111330986023e-02
-1.328598499298095703e+00
-1.659867167472839355e+00
-2.011871814727783203e+00
-1.694781899452209473e+00
-1.537284493446350098e+00
-8.908261060714721680e-01
-1.675613045692443848e+00
-5.772941187024116516e-02
-1.149049639701843262e+00
-1.519212007522583008e+00
-1.272646307945251465e+00
-3.511319756507873535e-01
-2.124412804841995239e-01
1.176828294992446899e-01
-9.242029190063476562e-01
-9.298166036605834961e-01
-2.777665853500366211e-01
3.995984196662902832e-01
-1.225913763046264648e+00
1.490363478660583496e+00
-1.588191390037536621e+00
-4.168714880943298340e-01
-5.484309196472167969e-01
-4.720405936241149902e-01
-7.752328515052795410e-01
-1.758488535881042480e+00
-2.467649936676025391e+00
-2.381700277328491211e+00
-2.630943059921264648e+00
-1.670449137687683105e+00
-2.221015214920043945e+00
-1.292786002159118652e+00
-5.938012599945068359e-01
-1.406637430191040039e+00
-7.320999503135681152e-01
-1.896301388740539551e+00
-6.285057067871093750e-01
-1.291589379310607910e+00
-1.275315403938293457e+00
-1.217346549034118652e+00
-1.090714812278747559e+00
-1.102478504180908203e+00
-9.473374485969543457e-01
-6.892477869987487793e-01
-1.207067608833312988e+00
-7.236958146095275879e-01
-2.103726387023925781e+00
-6.217322945594787598e-01
-7.069094777107238770e-01
-8.834533095359802246e-01
-8.895182609558105469e-01
-7.169849872589111328e-01
-1.158300280570983887e+00
-2.224411815404891968e-01
-4.440636932849884033e-01
2.441907078027725220e-01
-1.623417139053344727e+00
-7.643709778785705566e-01
-6.046753525733947754e-01
-6.382713913917541504e-01
-6.165204644203186035e-01
-6.142742037773132324e-01
-7.858610749244689941e-01
-6.102268099784851074e-01
-4.160777330398559570e-01
-1.227902323007583618e-01
-2.099815458059310913e-01
-5.695900321006774902e-01
-2.516941428184509277e-01
4.536009952425956726e-02
-4.404841363430023193e-01
-1.649784296751022339e-01
-1.045753508806228638e-01
-9.958170354366302490e-02
-1.334181278944015503e-01
-2.873187661170959473e-01
-2.804632782936096191e-01
-3.718046844005584717e-01
-8.843409419059753418e-01
-2.417144924402236938e-01
-2.881998419761657715e-01
-5.809486508369445801e-01
-1.377421021461486816e-01
-2.007918119430541992e+00
5.863176584243774414e-01
5.191710218787193298e-02
3.301938176155090332e-01
3.192132115364074707e-01
3.677022457122802734e-01
3.412805497646331787e-01
1.327635794878005981e-01
4.300720691680908203e-01
-1.277244687080383301e-01
-3.573656454682350159e-02
5.459215864539146423e-02
-5.009144917130470276e-02
1.476189643144607544e-01
4.578247666358947754e-01
3.269027471542358398e-01
1.744386792182922363e+00
1.110260128974914551e+00
5.242757797241210938e-01
4.405457898974418640e-02
-3.142933249473571777e-01
-3.878394961357116699e-01
-4.114796817302703857e-01
-7.548792958259582520e-01
-5.960829854011535645e-01
-4.807688593864440918e-01
-5.225220322608947754e-01
-5.112321972846984863e-01
-5.280389189720153809e-01
-4.440570175647735596e-01
-9.053791761398315430e-01
-1.368691444396972656e+00
-1.667366623878479004e+00
-1.704712748527526855e+00
-1.385998606681823730e+00
-4.430342316627502441e-01
-1.338375687599182129e+00
-1.220625638961791992e+00
-1.613829135894775391e+00
-2.160448282957077026e-01
-7.802722454071044922e-01
-1.186291337013244629e+00
-1.439008831977844238e+00
-2.177201032638549805e+00
-2.695876359939575195e-01
-8.753865361213684082e-01
-1.559664249420166016e+00
-2.372235774993896484e+00
-1.812844514846801758e+00
-1.172448992729187012e+00
-1.629392504692077637e+00
-2.840169072151184082e-01
6.413480639457702637e-01
1.393596172332763672e+00
7.182750105857849121e-01
-5.974334478378295898e-01
3.902275562286376953e-01
5.460192561149597168e-01
2.714370489120483398e-01
-4.996605515480041504e-01
1.003185629844665527e+00
9.004685282707214355e-01
-3.357028067111968994e-01
8.218280076980590820e-01
1.951385021209716797e+00
3.108320832252502441e-01
3.304522037506103516e-01
-2.097160071134567261e-01
3.442862629890441895e-01
-9.348063170909881592e-02
-2.487402409315109253e-01
-7.158593833446502686e-02
1.705604940652847290e-01
2.993498146533966064e-01
1.277405977249145508e+00
1.273183107376098633e+00
1.101338505744934082e+00
1.019384026527404785e+00
8.306365013122558594e-01
4.826956391334533691e-01
-3.495316579937934875e-02
-1.680198162794113159e-01
-1.198899000883102417e-01
7.944089770317077637e-01
4.288998246192932129e-01
-1.354845017194747925e-01
-1.185775995254516602e+00
1.497631818056106567e-01
-1.561060905456542969e+00
-8.099014163017272949e-01
-2.511950016021728516e+00
-1.916719675064086914e+00
-9.904150366783142090e-01
9.600092470645904541e-02
-7.221039533615112305e-01
-1.322312831878662109e+00
-7.321707606315612793e-01
-2.697072744369506836e+00
-8.159548044204711914e-01
-1.260174393653869629e+00
-8.222758173942565918e-01
-1.747856020927429199e+00
-3.271117806434631348e-01
-7.341377139091491699e-01
-3.483439087867736816e-01
-5.561384558677673340e-01
-5.157213807106018066e-01
-5.498293042182922363e-01
1.192877173423767090e+00
1.812464118003845215e+00
-1.607226207852363586e-02
3.315342590212821960e-02
-2.313502281904220581e-01
9.478904306888580322e-02
3.451472520828247070e-01
-1.154154986143112183e-01
9.680756926536560059e-01
9.626834392547607422e-01
-7.682411074638366699e-01
-7.803672552108764648e-01
4.054512679576873779e-01
2.158165723085403442e-01
-1.673899739980697632e-01
-6.999324262142181396e-02
2.368940040469169617e-02
-7.794176042079925537e-02
2.259824424982070923e-01
-3.994386270642280579e-02
3.397984430193901062e-02
1.181985065340995789e-02
-5.559569969773292542e-02
-1.116055697202682495e-01
-1.441522091627120972e-01
-8.773218095302581787e-02
3.173328042030334473e-01
3.055334091186523438e-01
1.734868884086608887e-01
9.532073140144348145e-01
1.614288836717605591e-01
6.293247342109680176e-01
4.966761171817779541e-01
6.266928315162658691e-01
-3.922909498214721680e-01
-7.412454485893249512e-01
-8.317680358886718750e-01
-8.935669064521789551e-01
-1.150753974914550781e+00
-1.467390775680541992e+00
-1.480270147323608398e+00
-1.712995290756225586e+00
-1.873712420463562012e+00
-1.926909089088439941e+00
-1.521285295486450195e+00
-1.896203279495239258e+00
-1.935811161994934082e+00
-1.737623572349548340e+00
-1.313234686851501465e+00
8.397023081779479980e-01
6.195707917213439941e-01
-4.965448379516601562e-01
-7.374486327171325684e-01
-8.173223733901977539e-01
-1.624876976013183594e+00
-1.145095348358154297e+00
-9.232082962989807129e-01
-1.451042443513870239e-01
-4.489304497838020325e-02
-7.967016696929931641e-01
-2.329257577657699585e-01
-3.539872169494628906e-01
-1.532290339469909668e+00
-8.341781795024871826e-02
-1.420374363660812378e-01
-1.100088208913803101e-01
-1.473477929830551147e-01
-1.775128722190856934e+00
-9.477367997169494629e-01
-1.648672297596931458e-02
-5.358134508132934570e-01
-1.359522461891174316e+00
-8.096904158592224121e-01
5.347374081611633301e-01
1.003603100776672363e+00
1.044381976127624512e+00
-5.213038325309753418e-01
-4.330632388591766357e-01
-9.067201018333435059e-01
-1.284702062606811523e+00
-1.515478730201721191e+00
-1.610471129417419434e+00
4.208691045641899109e-02
1.719451993703842163e-01
-8.406762480735778809e-01
-1.402833819389343262e+00
-1.314039707183837891e+00
-1.207425236701965332e+00
-3.028917312622070312e-01
-3.474421501159667969e-01
-1.491401672363281250e+00
-6.040945649147033691e-01
-5.540907979011535645e-01
2.407615035772323608e-01
-1.220753937959671021e-01
-4.636313393712043762e-02
9.322609752416610718e-03
-3.451635316014289856e-02
-4.130106046795845032e-02
-4.721580818295478821e-02
-3.729777410626411438e-02
3.503520414233207703e-02
2.280170470476150513e-01
-2.287078350782394409e-01
-1.404296010732650757e-01
-5.165723562240600586e-01
1.933968812227249146e-01
4.544905424118041992e-01
9.258202910423278809e-01
1.922629475593566895e+00
1.903646588325500488e+00
1.899459481239318848e+00
1.796774029731750488e+00
1.109051585197448730e+00
-6.368865370750427246e-01
-2.668128907680511475e-01
1.116989493370056152e+00
1.424411654472351074e+00
-5.102730989456176758e-01
-1.089612245559692383e+00
-9.711222052574157715e-01
-9.872865080833435059e-01
-1.060226440429687500e+00
-1.433691143989562988e+00
-1.123297810554504395e+00
9.801729917526245117e-01
1.152242183685302734e+00
9.149320721626281738e-01
2.599884197115898132e-02
5.694976449012756348e-01
6.657333970069885254e-01
8.589953780174255371e-01
9.976573288440704346e-02
8.435178399085998535e-01
4.130504131317138672e-01
-4.721691608428955078e-01
-2.365929335355758667e-01
-5.765032172203063965e-01
-3.010779023170471191e-01
5.020541548728942871e-01
-6.237365007400512695e-01
-4.473756849765777588e-01
4.156693220138549805e-01
7.867133617401123047e-01
5.842626690864562988e-01
7.073363661766052246e-01
4.618741273880004883e-01
1.239063292741775513e-01
-1.189559400081634521e-01
5.721520185470581055e-01
5.979103446006774902e-01
1.794530302286148071e-01
-6.656616330146789551e-01
-7.381276488304138184e-01
-2.867015302181243896e-01
-5.507121086120605469e-01
3.038391768932342529e-01
-1.172713398933410645e+00
-6.214957833290100098e-01
-7.584957480430603027e-01
1.414397120475769043e+00
2.991153597831726074e-01
-2.913020849227905273e-01
-6.984946131706237793e-01
-1.485656261444091797e+00
-2.316249459981918335e-01
-3.088097870349884033e-01
-7.534571290016174316e-01
-3.776224851608276367e-01
-5.449142456054687500e-01
-2.428418844938278198e-01
-2.927776873111724854e-01
-2.901604175567626953e-01
-5.680615901947021484e-01
-7.898555397987365723e-01
-1.105157285928726196e-01
-3.197533786296844482e-01
-3.269405066967010498e-01
-2.852789759635925293e-01
-5.886395573616027832e-01
2.851964160799980164e-02
-1.632233709096908569e-01
-1.061442345380783081e-01
-1.122407793998718262e+00
7.560609281063079834e-02
-8.544717729091644287e-02
7.492768168449401855e-01
5.234745144844055176e-01
1.601397395133972168e+00
-2.834325432777404785e-01
8.509255945682525635e-02
3.688455224037170410e-01
-6.903884410858154297e-01
2.083427459001541138e-01
2.761359810829162598e-01
5.243546366691589355e-01
5.966454744338989258e-01
-1.311300247907638550e-01
8.811695873737335205e-02
9.407667815685272217e-02
2.696595713496208191e-02
1.176738023757934570e+00
2.903760075569152832e-01
1.159065842628479004e+00
6.051633954048156738e-01
7.054907679557800293e-01
1.355675101280212402e+00
1.307269334793090820e+00
1.071819663047790527e+00
-6.094719767570495605e-01
-9.435698986053466797e-01
4.580129310488700867e-02
2.614482641220092773e-01
1.759868979454040527e+00
2.011180162429809570e+00
1.663422703742980957e+00
1.224028706550598145e+00
9.713076949119567871e-01
9.925288558006286621e-01
-1.401494815945625305e-02
-1.881691664457321167e-01
7.618789076805114746e-01
1.409365415573120117e+00
1.635573863983154297e+00
2.010948896408081055e+00
1.184612512588500977e+00
1.252018570899963379e+00
7.078244090080261230e-01
3.297009706497192383e+00
3.340550899505615234e+00
1.165918946266174316e+00
1.092758536338806152e+00
3.903419971466064453e+00
3.748753309249877930e+00
2.874438524246215820e+00
3.821996927261352539e+00
4.511584281921386719e+00
3.388061761856079102e+00
3.189341306686401367e+00
2.720555782318115234e+00
2.151588439941406250e+00
1.217919945716857910e+00
3.218696355819702148e+00
1.406894087791442871e+00
2.391868114471435547e+00
-2.893803715705871582e-01
-1.674546599388122559e+00
-1.023445129394531250e+00
6.068639755249023438e-01
-5.151320248842239380e-03
2.159277677536010742e+00
1.331056281924247742e-02
8.827521800994873047e-01
1.103852510452270508e+00
8.349710106849670410e-01
9.549892544746398926e-01
7.735578417778015137e-01
6.914043426513671875e-01
1.671033501625061035e+00
1.297535777091979980e+00
6.505911350250244141e-01
6.088342517614364624e-03
5.734831094741821289e-01
-2.292874306440353394e-01
-2.591959834098815918e-01
1.447037100791931152e+00
1.713470101356506348e+00
1.099870800971984863e+00
8.204873204231262207e-01
9.335512518882751465e-01
1.029118537902832031e+00
8.933945298194885254e-01
8.535909652709960938e-01
5.777493119239807129e-01
1.916589885950088501e-01
-1.343582943081855774e-02
1.076213955879211426e+00
5.837832018733024597e-02
-1.573263853788375854e-01
1.948416382074356079e-01
1.050742417573928833e-01
-5.711093544960021973e-01
-6.656645536422729492e-01
-2.891134023666381836e-01
-4.357388615608215332e-01
-7.606838941574096680e-01
1.203500390052795410e+00
1.454249501228332520e+00
3.410401940345764160e-01
1.301367878913879395e+00
3.396927833557128906e+00
2.521290540695190430e+00
2.187110185623168945e+00
1.090019822120666504e+00
1.784858584403991699e+00
1.761476874351501465e+00
1.588227033615112305e+00
1.459044575691223145e+00
1.216447114944458008e+00
5.806912109255790710e-02
5.873353481292724609e-01
9.309863448143005371e-01
1.673977255821228027e+00
6.189301013946533203e-01
7.862122058868408203e-01
9.277175068855285645e-01
-4.904815554618835449e-01
-2.912705242633819580e-01
-3.834086060523986816e-01
-2.686918377876281738e-01
-1.768392175436019897e-01
-1.166065782308578491e-01
-2.933530509471893311e-01
-9.821747243404388428e-02
2.414180785417556763e-01
2.980378866195678711e-01
3.212696313858032227e-01
3.004502654075622559e-01
3.009200692176818848e-01
2.924678027629852295e-01
2.107033878564834595e-01
2.123887985944747925e-01
2.026696354150772095e-01
2.360320538282394409e-01
3.485682010650634766e-01
3.394183218479156494e-01
3.121154904365539551e-01
2.929161190986633301e-01
6.251771450042724609e-01
1.067947298288345337e-01
2.128337621688842773e-01
2.854092419147491455e-01
1.587360650300979614e-01
1.272384375333786011e-01
1.282886713743209839e-01
3.471243977546691895e-01
9.146390855312347412e-02
3.259948790073394775e-01
2.401954382658004761e-01
1.661403924226760864e-01
1.349752694368362427e-01
9.243004024028778076e-04
-2.814797759056091309e-01
-7.962708175182342529e-02
-1.574182957410812378e-01
-1.204271763563156128e-01
1.520410925149917603e-01
6.370765566825866699e-01
3.577814698219299316e-01
4.334891960024833679e-02
2.906480729579925537e-01
5.696965456008911133e-01
1.204994559288024902e+00
6.515209674835205078e-01
5.035717487335205078e-01
-1.056342571973800659e-01
-5.610603690147399902e-01
-5.103120803833007812e-01
-6.586937606334686279e-02
2.321579009294509888e-01
3.386222720146179199e-01
2.935021519660949707e-01
2.304960042238235474e-01
3.010542318224906921e-02
-4.196286499500274658e-01
9.157674014568328857e-02
2.029962688684463501e-01
-3.578433990478515625e-01
4.936353564262390137e-01
6.951609253883361816e-01
3.890239596366882324e-01
4.563984274864196777e-01
4.642271995544433594e-01
-1.841485947370529175e-01
-6.767524778842926025e-02
-3.286491930484771729e-01
-7.416115701198577881e-02
-1.985005587339401245e-01
-3.385403752326965332e-01
-2.043166607618331909e-01
-8.611966669559478760e-02
1.996867358684539795e-04
1.199802905321121216e-01
3.098755180835723877e-01
4.000585079193115234e-01
4.760703444480895996e-01
5.108902454376220703e-01
5.400916337966918945e-01
5.877318382263183594e-01
5.191033482551574707e-01
4.594023227691650391e-01
4.926719665527343750e-01
5.720387101173400879e-01
6.581026315689086914e-01
7.437899708747863770e-01
8.215951323509216309e-01
8.863974213600158691e-01
9.357354640960693359e-01
9.699985384941101074e-01
9.900324940681457520e-01
9.808354973793029785e-01
9.399352073669433594e-01
9.637312889099121094e-01
9.664583206176757812e-01
1.447683125734329224e-01
1.320260167121887207e+00
2.300413370132446289e+00
2.325751304626464844e+00
2.263340711593627930e+00
2.224460840225219727e+00
2.205163002014160156e+00
2.184286117553710938e+00
2.134456872940063477e+00
2.051038742065429688e+00
1.982443213462829590e+00
1.863394141197204590e+00
1.602752327919006348e+00
1.311132550239562988e+00
1.137041449546813965e+00
8.039891719818115234e-01
5.465960502624511719e-01
4.615242779254913330e-01
3.808971047401428223e-01
9.677292406558990479e-02
-1.890751570463180542e-01
-1.772075146436691284e-01
-2.814069986343383789e-01
-1.223943680524826050e-01
-3.163744211196899414e-01
-2.057780772447586060e-01
-6.353519558906555176e-01
-9.961847662925720215e-01
-1.406220078468322754e+00
-1.746597170829772949e+00
-2.357879877090454102e+00
-2.553216218948364258e+00
-2.429399490356445312e+00
5.481126308441162109e-01
1.204867124557495117e+00
6.537911891937255859e-01
-4.336216747760772705e-01
-1.015636563301086426e+00
-1.403331398963928223e+00
1.362598538398742676e+00
-1.088466644287109375e+00
-1.481564879417419434e+00
-9.959898591041564941e-01
-3.346383273601531982e-01
1.625899821519851685e-01
3.540890216827392578e-01
4.830103218555450439e-01
2.628776133060455322e-01
-8.943821489810943604e-02
1.816031098365783691e+00
2.123981714248657227e+00
7.961353659629821777e-01
1.759566813707351685e-01
3.161786198616027832e-01
4.547232985496520996e-01
-1.005744189023971558e-01
-6.752898097038269043e-01
-2.440057992935180664e+00
-3.026699304580688477e+00
-3.360498905181884766e+00
-3.044821262359619141e+00
-1.259565353393554688e+00
-3.042574167251586914e+00
-2.854226827621459961e+00
-2.841750860214233398e+00
-1.417896389961242676e+00
1.548827767372131348e+00
-1.820457428693771362e-01
-1.729318857192993164e+00
-2.832543611526489258e+00
-3.409852266311645508e+00
-3.177771329879760742e+00
-3.580470561981201172e+00
-3.225492477416992188e+00
-3.345577478408813477e+00
-2.624638319015502930e+00
-3.015882253646850586e+00
-6.964811682701110840e-01
5.732328817248344421e-02
6.995715498924255371e-01
-1.488709688186645508e+00
-2.028806924819946289e+00
7.075266838073730469e-01
7.016295790672302246e-01
-1.296582669019699097e-01
-1.746520251035690308e-01
-5.014631152153015137e-01
-2.093612402677536011e-01
-3.670151829719543457e-01
1.067888975143432617e+00
4.259445965290069580e-01
8.858729004859924316e-01
-4.489080980420112610e-02
4.925263524055480957e-01
4.348083734512329102e-01
2.812822461128234863e-01
2.484426051378250122e-01
2.373544722795486450e-01
2.734017372131347656e-01
3.014084994792938232e-01
3.237366974353790283e-01
3.338174223899841309e-01
3.436090946197509766e-01
4.476789236068725586e-01
5.634300112724304199e-01
6.275219321250915527e-01
6.879821419715881348e-01
7.440741658210754395e-01
7.936866283416748047e-01
1.538554787635803223e+00
1.581318259239196777e+00
1.520572781562805176e+00
8.805130720138549805e-01
4.111621975898742676e-01
5.904421806335449219e-01
1.362843871116638184e+00
1.127333998680114746e+00
-6.839245557785034180e-01
-7.996069788932800293e-01
4.946296215057373047e-01
9.619199633598327637e-01
8.375059366226196289e-01
1.131423592567443848e+00
-8.581346869468688965e-01
9.580879807472229004e-01
-7.443670928478240967e-02
-7.460233569145202637e-02
3.748904168605804443e-01
-1.473350644111633301e+00
7.071363329887390137e-01
9.495112299919128418e-01
4.601429104804992676e-01
3.779933154582977295e-01
6.873753666877746582e-01
4.159719049930572510e-01
8.641189336776733398e-01
8.976512551307678223e-01
9.216177463531494141e-01
8.943702578544616699e-01
8.687583208084106445e-01
8.324062824249267578e-01
7.777546644210815430e-01
7.505549192428588867e-01
7.469638586044311523e-01
6.426973938941955566e-01
1.694170236587524414e-01
1.621255755424499512e+00
2.113164663314819336e+00
2.028851270675659180e+00
2.085382938385009766e+00
2.161478757858276367e+00
2.222656011581420898e+00
2.269595861434936523e+00
2.317656517028808594e+00
2.370131015777587891e+00
2.422888755798339844e+00
2.453383684158325195e+00
2.415981054306030273e+00
2.299228429794311523e+00
2.180882930755615234e+00
1.021827459335327148e+00
1.765765666961669922e+00
1.469376206398010254e+00
1.797433137893676758e+00
1.190032601356506348e+00
5.789887309074401855e-01
2.739877223968505859e+00
2.275327920913696289e+00
2.606697320938110352e+00
2.670362472534179688e+00
1.934635996818542480e+00
2.203832387924194336e+00
2.309937715530395508e+00
4.493661522865295410e-01
5.330018401145935059e-01
7.930986285209655762e-01
6.178957223892211914e-01
1.065626740455627441e+00
1.861706525087356567e-01
-6.412683129310607910e-01
-2.169156312942504883e+00
-1.190718173980712891e+00
-2.102688401937484741e-01
-2.031347602605819702e-01
-7.846857905387878418e-01
-1.210621953010559082e+00
-1.822875380516052246e+00
-1.418152332305908203e+00
-7.793392539024353027e-01
-7.024639844894409180e-01
1.897049397230148315e-01
-2.874601483345031738e-01
-1.492562055587768555e+00
-1.941455721855163574e+00
-2.717483639717102051e-01
-1.066041469573974609e+00
-3.011580705642700195e-01
-3.292446136474609375e-01
-4.393591880798339844e-01
-4.362635016441345215e-01
-3.803472220897674561e-01
-7.220425009727478027e-01
-1.437704414129257202e-01
-1.460372805595397949e-01
-2.192472368478775024e-01
-1.966938376426696777e-01
-1.491446197032928467e-01
-1.225641518831253052e-01
-1.331695616245269775e-01
-1.958939880132675171e-01
-3.070483803749084473e-01
-3.251571655273437500e-01
-2.912136912345886230e-01
-2.693828940391540527e-01
-9.030448794364929199e-01
9.358037114143371582e-01
7.982834577560424805e-01
1.285709857940673828e+00
1.349745154380798340e+00
1.355356574058532715e+00
9.452395439147949219e-01
7.493762373924255371e-01
1.756099015474319458e-01
5.415789410471916199e-02
1.978557258844375610e-01
3.320950269699096680e-01
4.445242285728454590e-01
-1.003560781478881836e+00
2.498253732919692993e-01
8.994498252868652344e-01
6.219280883669853210e-02
6.807799339294433594e-01
7.268567085266113281e-01
1.145024776458740234e+00
1.633082270622253418e+00
1.586794018745422363e+00
1.657611250877380371e+00
4.945324063301086426e-01
2.976863384246826172e-01
-7.991026341915130615e-02
-3.620458841323852539e-01
-5.767993927001953125e-01
2.678138017654418945e-01
5.245066881179809570e-01
7.764524817466735840e-01
8.219677805900573730e-01
4.999154806137084961e-01
7.260325551033020020e-01
-5.796628072857856750e-02
7.460470795631408691e-01
-5.215308070182800293e-01
-2.810693979263305664e-01
-2.851122617721557617e-01
-3.539775684475898743e-02
-1.201516866683959961e+00
-5.634675025939941406e-01
-1.094357132911682129e+00
-6.895606219768524170e-02
-5.759743452072143555e-01
-1.290897488594055176e+00
-7.033017277717590332e-01
-1.179992794990539551e+00
-2.072679549455642700e-01
-1.584456086158752441e+00
-9.076729416847229004e-01
-7.869235873222351074e-01
-9.239020943641662598e-01
-1.022360563278198242e+00
7.871185243129730225e-02
1.609556674957275391e-01
5.872642621397972107e-02
-5.307571962475776672e-02
-5.593832135200500488e-01
-5.383333563804626465e-01
-5.926174521446228027e-01
-7.457318902015686035e-01
-4.883410930633544922e-01
-4.715054035186767578e-01
-3.834981024265289307e-01
-4.171626567840576172e-01
-5.382727384567260742e-01
3.849511966109275818e-02
6.527032852172851562e-01
4.212223291397094727e-01
2.504987120628356934e-01
2.126537561416625977e-01
1.958203464746475220e-01
-9.714687466621398926e-01
-6.885523200035095215e-01
-4.746034741401672363e-01
-7.527516484260559082e-01
-1.410514235496520996e+00
-1.879897862672805786e-01
-3.984128311276435852e-02
6.117461249232292175e-02
4.608539640903472900e-01
7.401869893074035645e-01
8.502334952354431152e-01
8.551535606384277344e-01
8.789236545562744141e-01
6.137830018997192383e-01
6.051219105720520020e-01
4.480041861534118652e-01
6.617653965950012207e-01
3.954888582229614258e-01
9.622866511344909668e-01
7.459950447082519531e-02
3.921462893486022949e-01
8.240743875503540039e-01
1.021734833717346191e+00
1.038866519927978516e+00
9.116563200950622559e-01
7.732365727424621582e-01
6.218753382563591003e-02
1.019572973251342773e+00
1.050913691520690918e+00
6.578745841979980469e-01
4.623554274439811707e-02
1.769265830516815186e-01
4.894477725028991699e-01
9.458401799201965332e-01
9.328661561012268066e-01
8.794934153556823730e-01
8.108220100402832031e-01
7.776049375534057617e-01
1.087249517440795898e+00
1.171368479728698730e+00
1.105912208557128906e+00
1.500125527381896973e+00
5.222331285476684570e-01
4.052849113941192627e-01
4.769296050071716309e-01
4.171214401721954346e-01
5.113947391510009766e-01
5.030329823493957520e-01
6.248112320899963379e-01
1.035513043403625488e+00
8.466225266456604004e-01
1.363292217254638672e+00
1.249449491500854492e+00
1.733001589775085449e+00
-1.531576365232467651e-01
1.265730738639831543e+00
3.188515603542327881e-01
1.062526583671569824e+00
6.651620864868164062e-01
2.946308553218841553e-01
-1.755613535642623901e-01
-3.391048312187194824e-01
-4.072509407997131348e-01
-7.455958127975463867e-01
-8.082955479621887207e-01
-2.925309538841247559e-01
-1.758482158184051514e-01
-4.030302166938781738e-01
-1.067369818687438965e+00
8.461697101593017578e-01
-2.551025450229644775e-01
-5.029599070549011230e-01
-3.817266821861267090e-01
-1.603140592575073242e+00
-2.356498092412948608e-01
-2.469278097152709961e+00
-1.065432906150817871e+00
-1.012244105339050293e+00
-1.034274458885192871e+00
-1.275194525718688965e+00
-8.700668215751647949e-01
-1.194656252861022949e+00
1.421453356742858887e-01
2.741291522979736328e-01
4.302081465721130371e-01
7.759268581867218018e-02
4.614140093326568604e-01
-1.187050580978393555e+00
4.057098627090454102e-01
-9.078969955444335938e-01
-2.187899202108383179e-01
3.262495398521423340e-01
-1.353643983602523804e-01
1.208624839782714844e+00
2.815302133560180664e+00
5.833524465560913086e-01
3.241925239562988281e-01
3.358790874481201172e-01
1.318667531013488770e+00
1.035995960235595703e+00
8.223120570182800293e-01
-1.822360605001449585e-01
2.350620776414871216e-01
9.670161008834838867e-01
-2.949560284614562988e-01
-2.136649936437606812e-01
-4.085089638829231262e-02
-4.718847870826721191e-01
1.876727491617202759e-01
-1.115420460700988770e+00
1.018113642930984497e-01
-6.883508563041687012e-01
-9.477759003639221191e-01
-1.204215735197067261e-01
-1.215378046035766602e+00
-5.602890849113464355e-01
-2.812873125076293945e-01
-5.212216973304748535e-01
-1.838686466217041016e+00
-6.050173640251159668e-01
-4.857572913169860840e-01
8.619056642055511475e-02
1.912400871515274048e-01
-4.176057502627372742e-02
-2.908613681793212891e-01
2.884846925735473633e-01
1.015268325805664062e+00
1.170320510864257812e+00
1.640347838401794434e+00
1.807357907295227051e+00
1.696773290634155273e+00
1.953301310539245605e+00
2.094201803207397461e+00
2.361007213592529297e+00
1.772257685661315918e+00
1.651763439178466797e+00
1.436443567276000977e+00
1.635083913803100586e+00
1.104806303977966309e+00
1.042130947113037109e+00
8.793874382972717285e-01
1.098309636116027832e+00
-5.735285878181457520e-01
-2.341934889554977417e-01
-2.731263637542724609e-01
1.512672454118728638e-01
-2.337858527898788452e-01
-4.249090552330017090e-01
5.335711240768432617e-01
7.597774863243103027e-01
8.796275258064270020e-01
1.185258507728576660e+00
9.571140408515930176e-01
-6.704584360122680664e-01
-4.336401224136352539e-01
-2.407112568616867065e-01
-3.000603318214416504e-01
-1.902972459793090820e-01
-2.509351968765258789e-01
-5.478974059224128723e-02
3.165244758129119873e-01
3.225551545619964600e-01
2.938855588436126709e-01
2.578705251216888428e-01
3.725058138370513916e-01
5.575193762779235840e-01
8.142904937267303467e-02
-2.598104476928710938e-01
2.932803332805633545e-01
1.108787417411804199e+00
1.559475541114807129e+00
5.532118082046508789e-01
4.315243363380432129e-01
4.435445070266723633e-01
1.060656160116195679e-01
-1.386712640523910522e-01
-4.374193549156188965e-01
-6.252477765083312988e-01
-7.286065220832824707e-01
-5.276781320571899414e-01
1.276194930076599121e+00
2.388128787279129028e-01
-6.550219655036926270e-01
-1.149286270141601562e+00
-1.354940176010131836e+00
-1.329094171524047852e+00
-2.314604043960571289e+00
-5.395632982254028320e-01
-6.343496441841125488e-01
-4.659803509712219238e-01
-4.648162722587585449e-01
-6.098769903182983398e-01
-9.705469012260437012e-01
7.243878245353698730e-01
9.735594987869262695e-01
2.470320463180541992e+00
1.906856775283813477e+00
1.252017498016357422e+00
2.211451053619384766e+00
-4.605166986584663391e-02
-3.405969142913818359e-01
-5.225356221199035645e-01
1.535359978675842285e+00
5.314513444900512695e-01
-3.832065686583518982e-02
-3.745875954627990723e-01
-4.834017753601074219e-01
-1.696220755577087402e+00
-9.194908738136291504e-01
1.424136906862258911e-01
-5.812346339225769043e-01
-1.643023133277893066e+00
-7.993906736373901367e-01
3.305424377322196960e-02
1.461883038282394409e-01
3.881227225065231323e-03
-1.932828426361083984e+00
-1.185494780540466309e+00
-2.122486382722854614e-01
-2.963624596595764160e-01
-1.566807866096496582e+00
1.376361772418022156e-02
1.495449692010879517e-01
-3.132339119911193848e-01
-2.689495980739593506e-01
-2.552881538867950439e-01
-4.445156455039978027e-01
-7.248565554618835449e-01
-4.201310276985168457e-01
1.696472316980361938e-01
7.889479994773864746e-01
5.660352110862731934e-01
5.877410769462585449e-01
4.901647940278053284e-02
3.997075557708740234e-01
5.440569519996643066e-01
5.380790829658508301e-01
2.428538724780082703e-02
5.777684971690177917e-02
-2.296261861920356750e-02
9.014975279569625854e-03
-1.622083336114883423e-01
-2.259552925825119019e-01
5.094977840781211853e-02
4.791739881038665771e-01
-8.915649354457855225e-02
-1.697216182947158813e-01
-1.187611073255538940e-01
-1.434688642621040344e-02
8.821200579404830933e-03
1.117904111742973328e-02
-1.854083314538002014e-02
8.864854276180267334e-02
-4.522584751248359680e-02
-7.264600694179534912e-02
-1.205431073904037476e-01
2.266835868358612061e-01
2.626058757305145264e-01
1.151077002286911011e-01
-9.361354708671569824e-01
-7.682716250419616699e-01
-6.813930869102478027e-01
-4.961645603179931641e-01
-2.765403687953948975e-01
5.032468438148498535e-01
6.992998719215393066e-01
1.448323011398315430e+00
-3.298569470643997192e-03
-2.038471773266792297e-02
-1.629482954740524292e-01
-1.427101343870162964e-01
-1.917403191328048706e-01
-2.214504331350326538e-01
-2.732259631156921387e-01
-8.988684415817260742e-01
5.401105806231498718e-02
6.191036701202392578e-01
1.236804872751235962e-01
7.181657850742340088e-02
-1.223898380994796753e-01
5.011352896690368652e-01
9.058396220207214355e-01
3.991555571556091309e-01
5.179443955421447754e-01
-2.659471035003662109e-01
1.662504822015762329e-01
3.281700611114501953e-01
-1.570268720388412476e-01
8.091011643409729004e-01
1.426036238670349121e+00
1.568651437759399414e+00
1.358466267585754395e+00
1.445570468902587891e+00
1.251400351524353027e+00
8.310168385505676270e-01
1.030397891998291016e+00
-2.065951079130172729e-01
-6.678747534751892090e-01
-5.402514338493347168e-01
-1.543995589017868042e-01
2.503650188446044922e-01
-3.020317554473876953e-01
-7.644959092140197754e-01
-4.236994981765747070e-01
-4.249270558357238770e-01
-4.164220094680786133e-01
-4.481871724128723145e-01
-7.571839690208435059e-01
-1.046270251274108887e+00
-8.765689134597778320e-01
-9.745681881904602051e-01
-9.305400252342224121e-01
-9.023683667182922363e-01
-1.747623682022094727e+00
-1.818872570991516113e+00
-2.294703722000122070e+00
-3.179550170898437500e+00
-9.561418890953063965e-01
-1.116129040718078613e+00
-1.436330556869506836e+00
-1.797714114189147949e+00
-1.985805392265319824e+00
-1.979672312736511230e+00
-1.695119738578796387e+00
-5.573952794075012207e-01
-5.074983835220336914e-01
1.996441632509231567e-01
-3.467697277665138245e-02
-1.689578652381896973e+00
-2.757747888565063477e+00
-1.831879734992980957e+00
-1.147827982902526855e+00
-1.113182663917541504e+00
-1.220369935035705566e+00
-7.685263156890869141e-01
-1.348636865615844727e+00
-1.783403515815734863e+00
-1.386340379714965820e+00
-1.099010229110717773e+00
-1.201276540756225586e+00
-1.669258952140808105e+00
-2.097407102584838867e+00
-1.260916471481323242e+00
-1.017332673072814941e+00
-2.400300502777099609e+00
-2.598810911178588867e+00
-7.761510014533996582e-01
1.730469346046447754e+00
5.818138122558593750e-01
1.103942990303039551e+00
1.546155214309692383e+00
2.311728715896606445e+00
1.986624956130981445e+00
2.079054594039916992e+00
-1.042336940765380859e+00
-7.250781059265136719e-01
-1.703975677490234375e+00
-1.202301621437072754e+00
-4.024502635002136230e-01
1.225773841142654419e-01
-4.100398421287536621e-01
-7.335759997367858887e-01
-3.637007474899291992e-01
1.197821646928787231e-01
1.375550776720046997e-01
1.484071761369705200e-01
1.264644786715507507e-02
-4.698182940483093262e-01
4.606910347938537598e-01
-2.219224423170089722e-01
-6.857758164405822754e-01
-2.877396345138549805e-01
-6.191664338111877441e-01
7.315557599067687988e-01
-6.575990915298461914e-01
-4.597249627113342285e-01
1.080200552940368652e+00
6.459669768810272217e-02
9.593692421913146973e-01
1.046629548072814941e+00
8.331921696662902832e-01
7.062021493911743164e-01
6.175681948661804199e-01
4.482719302177429199e-01
3.536047637462615967e-01
2.642593979835510254e-01
1.922342926263809204e-01
1.319660991430282593e-01
9.809310734272003174e-02
5.099613592028617859e-02
1.534455567598342896e-01
8.582126498222351074e-01
1.097513318061828613e+00
1.583390831947326660e+00
1.603256821632385254e+00
1.151463150978088379e+00
1.732749462127685547e+00
-5.464346408843994141e-01
-3.824982419610023499e-02
1.559770464897155762e+00
1.274285197257995605e+00
2.450142353773117065e-01
1.906379610300064087e-01
-8.415560424327850342e-02
-3.450510501861572266e-01
-3.482895195484161377e-01
6.451725959777832031e-01
1.000101923942565918e+00
4.987769424915313721e-01
-2.615832686424255371e-01
3.335528373718261719e-01
1.668658852577209473e+00
8.154054284095764160e-01
9.750516414642333984e-01
7.171027064323425293e-01
-1.457880139350891113e+00
-1.714649945497512817e-01
1.035685539245605469e+00
6.374286413192749023e-01
-1.899014264345169067e-01
3.951478004455566406e-01
8.719522356986999512e-01
9.031268954277038574e-01
5.032008886337280273e-01
-1.232790201902389526e-01
8.764188736677169800e-03
4.228093624114990234e-01
-1.329973787069320679e-01
1.073319554328918457e+00
-4.879757761955261230e-01
-2.864191532135009766e-01
-3.945407867431640625e-01
7.378951907157897949e-01
8.188795447349548340e-01
1.943021059036254883e+00
9.868280887603759766e-01
8.586678504943847656e-01
1.420011878013610840e+00
1.128124713897705078e+00
1.512541651725769043e+00
1.368981003761291504e+00
8.211389183998107910e-01
-5.706984400749206543e-01
-2.430507391691207886e-01
3.138290047645568848e-01
2.116743177175521851e-01
4.513295292854309082e-01
6.320880055427551270e-01
4.277060925960540771e-01
3.643988370895385742e-01
-2.812959551811218262e-01
1.426273465156555176e+00
2.189162969589233398e+00
2.518218040466308594e+00
1.973505854606628418e+00
2.595111131668090820e+00
1.008905768394470215e+00
5.830967426300048828e-01
6.189414858818054199e-01
8.187221288681030273e-01
5.895895957946777344e-01
-2.380703240633010864e-01
-3.834714591503143311e-01
6.738890707492828369e-02
9.502471089363098145e-01
-1.123289316892623901e-01
-3.299139812588691711e-02
7.597674429416656494e-02
3.376136422157287598e-01
5.898929238319396973e-01
7.564972341060638428e-02
1.501906365156173706e-01
-1.112371683120727539e+00
-1.283170342445373535e+00
-1.805181264877319336e+00
-4.255186915397644043e-01
-1.594935178756713867e+00
-1.251912474632263184e+00
-1.113449454307556152e+00
-1.221870303153991699e+00
-2.144708871841430664e+00
-2.009251832962036133e+00
-1.839636921882629395e+00
-2.376569509506225586e+00
-1.921591997146606445e+00
-1.605558633804321289e+00
-1.137630105018615723e+00
-1.601892352104187012e+00
-2.112021207809448242e+00
-6.829369068145751953e-01
-2.367343664169311523e+00
-2.030471086502075195e+00
-1.304643034934997559e+00
-1.765206217765808105e+00
-2.068183660507202148e+00
-1.812115550041198730e+00
-2.269736528396606445e+00
-2.271281719207763672e+00
-1.724596142768859863e+00
-9.797012209892272949e-01
-1.137072205543518066e+00
-1.776285290718078613e+00
-1.078718423843383789e+00
-1.324323296546936035e+00
-5.593174099922180176e-01
-6.853758692741394043e-01
1.068294942378997803e-01
-6.906195878982543945e-01
-2.285862684249877930e+00
-1.507536530494689941e+00
-1.308636784553527832e+00
-1.439977765083312988e+00
-1.322388291358947754e+00
-7.707689404487609863e-01
-9.380529522895812988e-01
-1.107933759689331055e+00
-1.141955971717834473e+00
-1.107697129249572754e+00
-7.766544222831726074e-01
-1.066186785697937012e+00
-1.228350758552551270e+00
-1.103423595428466797e+00
-1.510572075843811035e+00
-3.836350142955780029e-01
-1.061383366584777832e+00
4.553825855255126953e-01
1.766714006662368774e-01
-3.220941498875617981e-02
-8.670584559440612793e-01
-6.457077860832214355e-01
-5.924820303916931152e-01
-1.255479216575622559e+00
-5.758574604988098145e-01
-9.220809340476989746e-01
-1.124093770980834961e+00
-6.037859320640563965e-01
-6.510675549507141113e-01
-6.577849984169006348e-01
-3.731828927993774414e-01
-4.973952174186706543e-01
-5.655640959739685059e-01
-7.532162666320800781e-01
-9.022105932235717773e-01
-5.421638488769531250e-01
-1.874013543128967285e-01
-2.517007291316986084e-01
-5.605129599571228027e-01
-5.495341420173645020e-01
-4.192368984222412109e-01
-2.831888198852539062e-01
-1.909034699201583862e-01
-1.368155717849731445e+00
-2.101541012525558472e-01
-1.467960238456726074e+00
-6.709311008453369141e-01
-1.371831774711608887e+00
-1.584537744522094727e+00
-1.345265507698059082e+00
-8.930352926254272461e-01
-3.886165022850036621e-01
-1.131342291831970215e+00
-1.397115468978881836e+00
-8.838794231414794922e-01
-8.943180739879608154e-02
-2.250793427228927612e-01
7.221032679080963135e-02
-1.244751214981079102e+00
1.356435939669609070e-02
2.709233760833740234e-01
3.747074306011199951e-01
9.612027406692504883e-01
1.659597516059875488e+00
1.939790129661560059e+00
1.143036007881164551e+00
8.490009605884552002e-02
-3.055015206336975098e-01
-2.882206439971923828e-01
-1.537097543478012085e-01
1.134469032287597656e+00
8.566274046897888184e-01
2.060707956552505493e-01
9.420976042747497559e-01
-5.262660384178161621e-01
2.324493646621704102e+00
1.236293464899063110e-01
-1.349586129188537598e+00
-4.297772049903869629e-01
-2.595806717872619629e-01
-4.126169085502624512e-01
-1.696465462446212769e-01
-1.019998043775558472e-01
-4.883839488029479980e-01
-6.343668103218078613e-01
-1.165170788764953613e+00
1.085093855857849121e+00
3.681557774543762207e-01
1.407843589782714844e+00
-2.002075165510177612e-01
-1.520418763160705566e+00
-1.593045115470886230e+00
-1.673340559005737305e+00
-1.316839098930358887e+00
-1.224120855331420898e+00
-1.277064919471740723e+00
-1.662512302398681641e+00
-2.226683869957923889e-02
3.753834962844848633e-01
6.517111063003540039e-01
1.147223860025405884e-01
-1.420680403709411621e+00
-1.109615206718444824e+00
3.766547888517379761e-03
-7.076941430568695068e-02
-6.201375126838684082e-01
-4.998878240585327148e-01
-9.488736391067504883e-01
-4.667290449142456055e-01
-1.672878623008728027e+00
-1.805806994438171387e+00
-1.604233384132385254e+00
-5.804681777954101562e-01
-6.915516257286071777e-01
-1.055409312248229980e+00
2.565438449382781982e-01
3.813382983207702637e-01
3.969179391860961914e-01
5.457180142402648926e-01
7.079333662986755371e-01
6.180494427680969238e-01
4.409149289131164551e-01
3.203172683715820312e-01
1.990802735090255737e-01
5.052089095115661621e-01
2.847433090209960938e-01
6.823351979255676270e-01
8.160271048545837402e-01
6.307941079139709473e-01
6.690765023231506348e-01
7.345553636550903320e-01
5.813131928443908691e-01
4.537929892539978027e-01
5.071309208869934082e-01
5.089108943939208984e-01
5.996223092079162598e-01
1.318919777870178223e+00
1.938347935676574707e+00
1.080094337463378906e+00
3.988196253776550293e-01
4.293394982814788818e-01
3.995371460914611816e-01
1.175207346677780151e-01
1.321072429418563843e-01
3.234970569610595703e-01
7.077708244323730469e-01
9.786513447761535645e-01
1.665078997611999512e+00
2.053107023239135742e+00
1.524168014526367188e+00
8.933935761451721191e-01
7.694621682167053223e-01
7.718278765678405762e-01
8.357649445533752441e-01
1.036051154136657715e+00
8.943831324577331543e-01
8.717707395553588867e-01
-3.964236378669738770e-01
7.351824641227722168e-01
3.544443249702453613e-01
-6.312086582183837891e-01
-6.727475523948669434e-01
-5.978465676307678223e-01
1.177841305732727051e+00
2.103017121553421021e-01
-4.011492803692817688e-02
-7.368050217628479004e-01
-2.646660208702087402e-01
-1.251337885856628418e+00
-2.211118936538696289e+00
-1.924396991729736328e+00
-2.119999006390571594e-02
1.505392551422119141e+00
1.803321003913879395e+00
4.076976776123046875e-01
1.553889662027359009e-01
3.478431999683380127e-01
8.254093527793884277e-01
5.794245600700378418e-01
1.018966555595397949e+00
1.239068269729614258e+00
7.840641140937805176e-01
8.924282193183898926e-01
5.559517145156860352e-01
-2.762247025966644287e-01
1.694857954978942871e+00
1.460357427597045898e+00
8.188042044639587402e-01
1.220969319343566895e+00
1.404021531343460083e-01
1.241916894912719727e+00
1.276180624961853027e+00
6.305431723594665527e-01
-5.646373629570007324e-01
5.612058043479919434e-01
1.411774516105651855e+00
2.335514783859252930e+00
8.046250939369201660e-01
-8.364340662956237793e-02
6.601628065109252930e-01
2.123587578535079956e-01
-9.444841742515563965e-01
-6.620416641235351562e-01
-3.751223161816596985e-02
9.133728742599487305e-01
9.544606804847717285e-01
1.751060366630554199e+00
1.041982054710388184e+00
1.734755873680114746e+00
1.608202815055847168e+00
1.149533748626708984e+00
1.175585865974426270e+00
4.502910971641540527e-01
3.080619573593139648e-01
-3.112258389592170715e-02
-4.485761001706123352e-02
1.842212527990341187e-01
8.144277930259704590e-01
1.211209535598754883e+00
-6.366897225379943848e-01
-1.862968653440475464e-01
5.877382159233093262e-01
1.706587821245193481e-01
-8.748977184295654297e-01
4.416019842028617859e-02
9.412416219711303711e-01
5.931635499000549316e-01
-8.094219863414764404e-02
-4.591248631477355957e-01
-6.289331614971160889e-02
3.157184720039367676e-01
-2.170207947492599487e-01
2.029342800378799438e-01
2.978447377681732178e-01
-2.923171520233154297e-01
-2.539458870887756348e-01
-5.961783528327941895e-01
-7.088168263435363770e-01
-7.899021506309509277e-01
-6.286771893501281738e-01
-2.806695401668548584e-01
-2.816027402877807617e-01
-4.908083677291870117e-01
-8.396801948547363281e-01
-4.945842623710632324e-01
-9.526200592517852783e-04
-1.930766180157661438e-02
-9.260646998882293701e-02
-1.578709930181503296e-01
-3.237793743610382080e-01
-1.994811147451400757e-01
-5.189217329025268555e-01
1.004251390695571899e-01
1.903510242700576782e-01
-2.817522361874580383e-02
-1.360035985708236694e-01
-1.482034176588058472e-01
1.416919976472854614e-01
2.113610655069351196e-01
2.271505147218704224e-01
2.271734029054641724e-01
2.166426330804824829e-01
2.518371343612670898e-01
1.531851440668106079e-01
4.911694228649139404e-01
-2.822166681289672852e-01
-5.265931487083435059e-01
-8.622522652149200439e-02
2.649370953440666199e-02
6.820748746395111084e-02
6.691031157970428467e-04
3.096474409103393555e-01
3.927893638610839844e-01
-4.821353554725646973e-01
-1.087789416313171387e+00
-1.310535788536071777e+00
-1.702257037162780762e+00
-1.820375084877014160e+00
-1.809505343437194824e+00
-7.937202453613281250e-01
-1.272138237953186035e+00
-6.742283701896667480e-01
-1.461488723754882812e+00
-1.800811290740966797e+00
-9.683321118354797363e-01
-2.855252027511596680e-01
-2.712395787239074707e-01
-8.679007291793823242e-01
8.953900635242462158e-02
6.877394914627075195e-01
9.931169450283050537e-02
1.710422784090042114e-01
6.659056544303894043e-01
8.275263905525207520e-01
-1.894800737500190735e-02
-1.132891416549682617e+00
-1.453220248222351074e+00
-7.840387225151062012e-01
-1.871876835823059082e+00
-2.241317272186279297e+00
-2.381043285131454468e-01
-1.323657110333442688e-02
9.536094069480895996e-01
-6.359012424945831299e-02
6.102222800254821777e-01
6.067884564399719238e-01
5.204494595527648926e-01
1.717723965644836426e+00
7.162538170814514160e-01
2.393207311630249023e+00
8.743923306465148926e-01
2.481981068849563599e-01
-5.911589264869689941e-01
-1.540308594703674316e+00
-1.602624058723449707e+00
-2.139312982559204102e+00
-1.861416175961494446e-02
1.657793402671813965e+00
1.388946652412414551e+00
1.087516784667968750e+00
1.113036990165710449e+00
9.313219785690307617e-01
-1.690266579389572144e-01
7.190571725368499756e-02
-1.266357660293579102e+00
-8.656712174415588379e-01
-9.952294230461120605e-01
-1.069829344749450684e+00
-1.077029347419738770e+00
-3.678982257843017578e-01
-7.982146739959716797e-01
-9.668285250663757324e-01
-5.728650689125061035e-01
-4.664058685302734375e-01
-6.637637019157409668e-01
-1.138403058052062988e+00
2.645557522773742676e-01
-7.214320302009582520e-01
1.089753657579421997e-01
-9.000068306922912598e-01
-1.383186697959899902e+00
1.909358263015747070e+00
7.838310599327087402e-01
-3.639531731605529785e-01
1.659832298755645752e-01
-7.183599472045898438e-01
-6.593948006629943848e-01
-6.494660973548889160e-01
-2.566506564617156982e-01
1.085327267646789551e+00
-7.236819863319396973e-01
-5.704004317522048950e-03
6.051656603813171387e-01
4.946122765541076660e-01
1.460130065679550171e-01
1.969197243452072144e-01
1.887268573045730591e-01
4.828928709030151367e-01
7.321883738040924072e-02
5.247420668601989746e-01
5.609745979309082031e-01
5.087830424308776855e-01
4.783761203289031982e-01
2.868609428405761719e-01
-6.636384129524230957e-01
-5.562589764595031738e-01
-1.854381412267684937e-01
-2.962807416915893555e-01
-3.194776177406311035e-01
-1.757288426160812378e-01
1.305569559335708618e-01
-6.397321224212646484e-01
-5.212971940636634827e-02
-7.653903961181640625e-02
-1.482206434011459351e-01
2.177534252405166626e-01
-6.178941205143928528e-02
1.357521265745162964e-01
2.228118106722831726e-02
2.128520235419273376e-02
3.936358094215393066e-01
-2.650696635246276855e-01
2.333986014127731323e-01
1.291595578193664551e+00
-1.295121908187866211e-01
-5.281088948249816895e-01
2.124564200639724731e-01
4.068019390106201172e-01
1.049987524747848511e-01
-2.572150900959968567e-02
-2.433522418141365051e-02
6.224136352539062500e-01
1.727093607187271118e-01
2.045453712344169617e-02
-1.049769371747970581e-01
9.688409566879272461e-01
-3.783575296401977539e-01
-4.196938872337341309e-01
6.432916224002838135e-02
9.611737132072448730e-01
-2.177996188402175903e-01
5.476502701640129089e-02
-1.098748594522476196e-01
-5.654874444007873535e-01
-7.703035473823547363e-01
-3.177531957626342773e-01
-2.844666838645935059e-01
-1.123104840517044067e-01
7.459546625614166260e-02
-1.296723335981369019e-01
-3.401975706219673157e-02
-1.485481411218643188e-01
-2.749168872833251953e-01
-3.216819763183593750e-01
-3.366329371929168701e-01
-3.545809686183929443e-01
-3.824259638786315918e-01
-3.838176131248474121e-01
-3.485572934150695801e-01
-5.701594427227973938e-02
-5.333495512604713440e-02
-8.162061870098114014e-02
5.279811620712280273e-01
4.544134065508842468e-02
-2.869354560971260071e-02
1.173377633094787598e-01
1.604914218187332153e-01
1.375512033700942993e-01
9.341906011104583740e-02
4.295606538653373718e-02
-3.463707566261291504e-01
-8.047305345535278320e-01
1.000175178050994873e-01
6.068603992462158203e-01
3.874885439872741699e-01
6.219424009323120117e-01
7.392219305038452148e-01
4.460026621818542480e-01
-1.165481656789779663e-01
-4.780617356300354004e-01
-1.086791396141052246e+00
-3.887304365634918213e-01
-1.566167324781417847e-01
-5.520946383476257324e-01
-6.320749521255493164e-01
-7.873079180717468262e-01
-9.123197793960571289e-01
-5.705347657203674316e-01
4.775361344218254089e-02
1.524080485105514526e-01
-2.687991261482238770e-01
-7.420082688331604004e-01
-9.426277279853820801e-01
-1.404842853546142578e+00
-1.291024208068847656e+00
-1.012350797653198242e+00
-6.583523154258728027e-01
-7.380582690238952637e-01
-7.296683192253112793e-01
-8.096160292625427246e-01
3.346070647239685059e-01
2.620951533317565918e-01
-3.993574380874633789e-01
-2.640898525714874268e-01
-1.406882882118225098e+00
-1.243145227432250977e+00
-1.323205828666687012e+00
-9.869031310081481934e-01
-9.295804500579833984e-01
-1.888715103268623352e-02
-9.034386277198791504e-01
4.533861279487609863e-01
3.220080435276031494e-01
-9.670056700706481934e-01
-4.481979608535766602e-01
3.498152494430541992e-01
2.773057669401168823e-03
-6.265155076980590820e-01
-2.801867127418518066e-01
-2.931553125381469727e-01
-1.881677955389022827e-01
2.305861711502075195e-01
-7.742869257926940918e-01
-1.312596440315246582e+00
-3.214083313941955566e-01
-1.711801648139953613e+00
1.299330741167068481e-01
1.113499552011489868e-01
2.432648465037345886e-02
-8.623375296592712402e-01
-8.997707068920135498e-02
-9.102615714073181152e-01
-1.273731827735900879e+00
-7.167883515357971191e-01
-8.420395255088806152e-01
-5.804331302642822266e-01
-2.781356275081634521e-01
-3.571155965328216553e-01
-1.471106171607971191e+00
-7.683594524860382080e-02
-7.377254962921142578e-01
-1.645111203193664551e+00
-7.368974387645721436e-02
-1.255603909492492676e+00
-8.339520096778869629e-01
-9.085263609886169434e-01
-8.273427188396453857e-02
-3.603704571723937988e-01
-5.646105408668518066e-01
-4.849587082862854004e-01
-3.977375030517578125e-01
1.315961331129074097e-01
-5.348181128501892090e-01
-7.465557456016540527e-01
6.471858918666839600e-02
4.810262843966484070e-02
-9.442348033189773560e-03
-7.527293264865875244e-02
-5.805825069546699524e-02
-1.558255031704902649e-02
2.896040678024291992e-01
1.191030383110046387e+00
6.561992168426513672e-01
9.409871101379394531e-01
-1.720840781927108765e-01
-6.923335790634155273e-01
2.160390764474868774e-01
4.217828437685966492e-02
-7.511310279369354248e-02
-9.039085507392883301e-01
2.837349176406860352e-01
