1.293890953063964844e+00
1.332268834114074707e+00
1.073977112770080566e+00
8.540664911270141602e-01
6.308482885360717773e-01
7.875170111656188965e-01
5.085209012031555176e-02
2.222414761781692505e-01
4.254264235496520996e-01
2.859721779823303223e-01
1.754949986934661865e-01
1.645724475383758545e-01
2.453186064958572388e-01
2.176798731088638306e-01
1.665496975183486938e-01
1.460131406784057617e-01
1.399842053651809692e-01
1.345791667699813843e-01
1.377747803926467896e-01
1.500677764415740967e-01
1.589025557041168213e-01
1.506253182888031006e-01
1.316607147455215454e-01
1.090234071016311646e-01
8.931405842304229736e-02
7.242521643638610840e-02
5.463947355747222900e-02
4.240550100803375244e-02
3.281216323375701904e-02
2.477456629276275635e-02
1.763238012790679932e-02
1.153938472270965576e-02
5.957484245300292969e-03
1.193229854106903076e-02
4.883110523223876953e-03
-1.164407283067703247e-01
-3.967029452323913574e-01
-1.471240818500518799e-02
-2.100360393524169922e-02
-3.025388717651367188e-02
-3.216837346553802490e-02
-3.410713374614715576e-02
-3.492330014705657959e-02
3.404483199119567871e-03
-4.607008397579193115e-02
-6.907436251640319824e-02
-9.260691702365875244e-02
-7.240681350231170654e-02
-7.446126639842987061e-02
-9.297651052474975586e-02
-1.468057185411453247e-01
-1.739254742860794067e-01
-1.666516512632369995e-01
-1.927994638681411743e-01
-1.987701058387756348e-01
-1.770892292261123657e-01
-2.128559947013854980e-01
-2.532503604888916016e-01
-2.691910862922668457e-01
-2.825640439987182617e-01
-2.974877953529357910e-01
-3.159021735191345215e-01
-3.525848388671875000e-01
-3.911187052726745605e-01
-3.799769282341003418e-01
-4.213833212852478027e-01
-4.424215555191040039e-01
2.514927387237548828e-01
-4.114889502525329590e-01
-2.724266946315765381e-01
-1.869989186525344849e-01
-3.362718224525451660e-01
-4.060217142105102539e-01
5.321010947227478027e-03
3.894816040992736816e-01
6.075172424316406250e-01
6.475750207901000977e-01
-2.485002726316452026e-01
-3.902597725391387939e-02
1.494015306234359741e-01
2.665295600891113281e-01
2.758002281188964844e-01
2.796652913093566895e-01
2.548036575317382812e-01
1.892406195402145386e-01
1.531680375337600708e-01
1.449711471796035767e-01
8.566971123218536377e-02
-2.461795061826705933e-01
-6.571255326271057129e-01
-5.838530063629150391e-01
-4.334839582443237305e-01
-4.386724829673767090e-01
-4.348830580711364746e-01
-4.360451698303222656e-01
-5.081004500389099121e-01
-2.346932142972946167e-01
-3.130776286125183105e-01
2.075809389352798462e-01
5.562489032745361328e-01
1.024931192398071289e+00
6.321880221366882324e-01
1.796849071979522705e-02
-1.833103597164154053e-02
-1.459337025880813599e-01
9.923804998397827148e-01
1.056640505790710449e+00
1.184878468513488770e+00
1.660388827323913574e+00
1.583184599876403809e+00
1.302304744720458984e+00
1.135884284973144531e+00
6.681503653526306152e-01
4.291127622127532959e-02
3.786403536796569824e-01
2.712354660034179688e-01
1.683783382177352905e-01
1.716749817132949829e-01
1.579646170139312744e-01
3.187063336372375488e-01
4.000252485275268555e-01
3.255183100700378418e-01
1.180851936340332031e+00
5.667313337326049805e-01
4.220643043518066406e-01
2.911278605461120605e-01
1.798295527696609497e-01
1.148823648691177368e-01
6.642651557922363281e-02
3.032022714614868164e-02
-3.219857811927795410e-02
1.029931455850601196e-01
-1.229412257671356201e-01
-2.807676792144775391e-03
-6.213650107383728027e-03
-1.150541007518768311e-02
-1.271024346351623535e-02
-1.479059457778930664e-02
-1.021786034107208252e-02
-7.007893919944763184e-02
1.622151583433151245e-01
-1.595534533262252808e-01
-2.456863075494766235e-01
-2.444950193166732788e-01
-1.754781156778335571e-01
-1.439172327518463135e-01
-1.239984631538391113e-01
-1.142539829015731812e-01
-1.090234965085983276e-01
-1.081190556287765503e-01
-8.669437468051910400e-02
-1.716256141662597656e-03
-1.107726544141769409e-01
-1.568221598863601685e-01
-5.204182863235473633e-01
-8.602604269981384277e-01
-8.459280729293823242e-01
-6.047574281692504883e-01
-6.828399002552032471e-02
-7.004473209381103516e-01
-4.589139819145202637e-01
-5.377174615859985352e-01
2.584939002990722656e-01
4.314342737197875977e-01
2.924468517303466797e-01
5.318468809127807617e-01
3.586629033088684082e-01
6.069360971450805664e-01
-3.055767416954040527e-01
-6.499418020248413086e-01
-8.308011293411254883e-01
4.940452575683593750e-01
-2.139377146959304810e-01
-7.130913436412811279e-02
2.885058522224426270e-01
5.902632474899291992e-01
8.343137502670288086e-01
-3.235773444175720215e-01
-5.112958550453186035e-01
-3.851355910301208496e-01
-5.478084087371826172e-01
3.595888018608093262e-01
4.394748806953430176e-01
4.473585486412048340e-01
2.974700331687927246e-01
-5.758054852485656738e-01
-1.042654514312744141e+00
-5.661144852638244629e-02
1.170334964990615845e-01
2.774363756179809570e-01
-2.339942902326583862e-01
-3.187291622161865234e-01
-4.768883585929870605e-01
-8.061872720718383789e-01
-1.425575852394104004e+00
-8.033975362777709961e-01
-1.653777658939361572e-01
4.263673424720764160e-01
1.063124299049377441e+00
1.319520115852355957e+00
1.479695320129394531e+00
1.437260985374450684e+00
1.872897982597351074e+00
1.868188977241516113e+00
1.606277823448181152e+00
1.442162275314331055e+00
1.344827175140380859e+00
1.133396267890930176e+00
9.794932603836059570e-01
1.147786021232604980e+00
1.010780453681945801e+00
1.177609801292419434e+00
1.267055630683898926e+00
1.323364138603210449e+00
1.351351380348205566e+00
1.357701897621154785e+00
1.345579862594604492e+00
1.313554048538208008e+00
1.260737657546997070e+00
1.512994527816772461e+00
1.578065991401672363e+00
1.617867350578308105e+00
1.080395221710205078e+00
1.502291709184646606e-01
-8.431142568588256836e-01
-9.186254143714904785e-01
-6.215929388999938965e-01
-7.741144895553588867e-01
-7.482181787490844727e-01
-9.318972826004028320e-01
-1.076853990554809570e+00
-1.002613544464111328e+00
-1.060815334320068359e+00
-1.083568811416625977e+00
-1.096759676933288574e+00
-1.051011204719543457e+00
-9.143877029418945312e-01
-7.545728683471679688e-01
-2.237224429845809937e-01
1.762408316135406494e-01
-1.842462718486785889e-01
-3.152245283126831055e-01
-3.714337348937988281e-01
-4.233544468879699707e-01
-5.677939653396606445e-01
-4.759690761566162109e-01
-4.689574241638183594e-01
-6.385700702667236328e-01
-4.278118014335632324e-01
-4.120380282402038574e-01
-3.940230011940002441e-01
-3.767582178115844727e-01
-3.466013073921203613e-01
9.212441742420196533e-02
-7.396780848503112793e-01
-5.447646975517272949e-02
3.912021219730377197e-02
8.181042969226837158e-02
4.607282578945159912e-02
-5.813236534595489502e-02
-9.630590677261352539e-02
-4.319266974925994873e-02
4.038800299167633057e-02
3.439758718013763428e-02
2.862945795059204102e-01
-3.205360770225524902e-01
5.938958525657653809e-01
6.008574962615966797e-01
2.536097764968872070e-01
8.350876569747924805e-01
6.416142582893371582e-01
8.272620439529418945e-01
3.997047543525695801e-01
2.992371320724487305e-01
2.075975090265274048e-01
2.314289361238479614e-01
2.113858014345169067e-01
6.812314689159393311e-02
-1.716881990432739258e-03
-8.152765035629272461e-02
-1.202465817332267761e-01
-9.324096143245697021e-02
5.598450452089309692e-02
9.663553535938262939e-02
4.855801463127136230e-01
9.662672877311706543e-02
-2.323925495147705078e-03
-1.794365048408508301e-02
-1.551355421543121338e-02
2.969861030578613281e-02
7.226470857858657837e-02
1.294960826635360718e-01
2.424008399248123169e-01
3.716793060302734375e-01
3.827727437019348145e-01
5.484397709369659424e-02
-9.605139493942260742e-04
3.751026988029479980e-01
2.962995171546936035e-01
1.159730404615402222e-01
3.374975919723510742e-01
3.780292868614196777e-01
3.971565365791320801e-01
3.404709100723266602e-01
3.985715508460998535e-01
4.409285783767700195e-01
4.449552297592163086e-01
6.273221969604492188e-01
2.057320624589920044e-01
2.392297834157943726e-01
1.814540624618530273e-01
-6.152136623859405518e-02
2.981911599636077881e-02
1.560533344745635986e-01
1.680947244167327881e-01
1.482804864645004272e-01
1.278920620679855347e-01
-4.001368582248687744e-02
3.344823420047760010e-02
8.084793388843536377e-02
5.688656866550445557e-02
3.684158623218536377e-02
2.241145074367523193e-02
1.090140640735626221e-02
1.748189330101013184e-03
-8.328631520271301270e-03
-2.349715679883956909e-01
-2.220560461282730103e-01
-2.759030461311340332e-01
-3.881023824214935303e-02
-1.002408713102340698e-01
3.006102144718170166e-02
-1.370736807584762573e-01
-1.374338716268539429e-01
-1.167574375867843628e-01
-1.080247312784194946e-01
-1.040983349084854126e-01
8.243913948535919189e-02
-1.168518513441085815e-01
-8.475650846958160400e-02
-1.234129071235656738e-03
3.053429722785949707e-01
3.522567152976989746e-01
-1.307697594165802002e-01
1.362925916910171509e-01
-1.120091229677200317e-01
8.445341885089874268e-02
-1.587106734514236450e-01
5.213546752929687500e-01
5.661180615425109863e-01
4.500712156295776367e-01
6.502918004989624023e-01
7.502871751785278320e-01
4.025416970252990723e-01
5.001209676265716553e-02
-2.070875465869903564e-02
2.858787178993225098e-01
3.368464112281799316e-01
-6.892344355583190918e-02
-5.982153415679931641e-01
-1.174060702323913574e+00
-1.163239359855651855e+00
-9.430421590805053711e-01
-9.785060286521911621e-01
-1.035240411758422852e+00
-1.062612891197204590e+00
-1.079560399055480957e+00
-1.104055523872375488e+00
-1.135778903961181641e+00
-1.144928336143493652e+00
-1.119808316230773926e+00
-1.133430480957031250e+00
-1.139792561531066895e+00
-1.141270518302917480e+00
-1.136053442955017090e+00
-9.149597883224487305e-01
-1.060137152671813965e+00
-1.047331452369689941e+00
-1.022892355918884277e+00
-9.543101787567138672e-01
-1.167487025260925293e+00
-1.253110051155090332e+00
-1.205256938934326172e+00
-9.756301641464233398e-01
-9.220659136772155762e-01
-1.117653846740722656e+00
-1.075214505195617676e+00
-1.095587134361267090e+00
-7.332825660705566406e-01
-4.365703463554382324e-01
-7.479704618453979492e-01
-7.929804921150207520e-01
-8.307808637619018555e-01
-8.872166275978088379e-01
-9.551368951797485352e-01
-9.964872598648071289e-01
-9.982388019561767578e-01
-9.855557680130004883e-01
-9.606560468673706055e-01
-8.556479811668395996e-01
-9.643909931182861328e-01
-8.941367268562316895e-01
-8.850551843643188477e-01
-8.726782798767089844e-01
-8.616784214973449707e-01
-3.547213673591613770e-01
-4.659553170204162598e-01
-5.339084267616271973e-01
-8.170686364173889160e-01
-3.357325196266174316e-01
-5.635235309600830078e-01
-6.142438650131225586e-01
-6.072874665260314941e-01
-6.015149354934692383e-01
-5.952304601669311523e-01
-5.897925496101379395e-01
-5.855233073234558105e-01
-5.826358795166015625e-01
-5.811042785644531250e-01
-5.808767676353454590e-01
-5.827038288116455078e-01
-5.856646299362182617e-01
-5.902904272079467773e-01
-7.197300195693969727e-01
-5.389541983604431152e-01
-7.290986180305480957e-01
-8.508902788162231445e-01
-2.697444558143615723e-01
-2.143137156963348389e-02
-8.958111703395843506e-02
-2.819254994392395020e-01
1.596877723932266235e-01
6.842796504497528076e-02
-6.852863430976867676e-01
-8.712081313133239746e-01
-1.132543921470642090e+00
-7.335053682327270508e-01
-8.848354220390319824e-03
9.948445856571197510e-02
4.207187891006469727e-01
-1.131869107484817505e-01
-2.771632075309753418e-01
1.955819875001907349e-01
1.005917787551879883e+00
1.067773699760437012e+00
8.351256847381591797e-01
6.727435588836669922e-01
9.293352365493774414e-01
8.448956012725830078e-01
8.082897663116455078e-01
1.134286880493164062e+00
6.151298880577087402e-01
6.127104759216308594e-01
3.929232358932495117e-01
3.268555998802185059e-01
-3.320569396018981934e-01
-2.074896991252899170e-01
-5.794130563735961914e-01
-6.276264190673828125e-01
-5.832961201667785645e-01
-5.339919924736022949e-01
-3.467720746994018555e-01
-2.376198768615722656e-01
-2.112554013729095459e-01
-2.029869109392166138e-01
-2.991066575050354004e-01
2.102818042039871216e-01
-7.433918118476867676e-02
-5.137317776679992676e-01
1.492458879947662354e-01
3.431650996208190918e-01
3.321645855903625488e-01
3.631418347358703613e-01
2.809259891510009766e-01
2.022192329168319702e-01
-2.700924873352050781e-01
1.974890679121017456e-01
-3.099406957626342773e-01
-1.289980649948120117e+00
-9.071948528289794922e-01
-3.787941932678222656e-01
-1.801752597093582153e-01
-7.903488278388977051e-01
-8.942421078681945801e-01
-1.065658569335937500e+00
-7.860118150711059570e-01
-6.285787224769592285e-01
-6.663842201232910156e-01
-6.792858839035034180e-01
-6.893739700317382812e-01
-7.001391649246215820e-01
-7.028226256370544434e-01
-7.028728127479553223e-01
-5.371608734130859375e-01
-7.503101825714111328e-01
-7.265728712081909180e-01
-5.796159505844116211e-01
-7.853850722312927246e-01
-1.761847585439682007e-01
-1.005461066961288452e-01
1.473249495029449463e-02
-5.638980269432067871e-01
8.039510846138000488e-01
8.328256607055664062e-01
1.000191718339920044e-01
-8.872014284133911133e-02
1.293829679489135742e-01
7.144236564636230469e-01
2.470624595880508423e-01
-2.261988371610641479e-01
-5.923346281051635742e-01
-4.898300766944885254e-01
-1.131055951118469238e-01
-4.665594100952148438e-01
-4.264400601387023926e-01
6.225980818271636963e-02
1.907066851854324341e-01
3.890966176986694336e-01
3.972658514976501465e-01
1.073062568902969360e-01
-1.961910873651504517e-01
-3.011276125907897949e-01
-4.192013740539550781e-01
-1.515016257762908936e-01
-1.097910255193710327e-01
-4.650048911571502686e-02
-5.461201071739196777e-03
-3.125205636024475098e-03
-1.454307138919830322e-02
-2.631424367427825928e-02
-2.616871893405914307e-01
-1.896962076425552368e-01
6.572228074073791504e-01
8.730180561542510986e-02
2.662562727928161621e-01
3.670306205749511719e-01
4.100419282913208008e-01
5.126761198043823242e-01
8.373218774795532227e-01
9.781409502029418945e-01
9.211605191230773926e-01
7.658141851425170898e-01
6.808928251266479492e-01
4.805023670196533203e-01
3.195465803146362305e-01
2.751684188842773438e-01
3.032494783401489258e-01
2.800134420394897461e-01
2.241163998842239380e-01
2.034677416086196899e-01
2.136406451463699341e-01
2.066975384950637817e-01
-5.874607563018798828e-01
-1.306002736091613770e+00
-1.332555055618286133e+00
-1.256463527679443359e+00
-1.148176550865173340e+00
8.348499238491058350e-02
5.926867723464965820e-01
7.483602762222290039e-01
1.230482608079910278e-01
-5.256685018539428711e-01
-5.562239885330200195e-01
1.110548824071884155e-01
6.732920408248901367e-01
8.836294412612915039e-01
8.673394322395324707e-01
8.307774066925048828e-01
1.951511651277542114e-01
5.637667179107666016e-01
-4.678117036819458008e-01
-8.135614395141601562e-01
-7.266802787780761719e-01
-6.161792874336242676e-01
-1.096621751785278320e+00
-7.702332735061645508e-01
-5.413253307342529297e-01
-2.703195810317993164e-01
-2.658688426017761230e-01
-3.444826602935791016e-01
-4.498473405838012695e-01
-5.985143184661865234e-01
-9.087565541267395020e-01
-1.046219468116760254e+00
-1.122683167457580566e+00
-1.077520728111267090e+00
-7.834339141845703125e-01
-2.680454254150390625e-01
2.542856335639953613e-02
-4.311994910240173340e-01
-6.162313818931579590e-01
-6.584388017654418945e-01
-2.033583372831344604e-01
3.772786855697631836e-01
3.163046240806579590e-01
4.192005395889282227e-01
5.811994075775146484e-01
7.252230644226074219e-01
1.300108313560485840e+00
6.967331767082214355e-01
4.731796383857727051e-01
2.412653416395187378e-01
-1.278356313705444336e-01
1.002891361713409424e-02
-4.182088971138000488e-01
-1.397649943828582764e-02
-1.146033555269241333e-01
-1.327585577964782715e-01
-1.402271687984466553e-01
-1.228970736265182495e-01
-7.415825873613357544e-02
5.399669706821441650e-02
6.592172384262084961e-02
1.812507212162017822e-02
-4.644741117954254150e-02
-8.578553050756454468e-02
-5.175058916211128235e-02
-8.311511576175689697e-02
-9.856611490249633789e-02
-9.433635324239730835e-02
-4.093848913908004761e-02
-1.727627813816070557e-01
-8.418413996696472168e-02
-9.684269875288009644e-02
6.739141047000885010e-02
-2.153235822916030884e-01
-9.410081803798675537e-02
-9.368503093719482422e-02
-8.145008236169815063e-02
-6.302122026681900024e-02
-4.055357724428176880e-02
-3.147695958614349365e-02
1.182846724987030029e-02
-1.671329140663146973e-03
-5.012391507625579834e-02
-6.186001002788543701e-02
-4.329763352870941162e-02
-4.337572306394577026e-02
-1.309561431407928467e-01
-9.106542170047760010e-02
-3.092342987656593323e-02
-3.530084341764450073e-02
-1.982953771948814392e-02
-1.405114680528640747e-02
4.014179110527038574e-02
-2.193473279476165771e-03
3.567099571228027344e-03
-1.322505623102188110e-01
8.834002912044525146e-02
5.011838674545288086e-02
4.742398858070373535e-02
1.445839107036590576e-01
-1.916838139295578003e-01
3.689661622047424316e-03
8.947174549102783203e-01
7.739276289939880371e-01
3.850593566894531250e-01
4.262651503086090088e-02
2.280189096927642822e-02
1.075492650270462036e-01
4.197994470596313477e-01
2.067248374223709106e-01
3.406634330749511719e-01
4.104795455932617188e-01
3.634747266769409180e-01
2.981745004653930664e-01
2.856968641281127930e-01
1.054223924875259399e-01
5.728017687797546387e-01
6.361251473426818848e-01
6.098489761352539062e-01
6.818282008171081543e-01
1.082931160926818848e+00
7.340379953384399414e-01
6.632319688796997070e-01
7.375544309616088867e-01
8.537015914916992188e-01
9.806096553802490234e-01
8.893607854843139648e-01
8.997787833213806152e-01
9.566091299057006836e-01
8.432245254516601562e-01
-2.237616479396820068e-02
-4.101085662841796875e-01
-5.558183193206787109e-01
-6.259804368019104004e-01
-6.779184937477111816e-01
-9.390579462051391602e-01
-1.639216780662536621e+00
-1.725414037704467773e+00
-1.690732121467590332e+00
-1.269623637199401855e+00
-5.924429893493652344e-01
-5.783237218856811523e-01
-7.869970798492431641e-01
-1.366937637329101562e+00
-7.446469068527221680e-01
-1.137545466423034668e+00
-1.587398350238800049e-02
-9.648572802543640137e-01
-1.391489148139953613e+00
-1.457278847694396973e+00
-1.270326852798461914e+00
-1.072548270225524902e+00
-8.449289798736572266e-01
-7.986612915992736816e-01
-6.725623607635498047e-01
-5.838496685028076172e-01
-3.408165574073791504e-01
-1.007908821105957031e+00
-2.010933399200439453e+00
-1.368813037872314453e+00
-1.814471602439880371e+00
-1.533799290657043457e+00
-1.036341071128845215e+00
-1.125108361244201660e+00
-1.458907246589660645e+00
-1.286000758409500122e-01
-1.422718882560729980e+00
-1.461309671401977539e+00
-9.979711771011352539e-01
-1.109983563423156738e+00
-1.201719403266906738e+00
-1.059308052062988281e+00
-9.777262210845947266e-01
-9.593660831451416016e-01
-7.806051969528198242e-01
-6.969944238662719727e-01
-6.934725046157836914e-01
-7.093011140823364258e-01
-7.337546348571777344e-01
-6.602066755294799805e-01
-6.402363777160644531e-01
-6.642875075340270996e-01
-7.139322161674499512e-01
-7.352949380874633789e-01
-2.844521999359130859e-01
-8.757995069026947021e-02
-5.672924220561981201e-02
-4.937361180782318115e-02
-1.308171868324279785e+00
2.566971778869628906e-01
-4.758579134941101074e-01
-7.708412408828735352e-01
-5.452122688293457031e-01
6.638627052307128906e-01
4.483772516250610352e-01
5.724412202835083008e-01
5.749554634094238281e-01
1.086649298667907715e-02
6.033420562744140625e-01
4.034129977226257324e-01
2.889025211334228516e-01
-9.777592122554779053e-02
3.221842050552368164e-01
1.613930910825729370e-01
8.661349117755889893e-02
-1.926705986261367798e-02
-1.132622584700584412e-01
-1.909667253494262695e-01
1.862633079290390015e-01
3.446663618087768555e-01
-3.070627152919769287e-02
9.307654201984405518e-02
9.826904535293579102e-02
1.417504101991653442e-01
1.389439851045608521e-01
-2.059578895568847656e-02
2.283760756254196167e-01
8.505196869373321533e-02
-5.268358588218688965e-01
-2.333097159862518311e-02
7.583481073379516602e-02
1.973713636398315430e-01
2.380375713109970093e-01
2.499416321516036987e-01
2.621089816093444824e-01
-1.901914179325103760e-02
1.598229408264160156e-01
3.128772377967834473e-01
3.567610979080200195e-01
3.840243220329284668e-01
4.010773301124572754e-01
4.127856492996215820e-01
4.110148549079895020e-01
4.206913113594055176e-01
4.812685251235961914e-01
4.797859191894531250e-01
4.570066928863525391e-01
5.605905055999755859e-01
1.349459886550903320e+00
1.201318383216857910e+00
1.033882737159729004e+00
1.316472172737121582e+00
1.209763050079345703e+00
6.810206770896911621e-01
6.848463416099548340e-01
4.501348733901977539e-01
6.613746285438537598e-02
-1.603934466838836670e-01
-2.884815335273742676e-01
-2.913953065872192383e-01
-7.644216716289520264e-02
1.438179314136505127e-01
2.446705847978591919e-01
2.020390480756759644e-01
1.285513490438461304e-01
3.833091259002685547e-02
-7.812331616878509521e-02
-2.223206311464309692e-01
-5.794237852096557617e-01
-5.888161659240722656e-01
-5.615351200103759766e-01
-7.110205888748168945e-01
-8.564259409904479980e-01
-8.727506995201110840e-01
-1.007614970207214355e+00
-1.156405329704284668e+00
-6.963104009628295898e-01
-4.543314576148986816e-01
-4.488309025764465332e-01
-4.769933819770812988e-01
-8.056778311729431152e-01
-5.947382450103759766e-01
-5.685964226722717285e-01
-5.812109708786010742e-01
-5.569913387298583984e-01
-1.051626801490783691e+00
-7.503558993339538574e-01
-6.765922307968139648e-01
-8.275101184844970703e-01
-6.825610399246215820e-01
-5.411138534545898438e-01
7.417694330215454102e-01
6.760340929031372070e-01
6.379761695861816406e-01
8.043093681335449219e-01
5.944861173629760742e-01
4.833549261093139648e-01
2.896843552589416504e-01
4.989449679851531982e-02
-3.925727009773254395e-01
-9.877963662147521973e-01
-1.227659583091735840e+00
-6.422924399375915527e-01
-8.669991493225097656e-01
-9.859923720359802246e-01
-7.712429761886596680e-01
-6.546303033828735352e-01
-9.197776317596435547e-01
-7.056818008422851562e-01
-8.971959352493286133e-01
-9.182541966438293457e-01
-6.427468657493591309e-01
-6.030545830726623535e-01
-7.215870618820190430e-01
-7.244074344635009766e-01
-7.248366475105285645e-01
-7.348519563674926758e-01
-7.544920444488525391e-01
-7.838487625122070312e-01
-8.160413503646850586e-01
-8.619421124458312988e-01
-8.875366449356079102e-01
-9.464483857154846191e-01
-9.720907211303710938e-01
-7.337542176246643066e-01
-4.862452745437622070e-01
2.536689043045043945e-01
1.614175587892532349e-01
1.712358742952346802e-01
1.850918680429458618e-01
2.460302561521530151e-01
-3.754197061061859131e-02
-4.949264526367187500e-01
-4.278870224952697754e-01
4.808522462844848633e-01
5.333285927772521973e-01
2.730755209922790527e-01
-4.605618864297866821e-02
-2.685946822166442871e-01
-3.385069370269775391e-01
-3.278266787528991699e-01
-3.963382840156555176e-01
-5.054804086685180664e-01
-4.679777622222900391e-01
-3.073452711105346680e-01
-3.985285162925720215e-01
-5.334141850471496582e-01
-7.532830238342285156e-01
-8.330356478691101074e-01
-5.626138448715209961e-01
-5.489557385444641113e-01
-7.449880838394165039e-01
-5.520361065864562988e-01
-7.055573463439941406e-01
-8.744530081748962402e-01
-3.127086758613586426e-01
-5.518247485160827637e-01
-2.309828996658325195e-02
1.691743731498718262e-03
1.794640719890594482e-02
4.700667858123779297e-01
3.281723856925964355e-01
1.531034857034683228e-01
2.440845221281051636e-02
7.004881650209426880e-02
5.724584311246871948e-02
4.888252913951873779e-02
2.695745229721069336e-01
-1.213099807500839233e-03
-6.096285209059715271e-02
1.322662830352783203e-02
-2.525281012058258057e-01
-1.338629275560379028e-01
-4.239655286073684692e-02
-1.886455714702606201e-02
-3.960534334182739258e-01
-3.647137284278869629e-01
-2.127507179975509644e-01
2.996805906295776367e-01
-5.762093067169189453e-01
-4.186041355133056641e-01
-3.250626921653747559e-01
-8.939759731292724609e-01
-2.807492315769195557e-01
-8.324691653251647949e-02
1.492914259433746338e-01
-1.648465245962142944e-01
-1.271139085292816162e-01
-2.287350744009017944e-01
-1.025318354368209839e-01
-6.457324326038360596e-02
-5.185236036777496338e-02
-8.097115159034729004e-02
3.871291875839233398e-03
-2.425895631313323975e-02
2.242839336395263672e-02
1.355499774217605591e-02
9.838783740997314453e-02
-3.233951330184936523e-01
-2.085935324430465698e-01
-1.810847222805023193e-01
2.144577056169509888e-01
-3.504171967506408691e-01
-1.475402861833572388e-01
3.704789280891418457e-01
-1.304533034563064575e-01
-2.187924683094024658e-01
6.462322920560836792e-02
-1.948772221803665161e-01
1.775593608617782593e-01
2.219993919134140015e-01
-2.113159000873565674e-02
1.226596236228942871e-01
5.793418884277343750e-01
-6.842203438282012939e-02
-9.118233621120452881e-02
1.814149171113967896e-01
1.107457876205444336e-01
1.454659998416900635e-01
8.377270102500915527e-01
-3.034971654415130615e-02
4.254542291164398193e-02
4.959110021591186523e-01
6.455071270465850830e-02
-3.379212319850921631e-02
8.445812761783599854e-02
2.751899361610412598e-01
3.287847638130187988e-01
1.014682799577713013e-01
-1.854819804430007935e-01
-2.703165411949157715e-01
6.178548336029052734e-01
5.380854606628417969e-01
6.275910139083862305e-01
3.354076743125915527e-01
2.545822858810424805e-01
1.968017369508743286e-01
-5.702180266380310059e-01
-5.652019977569580078e-01
7.185389399528503418e-01
9.949026107788085938e-01
9.344025850296020508e-01
9.311570525169372559e-01
5.130980014801025391e-01
7.979734241962432861e-02
-2.882646918296813965e-01
2.780644297599792480e-01
1.024366766214370728e-01
-4.216725230216979980e-01
-4.721468687057495117e-01
-9.516702592372894287e-02
-5.353175103664398193e-02
-5.873911380767822266e-01
-6.621838212013244629e-01
3.071433305740356445e-01
-4.648316502571105957e-01
-6.486546397209167480e-01
-6.492906808853149414e-01
-6.062879562377929688e-01
-3.498391509056091309e-01
-2.335791289806365967e-02
-6.589764952659606934e-01
-8.499646186828613281e-01
-1.010484546422958374e-01
7.130022346973419189e-02
8.306429386138916016e-01
5.431677103042602539e-01
-4.112307429313659668e-01
-1.809549778699874878e-01
1.510283470153808594e+00
1.675267338752746582e+00
1.118503212928771973e+00
4.546350240707397461e-01
-5.410043001174926758e-01
-1.798468083143234253e-01
-2.796613276004791260e-01
-2.492119818925857544e-01
-1.185120642185211182e-01
-3.411471843719482422e-01
-4.180404543876647949e-01
9.404863417148590088e-02
-7.257544398307800293e-01
-6.955307126045227051e-01
-8.217177391052246094e-01
-2.443907707929611206e-01
5.052070319652557373e-02
1.688350588083267212e-01
2.532941102981567383e-01
7.869156002998352051e-01
8.559314012527465820e-01
6.445857286453247070e-01
4.895122051239013672e-01
4.416622519493103027e-01
4.003598093986511230e-01
-1.456021517515182495e-01
-1.163590550422668457e+00
-1.230905652046203613e+00
1.191895455121994019e-01
4.206210374832153320e-01
2.225736528635025024e-01
-1.315804839134216309e+00
-1.428287625312805176e+00
-1.540076613426208496e+00
-1.631272912025451660e+00
-2.279718220233917236e-01
3.495803475379943848e-01
1.954743415117263794e-01
4.014731645584106445e-01
1.147446990013122559e+00
7.084179520606994629e-01
6.266887485980987549e-02
-2.299018651247024536e-01
-1.257111877202987671e-01
-8.054926991462707520e-03
-1.344917267560958862e-01
-8.758415281772613525e-02
-5.074913799762725830e-02
-3.919330835342407227e-01
-2.317674309015274048e-01
-2.367344945669174194e-01
-2.337821871042251587e-01
-6.862835288047790527e-01
-5.450238585472106934e-01
-4.548852443695068359e-01
-2.595040798187255859e-01
-4.656477570533752441e-01
-3.911541104316711426e-01
-1.944667249917984009e-01
-2.136002108454704285e-02
7.343508303165435791e-02
2.701153159141540527e-01
1.053406596183776855e-01
9.905609488487243652e-02
1.107791215181350708e-01
1.372251659631729126e-01
1.546578109264373779e-01
1.995323151350021362e-01
2.378706187009811401e-01
2.468300908803939819e-01
2.446988970041275024e-01
2.419106513261795044e-01
2.642845511436462402e-01
2.622476816177368164e-01
2.482307404279708862e-01
2.343971282243728638e-01
2.201867848634719849e-01
2.515346407890319824e-01
9.721310436725616455e-02
1.356021314859390259e-01
1.248210072517395020e-01
1.380774080753326416e-01
1.390430033206939697e-01
1.426708102226257324e-01
1.643208116292953491e-01
9.938666224479675293e-02
1.340665221214294434e-01
1.224351376295089722e-01
1.306978017091751099e-01
1.328046321868896484e-01
1.472846418619155884e-01
1.108319014310836792e-01
3.635270148515701294e-02
1.334803253412246704e-01
1.672661155462265015e-01
1.877905130386352539e-01
-5.607974529266357422e-02
-4.085662364959716797e-01
-5.394678711891174316e-01
-4.314088225364685059e-01
-3.823991417884826660e-01
-2.017342895269393921e-01
-2.287415713071823120e-01
-2.587593793869018555e-01
-7.244745641946792603e-02
1.511854529380798340e-01
1.138862222433090210e-01
5.641926079988479614e-02
2.978965640068054199e-03
-3.096754848957061768e-02
-5.543851852416992188e-02
-5.516330897808074951e-02
-4.018552601337432861e-03
-9.347850829362869263e-02
1.096305698156356812e-01
9.582097828388214111e-02
-1.193918362259864807e-01
1.823558211326599121e-01
1.441412717103958130e-01
8.011403679847717285e-02
-6.457275152206420898e-02
-1.994847506284713745e-01
-1.015745103359222412e-01
-4.377546310424804688e-01
-3.635919690132141113e-01
-1.804341226816177368e-01
-2.912372946739196777e-01
-1.797517389059066772e-01
-1.372362077236175537e-01
-9.253969788551330566e-02
-7.390335202217102051e-02
-4.669684171676635742e-02
9.579718112945556641e-02
1.571574509143829346e-01
1.861100196838378906e-01
2.009102702140808105e-01
2.084726840257644653e-01
2.162997871637344360e-01
1.665634065866470337e-01
1.626383215188980103e-01
1.645468622446060181e-01
1.727476269006729126e-01
1.788708716630935669e-01
1.825453191995620728e-01
1.840765178203582764e-01
1.839018017053604126e-01
1.823361515998840332e-01
1.797509491443634033e-01
1.763696223497390747e-01
1.648566126823425293e-01
1.661640554666519165e-01
1.624131798744201660e-01
1.591685861349105835e-01
-3.679227232933044434e-01
3.532053828239440918e-01
7.638746500015258789e-01
8.582955598831176758e-01
8.701409697532653809e-01
8.544098138809204102e-01
8.401327133178710938e-01
8.413041830062866211e-01
8.527877330780029297e-01
8.608373999595642090e-01
8.592465519905090332e-01
8.498767614364624023e-01
8.363156318664550781e-01
8.208996057510375977e-01
8.430986404418945312e-01
1.225713610649108887e+00
1.184299588203430176e+00
1.140228748321533203e+00
1.089202046394348145e+00
1.084702134132385254e+00
7.001614570617675781e-01
6.594928503036499023e-01
6.395696997642517090e-01
4.751254320144653320e-01
-5.101860761642456055e-01
-1.222039818763732910e+00
-1.220371246337890625e+00
-1.445954203605651855e+00
-1.760178208351135254e+00
-2.127686738967895508e+00
-2.654504537582397461e+00
-3.023004531860351562e+00
-2.418060064315795898e+00
-2.096739768981933594e+00
-1.741297364234924316e+00
-8.805333375930786133e-01
-8.467721343040466309e-01
-7.809003591537475586e-01
-8.881968855857849121e-01
1.578181535005569458e-01
-7.930498123168945312e-01
-9.475021362304687500e-01
-9.801954030990600586e-01
-1.102550029754638672e+00
-1.260560393333435059e+00
-1.363192677497863770e+00
-1.134648323059082031e+00
-8.425126075744628906e-01
-4.343664646148681641e-01
-3.421792387962341309e-01
-4.551201462745666504e-01
-4.012147188186645508e-01
-4.939662814140319824e-01
-8.843116164207458496e-01
-7.941961288452148438e-01
-8.038882017135620117e-01
-7.153457403182983398e-01
-4.481586217880249023e-01
-1.189616769552230835e-01
-1.536493778228759766e+00
-9.923124313354492188e-01
-9.992574453353881836e-01
-1.237851262092590332e+00
-1.453039526939392090e+00
-1.747417330741882324e+00
-9.195002317428588867e-01
-6.006514430046081543e-01
-6.717413663864135742e-01
-1.064403057098388672e+00
-1.615180373191833496e+00
-1.806812405586242676e+00
-1.828713536262512207e+00
-1.932856321334838867e+00
-1.500248074531555176e+00
-1.780505657196044922e+00
-2.117186784744262695e+00
-1.041885972023010254e+00
-6.315913796424865723e-01
-3.533349037170410156e-01
-3.985361754894256592e-02
-1.191617697477340698e-01
-5.864108204841613770e-01
-1.006683707237243652e+00
-9.173669815063476562e-01
-1.419524848461151123e-01
-5.751039981842041016e-01
-1.679594069719314575e-02
-1.947226375341415405e-01
-2.525340616703033447e-01
-8.089168369770050049e-02
-4.595623612403869629e-01
-1.787984520196914673e-01
-2.876718342304229736e-01
-3.808783888816833496e-01
-3.138676881790161133e-01
-2.869900465011596680e-01
-2.678782343864440918e-01
-2.078491598367691040e-01
-1.263123154640197754e-01
-7.391068339347839355e-02
-5.493936687707901001e-02
-5.479056388139724731e-02
-6.076972186565399170e-02
-6.598813831806182861e-02
-6.808090209960937500e-02
-6.678888201713562012e-02
-6.240380927920341492e-02
-5.529396981000900269e-02
-4.572536796331405640e-02
4.918810129165649414e-01
7.318897247314453125e-01
1.185904026031494141e+00
1.195793271064758301e+00
1.061165809631347656e+00
7.472007274627685547e-01
1.559961587190628052e-01
-8.684165477752685547e-01
-1.075026512145996094e+00
-1.483095645904541016e+00
-4.012078046798706055e-01
-1.601063162088394165e-01
-9.123878180980682373e-02
-3.930634856224060059e-01
-4.928022623062133789e-01
-3.407878875732421875e-01
-3.934684395790100098e-01
-6.018788814544677734e-01
-3.543316721916198730e-01
-6.841573715209960938e-01
-3.577333688735961914e-01
-8.451841771602630615e-02
-3.187392950057983398e-01
-5.025820136070251465e-01
-6.829504370689392090e-01
-4.201590418815612793e-01
-2.784107327461242676e-01
-3.110530972480773926e-01
-2.840684950351715088e-01
-2.581811249256134033e-01
-2.522435784339904785e-01
-2.469071894884109497e-01
-2.433906793594360352e-01
-2.411314547061920166e-01
-2.389166653156280518e-01
-2.464069277048110962e-01
1.058834046125411987e-01
7.835718989372253418e-01
8.379116654396057129e-01
7.293765544891357422e-01
6.869214177131652832e-01
6.834384799003601074e-01
6.896773576736450195e-01
6.986019015312194824e-01
7.101067900657653809e-01
7.214987277984619141e-01
7.316592931747436523e-01
7.388787269592285156e-01
7.414257526397705078e-01
7.378714084625244141e-01
7.241945266723632812e-01
2.155716270208358765e-01
4.192067682743072510e-02
1.075453013181686401e-01
4.364226013422012329e-02
-2.487121373414993286e-01
-5.090372562408447266e-01
-2.264764457941055298e-01
-3.255496621131896973e-01
-2.149298936128616333e-01
-1.705221980810165405e-01
-3.094021081924438477e-01
-3.201490640640258789e-01
-3.352059721946716309e-01
-5.525354743003845215e-01
4.023705124855041504e-01
4.529880881309509277e-01
1.081279516220092773e-01
-7.532548904418945312e-02
-1.164847254753112793e+00
-1.101341366767883301e+00
-9.697706699371337891e-01
-8.149871826171875000e-01
-7.120944857597351074e-01
-5.690172910690307617e-01
-5.412654280662536621e-01
-8.525516390800476074e-01
-1.263594985008239746e+00
-9.376929998397827148e-01
-8.577499985694885254e-01
-4.965248703956604004e-01
-2.410433292388916016e-01
-7.406186461448669434e-01
-9.120169878005981445e-01
-9.272526502609252930e-01
-1.163709044456481934e+00
-8.561545610427856445e-01
-8.397033214569091797e-01
-8.622931241989135742e-01
-8.712006807327270508e-01
-8.714834451675415039e-01
-8.678911924362182617e-01
-7.090631127357482910e-01
-8.113962411880493164e-01
-8.437852859497070312e-01
-8.325418233871459961e-01
-8.139587044715881348e-01
-7.976850271224975586e-01
-7.841562032699584961e-01
-7.733540534973144531e-01
-7.645463347434997559e-01
-7.568408250808715820e-01
-7.495043277740478516e-01
-7.420684099197387695e-01
-7.341928482055664062e-01
-5.335992574691772461e-01
-6.617348194122314453e-01
-7.222750782966613770e-01
-6.565907001495361328e-01
-6.299163103103637695e-01
-6.112715601921081543e-01
-7.433057427406311035e-01
-6.932035684585571289e-01
-6.391820907592773438e-01
-6.374214887619018555e-01
-6.198915839195251465e-01
-6.043994426727294922e-01
-5.913434028625488281e-01
-4.851480126380920410e-01
-6.143004894256591797e-01
-3.941721916198730469e-01
2.122675925493240356e-01
2.292686253786087036e-01
2.835866808891296387e-01
5.530449151992797852e-01
9.417569637298583984e-01
1.005596041679382324e+00
9.848320484161376953e-01
6.466028690338134766e-01
6.255317926406860352e-01
7.133803367614746094e-01
9.334446191787719727e-01
4.503552913665771484e-01
-2.414073050022125244e-02
-2.245826274156570435e-01
-2.516833543777465820e-01
-3.059495687484741211e-01
-4.350818991661071777e-01
-8.174518346786499023e-01
-7.369873523712158203e-01
-5.693912506103515625e-01
-6.629661321640014648e-01
-9.812777638435363770e-01
-8.840323090553283691e-01
-1.284793376922607422e+00
-1.262418270111083984e+00
-1.189649224281311035e+00
-9.594895243644714355e-01
-6.784589290618896484e-01
-1.285697817802429199e+00
-1.784439682960510254e+00
-9.822614789009094238e-01
-1.791025251150131226e-01
8.532626926898956299e-02
-9.949952960014343262e-01
-1.274866461753845215e+00
-1.365092754364013672e+00
-1.379166960716247559e+00
-1.119225025177001953e+00
-3.458395600318908691e-01
5.378676950931549072e-02
7.470293343067169189e-02
5.040557682514190674e-02
-2.319048494100570679e-01
-1.446721404790878296e-01
-1.847274750471115112e-01
-1.947332173585891724e-01
-1.225470602512359619e-01
-1.624512523412704468e-01
-1.183147281408309937e-01
-1.225059479475021362e-01
-1.974824815988540649e-01
-4.065374135971069336e-01
-3.874570727348327637e-01
-3.200527429580688477e-01
-2.829799652099609375e-01
-2.426186949014663696e-01
-2.019627541303634644e-01
-1.769020408391952515e-01
-4.498256444931030273e-01
-2.931830286979675293e-01
1.960236877202987671e-01
7.464220523834228516e-01
4.809880256652832031e-01
5.757657289505004883e-01
7.882258296012878418e-01
1.236033320426940918e+00
1.352773189544677734e+00
1.307434082031250000e+00
1.181983947753906250e+00
1.110665202140808105e+00
6.008027195930480957e-01
2.111454159021377563e-01
3.265782594680786133e-01
4.154290556907653809e-01
5.597628355026245117e-01
5.613182783126831055e-01
5.481414794921875000e-01
9.411081075668334961e-01
1.325762867927551270e+00
1.291003108024597168e+00
1.195788741111755371e+00
1.053336501121520996e+00
9.839659929275512695e-01
5.441837310791015625e-01
1.436229497194290161e-01
4.171615839004516602e-01
3.671199679374694824e-01
2.846946716308593750e-01
3.062732219696044922e-01
2.183976918458938599e-01
1.190684288740158081e-01
1.422390714287757874e-02
-1.209904402494430542e-01
-1.822175681591033936e-01
-2.002464681863784790e-01
3.578741103410720825e-02
-2.185513526201248169e-01
-2.406520545482635498e-01
-9.850582480430603027e-02
-1.899109035730361938e-01
-2.623854279518127441e-01
-3.647012710571289062e-01
-2.777076661586761475e-01
-2.174742370843887329e-01
-1.901734024286270142e-01
-3.234598040580749512e-01
1.089832931756973267e-01
-3.140251040458679199e-01
-2.913780212402343750e-01
-4.015519022941589355e-01
-8.185602426528930664e-01
-7.228823900222778320e-01
6.243291497230529785e-02
-2.292640060186386108e-01
-2.146360874176025391e-01
-3.638804554939270020e-01
-4.892042279243469238e-01
-4.001891613006591797e-01
3.876271247863769531e-01
6.861926317214965820e-01
2.183150798082351685e-01
1.105961352586746216e-01
2.411398142576217651e-01
3.531315922737121582e-01
5.104136466979980469e-01
2.607271671295166016e-01
-2.507349848747253418e-01
-1.058769822120666504e+00
-3.457059264183044434e-01
-1.905352920293807983e-01
-2.401209622621536255e-01
-1.234472393989562988e+00
-9.723280668258666992e-01
-8.910409808158874512e-01
-4.593775272369384766e-01
-3.550664782524108887e-01
-1.180135369300842285e+00
-7.411668300628662109e-01
-8.185876607894897461e-01
-6.959182620048522949e-01
-7.886176109313964844e-01
-8.060734272003173828e-01
-4.329606890678405762e-01
-5.746325850486755371e-01
-9.592049717903137207e-01
-4.922883510589599609e-01
-3.720825314521789551e-01
-3.455330729484558105e-01
4.546337127685546875e-01
6.458382010459899902e-01
6.756417453289031982e-02
2.311045080423355103e-01
-2.088090330362319946e-01
-1.847934871912002563e-01
-1.816582530736923218e-01
-2.140366286039352417e-01
-6.464493274688720703e-01
-5.985934138298034668e-01
-4.593226909637451172e-01
-6.921112537384033203e-01
-6.930001974105834961e-01
-9.376589059829711914e-01
-8.506940007209777832e-01
-9.368503093719482422e-01
-5.539137125015258789e-01
-8.640875816345214844e-01
-5.493415594100952148e-01
-8.395450115203857422e-01
-1.078697681427001953e+00
-9.189512729644775391e-01
-1.084289908409118652e+00
-9.731172919273376465e-01
-8.892735242843627930e-01
-8.660021424293518066e-01
-9.553689956665039062e-01
-8.768396377563476562e-01
-9.832474589347839355e-01
-9.061584472656250000e-01
-7.333307862281799316e-01
-8.101435899734497070e-01
-9.399043321609497070e-01
-9.511556625366210938e-01
-7.042916417121887207e-01
6.872653961181640625e-01
7.589967846870422363e-01
-9.725956618785858154e-02
5.450152158737182617e-01
2.184722572565078735e-01
1.912517696619033813e-01
1.781225353479385376e-01
3.050090670585632324e-01
2.041177004575729370e-01
1.827213615179061890e-01
-9.020034968852996826e-02
4.186706542968750000e-01
3.602976202964782715e-01
2.739914059638977051e-01
-5.180796980857849121e-02
-2.113855332136154175e-01
-1.017185077071189880e-01
6.597813218832015991e-02
-1.126353666186332703e-01
-3.569813370704650879e-01
9.108920395374298096e-02
-8.740391731262207031e-01
-4.656756520271301270e-01
6.760088205337524414e-01
1.468240767717361450e-01
-1.916970014572143555e-01
-3.230506181716918945e-02
-4.598158597946166992e-01
-2.194977998733520508e-01
-1.393649727106094360e-01
-8.799427002668380737e-02
-4.765792936086654663e-02
-2.441322430968284607e-02
-4.691694378852844238e-01
-4.257115125656127930e-01
-2.726718783378601074e-01
-1.953697055578231812e-01
-1.601884216070175171e-01
-1.309434175491333008e-01
-1.743800938129425049e-01
2.588766813278198242e-01
1.763406246900558472e-01
1.327380388975143433e-01
2.539358735084533691e-01
6.574058532714843750e-01
6.578344106674194336e-01
7.483835816383361816e-01
6.420801877975463867e-01
5.321982502937316895e-01
3.516626954078674316e-01
1.208639889955520630e-01
8.062522113323211670e-02
1.108006387948989868e-01
-1.828169077634811401e-01
-1.374188303947448730e+00
-2.052588224411010742e+00
-2.239610910415649414e+00
-1.971025347709655762e+00
-1.099939584732055664e+00
-8.184726834297180176e-01
-1.112534403800964355e+00
-1.980514883995056152e+00
-2.092791795730590820e+00
-2.028171062469482422e+00
-1.983551025390625000e+00
-1.953500390052795410e+00
-1.951076745986938477e+00
-1.276209473609924316e+00
1.447986364364624023e-01
-5.328129231929779053e-02
2.784870266914367676e-01
1.315549135208129883e+00
3.632908463478088379e-01
5.323014259338378906e-01
-1.350061595439910889e-02
1.346066445112228394e-01
4.347817897796630859e-01
5.965924263000488281e-01
7.413756251335144043e-01
3.664601445198059082e-01
5.747500807046890259e-02
-5.843270421028137207e-01
3.855889439582824707e-01
4.318257570266723633e-01
3.730131983757019043e-01
-2.854906320571899414e-01
-5.781042575836181641e-01
3.954220414161682129e-01
2.688134908676147461e-01
2.357503324747085571e-01
-5.292076468467712402e-01
-1.004261672496795654e-01
2.030905783176422119e-01
1.350870877504348755e-01
-1.524300873279571533e-01
1.141610890626907349e-01
2.185211926698684692e-01
1.738930940628051758e-01
7.368579506874084473e-03
5.808632075786590576e-02
4.622446000576019287e-02
-2.404797822237014771e-01
-1.891072094440460205e-02
2.553440928459167480e-01
1.879165321588516235e-01
1.369726210832595825e-01
8.311922848224639893e-02
1.191049814224243164e-03
5.834624171257019043e-02
1.058303564786911011e-01
2.450494021177291870e-01
-1.365598887205123901e-01
7.046838104724884033e-02
1.309655755758285522e-01
1.650008410215377808e-01
1.371944695711135864e-01
4.229091107845306396e-02
6.333579123020172119e-02
-4.642964899539947510e-02
-3.923802077770233154e-02
-5.321338772773742676e-03
8.462980389595031738e-03
2.751244604587554932e-02
4.737509787082672119e-02
6.504531204700469971e-02
5.707769095897674561e-02
8.760364353656768799e-02
8.442957699298858643e-02
8.722732961177825928e-02
1.239344328641891479e-01
2.361348122358322144e-01
2.546948194503784180e-01
2.610886693000793457e-01
2.561452388763427734e-01
4.186023771762847900e-02
2.357109040021896362e-01
2.470715492963790894e-01
2.058103084564208984e-01
3.281305730342864990e-02
2.108308225870132446e-01
4.709100127220153809e-01
4.804484844207763672e-01
4.059374928474426270e-01
2.565435767173767090e-01
3.772473335266113281e-01
4.325898885726928711e-01
4.677144289016723633e-01
4.806308746337890625e-01
3.174732923507690430e-01
5.091238021850585938e-01
5.533067584037780762e-01
1.452106684446334839e-01
-8.182023465633392334e-02
-2.044184654951095581e-01
-2.909182906150817871e-01
-1.007920950651168823e-01
5.907620191574096680e-01
6.461781263351440430e-01
7.107707262039184570e-01
5.745092630386352539e-01
5.789941549301147461e-01
6.290570497512817383e-01
3.681107163429260254e-01
1.043894648551940918e+00
1.228485941886901855e+00
1.517276167869567871e+00
1.437427878379821777e+00
1.157615184783935547e+00
9.050854444503784180e-01
1.053426861763000488e+00
1.257516503334045410e+00
1.396448254585266113e+00
1.362596750259399414e+00
9.175702929496765137e-01
8.389653563499450684e-01
8.269120454788208008e-01
7.007915973663330078e-01
4.931993484497070312e-01
4.457710385322570801e-01
3.778373599052429199e-01
2.393561750650405884e-01
2.749447524547576904e-02
-1.210187226533889771e-01
-5.574584007263183594e-01
-2.004666328430175781e+00
-2.123454809188842773e+00
-2.324873685836791992e+00
-1.643874168395996094e+00
-2.103469848632812500e+00
-2.238968849182128906e+00
-1.971295952796936035e+00
-2.076758861541748047e+00
-2.683458805084228516e+00
-2.698779821395874023e+00
-2.648813009262084961e+00
-2.615538120269775391e+00
-2.615931749343872070e+00
-2.633904695510864258e+00
-2.148395776748657227e+00
-1.462079763412475586e+00
-5.569674074649810791e-02
-1.552547067403793335e-01
-5.357005596160888672e-01
-1.363920569419860840e+00
-1.397131323814392090e+00
-1.460479140281677246e+00
-1.382815837860107422e+00
-1.539052605628967285e+00
-7.049151659011840820e-01
-1.244677901268005371e+00
-1.642007827758789062e+00
-1.435539364814758301e+00
-1.317607998847961426e+00
-1.353905320167541504e+00
-1.482149839401245117e+00
-1.581132411956787109e+00
-1.387101888656616211e+00
-8.535498976707458496e-01
-5.886389017105102539e-01
-4.811841249465942383e-01
-1.158761382102966309e+00
-1.212622374296188354e-01
-4.662213325500488281e-01
-4.011338353157043457e-01
-1.544700413942337036e-01
-3.285746276378631592e-02
7.707382440567016602e-01
2.328601330518722534e-01
-9.182682037353515625e-01
-5.090305209159851074e-01
-3.277391195297241211e-01
-3.050639629364013672e-01
-2.478088438510894775e-02
5.633881092071533203e-01
6.523904204368591309e-02
7.011225819587707520e-02
1.374555379152297974e-01
8.630375564098358154e-02
-1.051661074161529541e-01
3.383658826351165771e-02
-6.946817040443420410e-03
1.330758631229400635e-02
-1.357921212911605835e-01
-4.740346670150756836e-01
-9.015229344367980957e-01
-3.090288639068603516e-01
-3.726887702941894531e-01
-1.036683201789855957e+00
-3.682927489280700684e-01
-1.355072379112243652e+00
-9.798814058303833008e-01
-3.994691967964172363e-01
-2.844150662422180176e-01
-2.228717356920242310e-01
-9.872102737426757812e-02
4.863443970680236816e-02
1.607239395380020142e-01
2.289229780435562134e-01
2.657101750373840332e-01
2.820927500724792480e-01
2.909646034240722656e-01
2.988492250442504883e-01
3.091612458229064941e-01
3.229675889015197754e-01
4.351373910903930664e-01
7.707845568656921387e-01
9.636816978454589844e-01
9.853352308273315430e-01
5.137012600898742676e-01
4.646045565605163574e-01
3.613497614860534668e-01
1.007107347249984741e-01
-3.339611366391181946e-02
-2.728916406631469727e-01
7.744077444076538086e-01
3.440976142883300781e-01
4.240412116050720215e-01
4.507092833518981934e-01
2.201617807149887085e-01
1.830891966819763184e-01
3.952786326408386230e-02
-1.230777859687805176e+00
-1.312966227531433105e+00
-1.277699351310729980e+00
5.230043828487396240e-02
4.738293886184692383e-01
5.231013298034667969e-01
3.841245770454406738e-01
2.568544149398803711e-01
-3.177294135093688965e-01
1.040007621049880981e-01
2.634947896003723145e-01
2.459449917078018188e-01
-3.793294727802276611e-02
8.276756107807159424e-02
2.781921029090881348e-01
3.102640509605407715e-01
1.633514016866683960e-01
1.379339247941970825e-01
1.940545290708541870e-01
-1.171985268592834473e-02
-7.434189319610595703e-04
2.133427411317825317e-01
-1.591057926416397095e-01
9.626349806785583496e-02
3.188679814338684082e-01
8.036211133003234863e-03
-2.091768234968185425e-01
-9.071741700172424316e-01
-2.430834323167800903e-01
3.980273008346557617e-01
4.080060720443725586e-01
3.052438497543334961e-01
3.365953564643859863e-01
4.016682505607604980e-02
-1.048365533351898193e-01
-3.198141455650329590e-01
-2.033894658088684082e-01
-1.408730447292327881e-01
-1.974706053733825684e-01
-9.479194134473800659e-02
-2.136716991662979126e-02
-1.444159895181655884e-01
-1.221782267093658447e-01
3.228038549423217773e-01
3.215283155441284180e-02
1.037436127662658691e+00
1.233602285385131836e+00
8.382295966148376465e-01
1.305881142616271973e+00
1.378953576087951660e+00
8.778234720230102539e-01
-8.281175792217254639e-02
-1.157202839851379395e+00
-1.097773790359497070e+00
-9.729876518249511719e-01
-7.707215547561645508e-01
-3.041992187500000000e-01
4.994397759437561035e-01
1.544305533170700073e-01
3.797427415847778320e-01
7.848311066627502441e-01
7.216370105743408203e-01
5.560226440429687500e-01
-2.087419182062149048e-01
5.519177019596099854e-02
7.085099220275878906e-01
3.870223164558410645e-01
3.842101097106933594e-01
2.429254204034805298e-01
-1.437682360410690308e-01
-1.358225494623184204e-01
2.486119717359542847e-01
4.593412876129150391e-01
4.518928527832031250e-01
4.252168536186218262e-01
2.731592655181884766e-01
1.984858661890029907e-01
7.465423643589019775e-02
1.533192545175552368e-01
-1.770540326833724976e-01
-1.324412524700164795e-01
-2.703991532325744629e-01
2.562856674194335938e-01
-2.324537783861160278e-01
-4.267975687980651855e-03
-1.653557419776916504e-01
-2.217122614383697510e-01
-4.500150084495544434e-01
-5.000225901603698730e-01
-3.333365917205810547e-01
-4.059112071990966797e-01
-3.522800803184509277e-01
-3.486884832382202148e-01
-2.289116680622100830e-01
-5.432399511337280273e-01
-3.214515447616577148e-01
-4.367349743843078613e-01
-2.206720709800720215e-01
-6.368520855903625488e-02
-2.211990952491760254e-01
-1.617262959480285645e-01
-3.424213528633117676e-01
-3.227629661560058594e-01
-2.727773785591125488e-01
-2.397923171520233154e-01
-2.453099340200424194e-01
-1.040444970130920410e-01
-5.097456276416778564e-03
4.541303962469100952e-02
2.100213617086410522e-02
-2.430320978164672852e-01
-1.513283103704452515e-01
-1.147916465997695923e-01
-8.901284635066986084e-02
-5.144506692886352539e-03
3.400915265083312988e-01
1.816189289093017578e-01
3.653751611709594727e-01
8.408983945846557617e-01
9.196544885635375977e-01
7.771532535552978516e-01
9.187221527099609375e-03
1.312831193208694458e-01
1.513925194740295410e-01
3.740240633487701416e-02
-1.524207293987274170e-01
-5.950985550880432129e-01
-7.110002636909484863e-01
-5.518202185630798340e-01
-6.381989717483520508e-01
-6.729415059089660645e-01
-6.216264963150024414e-01
-6.035248041152954102e-01
-6.194930076599121094e-01
-3.775106668472290039e-01
-5.008664727210998535e-01
-5.936460494995117188e-01
-5.239784121513366699e-01
-5.179244279861450195e-01
-5.522733926773071289e-01
-5.022606849670410156e-01
-5.048340559005737305e-01
-4.861726760864257812e-01
-4.146320223808288574e-01
-7.949694395065307617e-01
-2.939999699592590332e-01
4.013265371322631836e-01
3.677849769592285156e-01
8.507277071475982666e-02
-3.910039365291595459e-02
-7.132753729820251465e-03
1.008947044610977173e-01
2.673140764236450195e-01
1.923341900110244751e-01
2.636779844760894775e-02
1.796944290399551392e-01
1.056867957115173340e+00
9.228689670562744141e-01
9.142901301383972168e-01
5.739566683769226074e-01
3.516917228698730469e-01
6.557717919349670410e-03
-1.632055193185806274e-01
-2.329101711511611938e-01
3.376209735870361328e-01
4.327830076217651367e-01
-5.717915892601013184e-01
-5.075193047523498535e-01
-3.571522235870361328e-01
-3.127584457397460938e-01
1.210275292396545410e+00
8.047330379486083984e-01
1.003100991249084473e+00
1.627652645111083984e+00
6.274341344833374023e-01
-2.834534645080566406e-01
-4.761401414871215820e-01
-6.308683156967163086e-01
-5.300450325012207031e-01
-6.589169800281524658e-02
-8.105079829692840576e-02
-3.358590006828308105e-01
-3.040313720703125000e-01
-4.950174689292907715e-02
6.447409093379974365e-02
1.235115230083465576e-01
1.986392885446548462e-01
3.568481206893920898e-01
7.955464124679565430e-01
8.597693443298339844e-01
6.480574607849121094e-01
4.835385084152221680e-01
5.861712694168090820e-01
6.725339889526367188e-01
2.751508951187133789e-01
-1.496796458959579468e-01
-2.806067466735839844e-01
-4.133846163749694824e-01
-5.307880043983459473e-01
-7.910636663436889648e-01
-1.046043276786804199e+00
-4.069116711616516113e-01
9.335735440254211426e-02
-1.574778705835342407e-01
-2.074757963418960571e-01
-3.283178806304931641e-01
-1.738564670085906982e-02
-3.573171496391296387e-01
-5.168689489364624023e-01
-5.993945598602294922e-01
-6.920226216316223145e-01
-6.110829114913940430e-01
-4.399197697639465332e-01
-3.136008381843566895e-01
-6.024633646011352539e-01
-6.782848238945007324e-01
-6.139587163925170898e-01
-6.010504961013793945e-01
-5.920796394348144531e-01
-5.788030028343200684e-01
-5.683138370513916016e-01
-5.656665563583374023e-01
-5.713845491409301758e-01
-5.836554169654846191e-01
-6.007326841354370117e-01
-6.826650500297546387e-01
-8.356842398643493652e-01
-8.794806003570556641e-01
-9.501951932907104492e-01
-1.030705094337463379e+00
-1.074198842048645020e+00
-1.098067164421081543e+00
-1.106006383895874023e+00
-1.108799576759338379e+00
-1.104902386665344238e+00
-1.073436975479125977e+00
-8.936158418655395508e-01
-5.156906843185424805e-01
-1.718083322048187256e-01
-1.239356771111488342e-01
-3.580667972564697266e-01
-4.821432828903198242e-01
-5.733782649040222168e-01
-6.032181382179260254e-01
-5.870763659477233887e-01
-5.750448703765869141e-01
-5.024223327636718750e-01
-3.396939635276794434e-01
-1.544888317584991455e-02
2.156570702791213989e-01
3.786528110504150391e-01
5.397985875606536865e-02
-1.569666415452957153e-01
-3.035250902175903320e-01
-4.770067930221557617e-01
-5.536099672317504883e-01
-3.932899832725524902e-01
-4.588384628295898438e-01
-4.906181991100311279e-02
1.588348597288131714e-01
7.416710257530212402e-03
-5.327621102333068848e-01
-6.436590552330017090e-01
-8.484227657318115234e-01
2.209257930517196655e-01
4.952983856201171875e-01
6.986576318740844727e-01
7.199406623840332031e-01
6.077698469161987305e-01
7.333260178565979004e-01
6.569705605506896973e-01
4.742330908775329590e-01
8.791466951370239258e-01
6.763150691986083984e-01
5.335627198219299316e-01
2.635633945465087891e-01
8.343906402587890625e-01
1.236292243003845215e+00
1.079004764556884766e+00
7.545332908630371094e-01
8.994199037551879883e-01
4.152466058731079102e-01
-1.523658782243728638e-01
2.651804685592651367e-01
3.834267854690551758e-01
4.618502259254455566e-01
8.297649621963500977e-01
1.049491167068481445e+00
1.763434559106826782e-01
2.878680825233459473e-01
2.228659540414810181e-01
4.046027660369873047e-01
3.907367587089538574e-01
6.207861006259918213e-02
-7.728569209575653076e-02
1.945409029722213745e-01
2.233192473649978638e-01
1.996320039033889771e-01
3.580212593078613281e-03
-1.811142265796661377e-01
-2.520863711833953857e-02
2.971507310867309570e-01
7.812470197677612305e-01
1.056456089019775391e+00
1.217556834220886230e+00
6.920231580734252930e-01
2.111755162477493286e-01
5.054935812950134277e-03
2.427393347024917603e-01
5.080223083496093750e-01
4.387342333793640137e-01
9.079812467098236084e-02
4.267367720603942871e-02
-7.432548701763153076e-02
-1.313225179910659790e-01
-9.905095398426055908e-02
-1.313644945621490479e-01
-2.839223146438598633e-01
-2.482545524835586548e-01
3.060682117938995361e-02
-1.738537698984146118e-01
-1.651759594678878784e-01
-1.413544714450836182e-01
-1.266984343528747559e-01
-3.175736069679260254e-01
-3.054053783416748047e-01
-1.362385302782058716e-01
-4.592315852642059326e-02
-1.312927603721618652e-01
-2.638654708862304688e-01
-2.962738871574401855e-01
-3.876734375953674316e-01
-2.803872227668762207e-01
-2.077988088130950928e-01
-3.333258628845214844e-01
-4.022625684738159180e-01
-4.038892388343811035e-01
-4.262800216674804688e-01
-4.368923306465148926e-01
-4.381790161132812500e-01
-3.974758982658386230e-01
-3.676884174346923828e-01
-3.565888404846191406e-01
-3.680249452590942383e-01
-4.000536799430847168e-01
-6.347284317016601562e-01
-6.698868274688720703e-01
-7.170654535293579102e-01
-6.782687902450561523e-01
-6.289523839950561523e-01
-6.055566668510437012e-01
-6.396787762641906738e-01
-6.156764030456542969e-01
-7.408621311187744141e-01
-6.191732287406921387e-01
-3.572152853012084961e-01
-3.064699172973632812e-01
-2.501257061958312988e-01
-2.940835356712341309e-01
-3.488063216209411621e-01
-4.150803089141845703e-01
-4.767423868179321289e-01
-5.261979699134826660e-01
-5.637884140014648438e-01
-3.915496468544006348e-01
-2.229130119085311890e-01
-4.413977861404418945e-01
1.558944731950759888e-01
4.747069478034973145e-01
5.487630367279052734e-01
5.938547849655151367e-01
4.826837182044982910e-01
5.862532258033752441e-01
5.173505544662475586e-01
8.424777984619140625e-01
8.483192920684814453e-01
8.218816518783569336e-01
4.020870923995971680e-01
3.713834881782531738e-01
-1.812807917594909668e-01
-1.526810288429260254e+00
-1.645134449005126953e+00
-9.206990599632263184e-01
-9.346842765808105469e-01
-1.321487903594970703e+00
-1.209697365760803223e+00
-1.433618426322937012e+00
-1.673779845237731934e+00
-1.850275158882141113e+00
-8.346500396728515625e-01
-1.073188334703445435e-01
-3.054099678993225098e-01
-2.988754510879516602e-01
-8.995498418807983398e-01
-1.101999402046203613e+00
-7.288424968719482422e-01
-6.351721286773681641e-01
-8.878626823425292969e-01
-1.019441366195678711e+00
-1.168770551681518555e+00
-9.355110526084899902e-01
-1.463445305824279785e+00
-1.519311070442199707e+00
-8.731725811958312988e-01
2.749529480934143066e-02
-2.199785858392715454e-01
-4.887102246284484863e-01
-4.904553890228271484e-01
-4.035577178001403809e-01
-3.162367939949035645e-01
2.284757047891616821e-01
3.898198008537292480e-01
3.595880866050720215e-01
1.292684376239776611e-01
-5.612730979919433594e-01
-8.604922294616699219e-01
-8.517205715179443359e-01
-1.000382229685783386e-01
-5.085788369178771973e-01
-5.235025882720947266e-01
-4.696702361106872559e-01
-1.058286666870117188e+00
-4.139092564582824707e-02
-7.177293300628662109e-04
-1.925916224718093872e-01
-5.067810416221618652e-01
-7.379423975944519043e-01
-6.225575208663940430e-01
-6.020425558090209961e-01
-3.846070766448974609e-01
-6.718792915344238281e-01
-6.455988883972167969e-01
-6.460858583450317383e-01
-4.586080312728881836e-01
-6.173655986785888672e-01
-6.549366712570190430e-01
-7.802714109420776367e-01
1.997454464435577393e-02
6.414085626602172852e-01
3.041487932205200195e-01
-1.243015378713607788e-01
1.540594846010208130e-01
9.052757918834686279e-02
-2.847151756286621094e-01
4.457854628562927246e-01
8.142933249473571777e-03
-2.137145400047302246e-01
-4.328076243400573730e-01
-3.090671896934509277e-01
-5.749259516596794128e-02
2.906834483146667480e-01
-5.294699668884277344e-01
-3.025594353675842285e-01
-1.768568009138107300e-01
-2.142895609140396118e-01
-2.188069969415664673e-01
-5.559914708137512207e-01
-5.805192589759826660e-01
-4.978771805763244629e-01
-3.615517020225524902e-01
-3.432214260101318359e-01
-3.422738313674926758e-01
-3.242839574813842773e-01
-3.507018685340881348e-01
-5.193923711776733398e-01
-1.000387310981750488e+00
-9.058548212051391602e-01
-7.779771089553833008e-01
-7.682402133941650391e-01
-7.148874998092651367e-01
-5.161617994308471680e-01
-3.425848484039306641e-01
-4.676529169082641602e-01
-2.425746172666549683e-01
-2.570374608039855957e-01
-2.396875172853469849e-01
-3.700908422470092773e-01
-9.699646830558776855e-01
-9.816380739212036133e-01
-8.638460636138916016e-01
-6.720732450485229492e-01
-2.240863740444183350e-01
-5.799034237861633301e-01
-3.700761198997497559e-01
-4.305000901222229004e-01
-8.695689588785171509e-02
4.533816576004028320e-01
5.842665433883666992e-01
2.436399012804031372e-01
2.922923564910888672e-01
2.646834850311279297e-01
4.013716578483581543e-01
4.281355738639831543e-01
3.922711014747619629e-01
5.102662742137908936e-02
-6.239025294780731201e-02
-1.404330283403396606e-01
-1.617625355720520020e+00
-1.546300768852233887e+00
-9.197111129760742188e-01
3.488926589488983154e-02
-2.135428041219711304e-01
-1.471262276172637939e-01
-2.080389112234115601e-01
-2.556551694869995117e-01
-5.506418347358703613e-01
-7.572775483131408691e-01
-7.661197185516357422e-01
-7.138808965682983398e-01
-7.112720608711242676e-01
-6.949246525764465332e-01
-5.958893299102783203e-01
-5.811171531677246094e-01
-6.024649143218994141e-01
-6.215885877609252930e-01
-6.358097791671752930e-01
-6.444217562675476074e-01
-6.479184627532958984e-01
-6.461396813392639160e-01
-6.131132841110229492e-01
-6.982362270355224609e-01
-5.927636623382568359e-01
-5.281615257263183594e-01
-4.575009942054748535e-01
-5.452979803085327148e-01
-5.481551885604858398e-01
-4.420561194419860840e-01
-4.026460051536560059e-01
-3.573548793792724609e-01
-3.278790712356567383e-01
-3.101779222488403320e-01
-3.217632770538330078e-01
-5.544645786285400391e-01
-4.510363340377807617e-01
-9.087115526199340820e-01
-5.546238422393798828e-01
-3.715078830718994141e-01
-1.631164252758026123e-01
-3.049401640892028809e-01
-8.811258077621459961e-01
-1.054802179336547852e+00
-8.669137954711914062e-01
-8.000289797782897949e-01
-6.051071882247924805e-01
-7.592352032661437988e-01
-7.563651800155639648e-01
-8.529924154281616211e-01
-8.912603855133056641e-01
-9.307329058647155762e-01
-2.223120182752609253e-01
2.304679602384567261e-01
4.205399751663208008e-01
5.677277445793151855e-01
5.951579809188842773e-01
6.048592329025268555e-01
4.626851081848144531e-01
4.217186570167541504e-01
5.161239504814147949e-01
2.275196462869644165e-01
1.964731663465499878e-01
4.480160772800445557e-02
-2.858546376228332520e-01
-1.136592984199523926e+00
-1.045893549919128418e+00
-2.241290211677551270e-01
4.088800549507141113e-01
7.479556798934936523e-01
8.040546178817749023e-01
7.420198917388916016e-01
5.883038043975830078e-01
2.389734536409378052e-01
-3.326045721769332886e-02
-5.762578248977661133e-01
-7.117958068847656250e-01
-5.681942105293273926e-01
-3.006726503372192383e-01
-3.280100226402282715e-02
-4.034083485603332520e-01
-4.919140338897705078e-01
-7.503423690795898438e-01
-8.732713460922241211e-01
-4.249408841133117676e-01
-2.589726448059082031e-01
-2.130727320909500122e-01
-3.082234263420104980e-01
-5.060604214668273926e-01
-8.618612289428710938e-01
-8.633469343185424805e-01
-7.973942756652832031e-01
-5.457651615142822266e-01
-6.787193417549133301e-01
-5.486154556274414062e-01
-7.586559057235717773e-01
-8.041538596153259277e-01
-1.050195336341857910e+00
-8.294537067413330078e-01
-7.436717748641967773e-01
-7.773208618164062500e-01
-5.439240932464599609e-01
-7.183604240417480469e-01
-6.784213781356811523e-01
-9.084482789039611816e-01
-1.372460722923278809e+00
-9.822112917900085449e-01
-7.441735267639160156e-01
-1.090258002281188965e+00
-8.368659615516662598e-01
-1.236969083547592163e-01
-4.425186514854431152e-01
-9.837939739227294922e-01
-9.206169247627258301e-01
-8.647276163101196289e-01
-6.992174386978149414e-01
-9.678753614425659180e-01
-9.300906658172607422e-01
-9.616019725799560547e-01
-8.333140611648559570e-01
-7.698079347610473633e-01
-7.136448025703430176e-01
-6.700506210327148438e-01
-6.374756097793579102e-01
-5.833477973937988281e-01
-5.929481983184814453e-01
-5.563238859176635742e-01
-4.895367622375488281e-01
-6.476187705993652344e-01
-5.054792165756225586e-01
-3.899757862091064453e-01
-4.165337085723876953e-01
-5.309960842132568359e-01
-4.790400266647338867e-01
-3.262079358100891113e-01
