8.286681175231933594e-01
5.369966626167297363e-01
6.394389867782592773e-01
9.175487756729125977e-01
-2.432963401079177856e-01
1.848236471414566040e-01
-8.770956099033355713e-02
-2.280954830348491669e-02
-6.935768127441406250e-01
-4.961384236812591553e-01
-5.059686303138732910e-01
-6.555471420288085938e-01
-7.870057821273803711e-01
-8.317768573760986328e-01
-8.551415205001831055e-01
-8.712478876113891602e-01
-8.680490255355834961e-01
-8.445650339126586914e-01
-8.101723194122314453e-01
-7.722735404968261719e-01
-7.357920408248901367e-01
-7.000216245651245117e-01
-6.673836708068847656e-01
-6.391364336013793945e-01
-6.168889999389648438e-01
-5.991654992103576660e-01
-5.822193026542663574e-01
-5.700690746307373047e-01
-5.602232217788696289e-01
-5.515999794006347656e-01
-5.428510308265686035e-01
-5.340895056724548340e-01
-5.245319008827209473e-01
-5.293786525726318359e-01
-5.149828195571899414e-01
-2.148336023092269897e-01
-2.642364203929901123e-01
-6.122211217880249023e-01
-5.477244853973388672e-01
-5.294419527053833008e-01
-4.923537075519561768e-01
-4.607012867927551270e-01
3.291569650173187256e-02
4.040427505970001221e-02
9.734557941555976868e-03
-1.195137351751327515e-01
2.469034679234027863e-02
9.136064350605010986e-02
2.989997155964374542e-02
-4.293517768383026123e-02
-1.782210320234298706e-01
8.483593165874481201e-02
1.053455024957656860e-01
1.324129253625869751e-01
1.097601205110549927e-01
-5.459816753864288330e-02
-7.684823274612426758e-01
-7.111535072326660156e-01
-5.478537082672119141e-01
-4.451494514942169189e-01
-3.714374303817749023e-01
-3.080153763294219971e-01
-3.368371725082397461e-02
6.965922117233276367e-01
7.548363804817199707e-01
7.884287238121032715e-01
8.347791433334350586e-01
4.373069107532501221e-02
3.337365388870239258e-01
-7.166652679443359375e-01
-7.242446541786193848e-01
-5.464199781417846680e-01
-3.719696104526519775e-01
9.811543226242065430e-01
7.051755189895629883e-01
-2.693636417388916016e-01
-6.681343317031860352e-01
1.503700017929077148e+00
9.937183856964111328e-01
9.941911697387695312e-01
6.358282566070556641e-01
5.832211971282958984e-01
1.163196921348571777e+00
1.382023096084594727e+00
1.313398957252502441e+00
1.209977149963378906e+00
1.190213441848754883e+00
1.205872178077697754e+00
1.280142784118652344e+00
6.244109869003295898e-01
4.834587872028350830e-01
7.565164566040039062e-01
7.540355920791625977e-01
7.333909273147583008e-01
8.000125885009765625e-01
7.246208190917968750e-01
-4.318155944347381592e-01
-1.100374817848205566e+00
-1.134206175804138184e+00
-1.289164066314697266e+00
-1.124207139015197754e+00
-4.403654038906097412e-01
-1.992238014936447144e-01
1.512410193681716919e-01
-1.011741906404495239e-01
3.770428299903869629e-01
-1.807457059621810913e-01
-8.616787195205688477e-01
-7.864381074905395508e-01
-5.349290370941162109e-01
1.646894961595535278e-01
3.716095983982086182e-01
4.708541631698608398e-01
5.938000679016113281e-01
5.671007633209228516e-01
5.154610872268676758e-01
4.617540240287780762e-01
4.755235016345977783e-01
6.674169898033142090e-01
7.236890792846679688e-01
5.266784429550170898e-01
1.175176948308944702e-01
-9.996490478515625000e-01
-5.431764125823974609e-01
-3.735865354537963867e-01
-3.070759475231170654e-01
-2.457679510116577148e-01
-2.729099094867706299e-01
-2.498147040605545044e-01
-2.420966029167175293e-01
-2.678585350513458252e-01
-3.143901228904724121e-01
-1.987462937831878662e-01
-2.609818875789642334e-01
-3.250195682048797607e-01
-3.277814984321594238e-01
-3.296774625778198242e-01
-3.191983997821807861e-01
-3.157137930393218994e-01
-2.941118180751800537e-01
-6.325750350952148438e-01
-3.934567868709564209e-01
-2.088745385408401489e-01
-2.169485837221145630e-01
-2.103071361780166626e-01
-1.902199834585189819e-01
-1.642837226390838623e-01
-1.291681379079818726e-01
-8.616194128990173340e-02
-3.405724465847015381e-02
2.525525391101837158e-01
3.170835673809051514e-01
1.308347731828689575e-01
-1.545041054487228394e-01
3.367781341075897217e-01
-3.826034367084503174e-01
-2.325915843248367310e-01
-1.100218743085861206e-01
4.363188445568084717e-01
-3.212866485118865967e-01
3.527320027351379395e-01
3.387744426727294922e-01
1.640147417783737183e-01
7.494403719902038574e-01
4.634623229503631592e-01
-5.744171142578125000e-01
-2.496384829282760620e-01
-2.136593908071517944e-01
-4.034380614757537842e-01
-2.722937166690826416e-01
-4.939738810062408447e-01
-1.179323196411132812e+00
1.094169765710830688e-01
-3.817690312862396240e-01
-2.697041034698486328e-01
-7.663947939872741699e-01
-7.036532163619995117e-01
6.381227970123291016e-01
9.728698134422302246e-01
6.988655924797058105e-01
1.211192965507507324e+00
-8.453473448753356934e-02
-2.134537547826766968e-01
1.850946992635726929e-01
-4.772920906543731689e-01
2.268241196870803833e-01
3.453386425971984863e-01
1.547517925500869751e-01
-1.503147363662719727e+00
-2.095276117324829102e+00
-2.402797460556030273e+00
-1.245005130767822266e+00
-4.299465715885162354e-01
3.968136012554168701e-01
3.704991042613983154e-01
1.867572218179702759e-01
-2.484272234141826630e-02
-5.481214523315429688e-01
-6.568655967712402344e-01
-7.896304130554199219e-01
-1.660871863365173340e+00
-2.497416019439697266e+00
-2.323264360427856445e+00
1.379100561141967773e+00
4.573545157909393311e-01
1.514201313257217407e-01
4.661072790622711182e-02
6.080235540866851807e-02
8.545286953449249268e-02
9.008053541183471680e-01
7.691862583160400391e-01
6.855742335319519043e-01
6.505200266838073730e-01
6.199954748153686523e-01
5.772727727890014648e-01
5.015525221824645996e-01
4.454177916049957275e-01
2.563848793506622314e-01
2.179349809885025024e-01
4.568037092685699463e-01
1.569874048233032227e+00
7.129858732223510742e-01
5.962529182434082031e-01
4.576023817062377930e-01
1.932051032781600952e-01
-2.136753648519515991e-01
3.354619145393371582e-01
-2.595258653163909912e-01
4.745820462703704834e-01
1.628368049860000610e-01
-6.116050481796264648e-01
-4.432849884033203125e-01
-4.041660726070404053e-01
-3.942995369434356689e-01
-3.758139312267303467e-01
-3.737162053585052490e-01
-3.748211860656738281e-01
-3.762224316596984863e-01
-2.041925936937332153e-01
1.600064784288406372e-01
-2.992444634437561035e-01
-3.724765777587890625e-01
-3.971612751483917236e-01
-3.987870514392852783e-01
-3.292795121669769287e-01
-4.543053805828094482e-01
-3.738806545734405518e-01
-2.478191703557968140e-01
-5.065177083015441895e-01
-4.630606770515441895e-01
-4.633868932723999023e-01
-4.722713232040405273e-01
-4.396508336067199707e-01
-2.979021370410919189e-01
1.704791933298110962e-01
-1.813623756170272827e-01
-1.321704834699630737e-01
-1.388155966997146606e-01
-1.512969881296157837e-01
-2.904759347438812256e-01
-1.527049988508224487e-01
-5.288983881473541260e-02
-8.606801927089691162e-02
5.808012560009956360e-03
-3.714253604412078857e-01
-4.524277150630950928e-01
-4.021086096763610840e-01
8.505548536777496338e-02
4.488879740238189697e-01
-3.754009604454040527e-01
-2.325402498245239258e-01
-6.383642554283142090e-01
-1.918713450431823730e-01
-6.400225162506103516e-01
-1.368510276079177856e-01
-5.633844137191772461e-01
-6.182986497879028320e-01
-4.275484979152679443e-01
1.044270545244216919e-01
-2.803941071033477783e-01
5.558358132839202881e-02
5.336227416992187500e-01
7.114695906639099121e-01
6.455000638961791992e-01
5.636581182479858398e-01
6.655099987983703613e-01
7.083499431610107422e-01
7.028144001960754395e-01
6.943781375885009766e-01
6.890648603439331055e-01
6.249040365219116211e-01
5.036750435829162598e-01
2.523266971111297607e-01
-2.196028232574462891e-01
-2.938221096992492676e-01
-1.853886246681213379e-01
-3.508894741535186768e-01
2.085958719253540039e-01
-2.773607373237609863e-01
2.271327376365661621e-01
1.405986398458480835e-01
-3.957947343587875366e-02
-6.469404324889183044e-03
-1.164802722632884979e-02
8.764491975307464600e-02
1.135051622986793518e-01
2.024116814136505127e-01
6.870814561843872070e-01
7.522910833358764648e-01
8.034857511520385742e-01
7.892487049102783203e-01
8.059625029563903809e-01
9.647480845451354980e-01
9.498682618141174316e-01
9.022272825241088867e-01
8.957291841506958008e-01
9.029158949851989746e-01
8.614071607589721680e-01
9.843153953552246094e-01
8.823784589767456055e-01
8.946248888969421387e-01
8.978731632232666016e-01
8.819627761840820312e-01
8.500249385833740234e-01
8.017569780349731445e-01
7.420421838760375977e-01
7.083125114440917969e-01
7.718992233276367188e-01
8.974968194961547852e-01
6.352873444557189941e-01
3.979033827781677246e-01
3.949759900569915771e-01
3.334733247756958008e-01
4.364811778068542480e-01
3.613012433052062988e-01
4.062713384628295898e-01
3.955681622028350830e-01
6.571681499481201172e-01
2.553287446498870850e-01
4.675376117229461670e-01
4.070372581481933594e-01
6.303250789642333984e-01
4.074034988880157471e-01
8.431485891342163086e-01
7.269364595413208008e-01
6.968132853507995605e-01
6.050361990928649902e-01
1.655272722244262695e+00
1.137060880661010742e+00
-1.994494907557964325e-02
2.679602205753326416e-01
3.668291568756103516e-01
2.597737610340118408e-01
7.527841627597808838e-02
6.471826136112213135e-02
1.664173156023025513e-01
8.283849954605102539e-01
4.980982840061187744e-01
9.632168412208557129e-01
9.147804379463195801e-01
9.597426652908325195e-01
2.189447171986103058e-02
2.511232532560825348e-02
-2.206716090440750122e-01
-2.884164750576019287e-01
-2.711003124713897705e-01
-2.576623857021331787e-01
-2.741855084896087646e-01
-3.433787226676940918e-01
-3.244420588016510010e-01
-1.565727293491363525e-01
-1.562132686376571655e-01
-1.100561916828155518e-01
-1.942159049212932587e-02
1.259120702743530273e-01
3.077637255191802979e-01
3.242239654064178467e-01
3.390432596206665039e-01
3.634540736675262451e-01
8.326911926269531250e-01
6.445291042327880859e-01
-8.018124103546142578e-02
4.602821171283721924e-02
6.652755141258239746e-01
3.358577787876129150e-01
2.778611481189727783e-01
4.557537138462066650e-01
3.462300002574920654e-01
7.695394158363342285e-01
4.572027325630187988e-01
3.224678337574005127e-01
3.917565941810607910e-01
4.112391769886016846e-01
3.070341348648071289e-01
2.862653434276580811e-01
2.551043927669525146e-01
2.305188477039337158e-01
2.152687758207321167e-01
2.011198699474334717e-01
5.536917448043823242e-01
-8.151793479919433594e-02
1.153519749641418457e-01
2.789506502449512482e-02
2.933144755661487579e-02
8.278550580143928528e-03
2.829560339450836182e-01
8.653873205184936523e-01
-3.804869204759597778e-02
5.571925044059753418e-01
1.177275367081165314e-02
-3.401535749435424805e-02
1.071227192878723145e-01
5.294014513492584229e-02
1.344570666551589966e-01
1.047894060611724854e-01
1.475192010402679443e-01
1.360322833061218262e-01
1.588412523269653320e-01
1.544081419706344604e-01
1.640147715806961060e-01
1.641420423984527588e-01
1.695314049720764160e-01
1.668260395526885986e-01
3.200443387031555176e-01
2.389255613088607788e-01
2.999615073204040527e-01
7.499730587005615234e-01
-9.523664414882659912e-02
8.444316685199737549e-02
-1.548486202955245972e-01
-3.422943055629730225e-01
-9.301671981811523438e-01
-1.370135188102722168e+00
-2.523024320602416992e+00
-9.062549471855163574e-01
5.333729088306427002e-02
-4.931070506572723389e-01
-2.747140228748321533e-01
-2.170641534030437469e-02
3.521245419979095459e-01
8.454942107200622559e-01
8.519909977912902832e-01
1.056294918060302734e+00
-4.706393182277679443e-01
-2.458500713109970093e-01
-3.908860385417938232e-01
-4.226574301719665527e-01
-6.169529557228088379e-01
-4.908294379711151123e-01
9.093393385410308838e-02
-3.863997161388397217e-01
-3.888327777385711670e-01
-8.610833287239074707e-01
-5.278984904289245605e-01
-3.602398335933685303e-01
-2.796204388141632080e-01
-9.971380233764648438e-01
-3.570724427700042725e-01
-1.009791158139705658e-02
2.524483799934387207e-01
2.786617875099182129e-01
-3.220509290695190430e-01
-3.959783613681793213e-01
-2.251776903867721558e-01
-6.933365762233734131e-02
3.907252848148345947e-01
2.214920073747634888e-01
1.179010152816772461e+00
1.308496117591857910e+00
2.738259732723236084e-01
2.051820047199726105e-02
1.141847521066665649e-01
-4.107008874416351318e-01
1.321901567280292511e-02
7.601791620254516602e-01
-1.512870043516159058e-01
5.430065393447875977e-01
-8.769939839839935303e-02
1.396844744682312012e+00
5.764796733856201172e-01
4.995336532592773438e-01
7.900112867355346680e-01
9.452126026153564453e-01
4.093194901943206787e-01
6.351601481437683105e-01
1.567919552326202393e-01
3.322662413120269775e-01
4.146422147750854492e-01
4.564431607723236084e-01
4.815090596675872803e-01
4.804294407367706299e-01
5.084364414215087891e-01
5.337430834770202637e-01
8.871043920516967773e-01
4.323832690715789795e-01
9.685048460960388184e-01
7.515057921409606934e-01
6.587499380111694336e-01
6.658682227134704590e-01
5.333186388015747070e-01
9.422268867492675781e-01
-1.273430585861206055e+00
-1.788872718811035156e+00
-1.101446390151977539e+00
-1.874830275774002075e-01
-3.795680701732635498e-01
-9.502135515213012695e-01
1.223636627197265625e+00
8.374021053314208984e-01
3.931275308132171631e-01
2.251052260398864746e-01
9.428945779800415039e-01
4.459076225757598877e-01
1.775206476449966431e-01
4.955245852470397949e-01
5.445624589920043945e-01
-1.591877639293670654e-01
-1.600968539714813232e-01
1.108528859913349152e-02
6.365833282470703125e-01
6.299738287925720215e-01
6.605257987976074219e-01
4.703841507434844971e-01
6.726650595664978027e-01
9.332715272903442383e-01
1.126655220985412598e+00
1.102828621864318848e+00
1.015993356704711914e+00
9.912878274917602539e-01
1.199063539505004883e+00
6.249315142631530762e-01
7.694526314735412598e-01
1.221623659133911133e+00
1.785914778709411621e+00
9.204631447792053223e-01
4.752756655216217041e-01
1.824411004781723022e-01
-2.930382192134857178e-01
-3.160510361194610596e-01
-3.144958019256591797e-01
-3.865918815135955811e-01
-5.696315169334411621e-01
-8.706288337707519531e-01
-9.678198695182800293e-01
-9.765267372131347656e-01
-9.919787049293518066e-01
-1.028714656829833984e+00
-1.105789661407470703e+00
-1.174391269683837891e+00
-1.154767513275146484e+00
-1.036777257919311523e+00
-8.848759531974792480e-01
-2.098449468612670898e+00
-2.155571937561035156e+00
-2.408877611160278320e+00
-2.531418323516845703e+00
-2.639891386032104492e+00
-2.793855905532836914e+00
-2.823192358016967773e+00
-2.887007951736450195e+00
-1.881803154945373535e+00
-1.911577939987182617e+00
-1.780235052108764648e+00
-2.614031553268432617e+00
-3.187895298004150391e+00
-3.003129720687866211e+00
-2.624530553817749023e+00
-5.845474004745483398e-01
-6.042164564132690430e-01
2.113725244998931885e-01
-5.566197633743286133e-01
-6.666949987411499023e-01
-7.093749642372131348e-01
4.994938075542449951e-01
1.456494815647602081e-02
1.079420685768127441e+00
9.343214333057403564e-02
-6.207624673843383789e-01
-5.845212340354919434e-01
-6.873855590820312500e-01
-7.097373604774475098e-01
-6.557760834693908691e-01
1.365742802619934082e+00
1.217932701110839844e+00
1.076577067375183105e+00
9.447277784347534180e-01
8.772003054618835449e-01
-2.868442051112651825e-02
5.507776737213134766e-01
7.106225490570068359e-01
1.355281114578247070e+00
1.257367849349975586e+00
6.762402653694152832e-01
2.828454077243804932e-01
-1.179697364568710327e-01
-5.610686540603637695e-01
-6.509565711021423340e-01
-4.290169477462768555e-01
7.534160614013671875e-01
2.679657340049743652e-01
4.989764988422393799e-01
1.476310342550277710e-01
5.049822330474853516e-01
5.839589834213256836e-01
4.581284821033477783e-01
4.535747170448303223e-01
4.237297773361206055e-01
4.284279048442840576e-01
4.801065325736999512e-01
5.181697010993957520e-01
6.246281862258911133e-01
5.594772696495056152e-01
2.897436320781707764e-01
2.416628450155258179e-01
6.177160143852233887e-01
6.699329614639282227e-01
5.251534581184387207e-01
4.992607831954956055e-01
5.166127681732177734e-01
5.613189935684204102e-01
5.643430948257446289e-01
7.563504576683044434e-01
6.314408183097839355e-01
6.451493501663208008e-01
9.902948141098022461e-01
8.391382694244384766e-01
7.509562373161315918e-01
6.888284683227539062e-01
7.014681100845336914e-01
7.306843996047973633e-01
7.641978263854980469e-01
8.470589518547058105e-01
8.523354530334472656e-01
8.607127070426940918e-01
7.555642724037170410e-01
7.406102418899536133e-01
6.007407903671264648e-01
7.751103639602661133e-01
7.839113473892211914e-01
9.398534297943115234e-01
8.161714076995849609e-01
8.344074487686157227e-01
8.476737737655639648e-01
8.451911211013793945e-01
9.714155197143554688e-01
1.114763259887695312e+00
1.204856395721435547e+00
1.077770709991455078e+00
1.157299041748046875e+00
1.273590683937072754e+00
1.161983847618103027e+00
1.015413641929626465e+00
1.417877078056335449e+00
9.749867320060729980e-01
6.502735018730163574e-01
4.665476083755493164e-01
4.611741900444030762e-01
-7.895185053348541260e-02
-1.381229609251022339e-01
1.527882665395736694e-01
-4.911603033542633057e-02
3.210515081882476807e-01
-1.093379966914653778e-02
-1.968674510717391968e-01
-1.891152411699295044e-01
2.280019409954547882e-02
5.383582711219787598e-01
6.752409040927886963e-02
4.649639427661895752e-01
-6.256897449493408203e-01
-5.952683687210083008e-01
7.706223130226135254e-01
1.108766078948974609e+00
7.309539318084716797e-01
7.181735336780548096e-02
-4.469867646694183350e-01
-4.448485076427459717e-01
-4.189549982547760010e-01
-4.682393968105316162e-01
-4.890944063663482666e-01
-4.993700683116912842e-01
-5.623079538345336914e-01
-1.148773590102791786e-03
-2.547746896743774414e-01
-3.670063018798828125e-01
-4.238652586936950684e-01
6.810902357101440430e-01
-1.222565621137619019e-01
-3.142507374286651611e-01
2.625351250171661377e-01
4.106571972370147705e-01
1.650890856981277466e-01
-1.587306737899780273e+00
-1.755937337875366211e+00
-3.069128692150115967e-01
1.634075194597244263e-01
9.177521467208862305e-01
2.175368070602416992e+00
1.002011299133300781e+00
1.089661359786987305e+00
1.702478289604187012e+00
2.411504507064819336e+00
2.690822601318359375e+00
2.608459472656250000e+00
2.451436758041381836e+00
1.759129762649536133e+00
1.447149515151977539e+00
1.918352991342544556e-01
1.048127561807632446e-01
2.686621248722076416e-01
-2.176910489797592163e-01
2.295353561639785767e-01
2.397151142358779907e-01
-5.058668255805969238e-01
-1.392413258552551270e+00
-1.600656151771545410e+00
-9.051027297973632812e-01
-1.645714759826660156e+00
-5.232579112052917480e-01
-5.357895493507385254e-01
-1.147737979888916016e+00
-1.258370876312255859e+00
-1.127624034881591797e+00
-9.627631902694702148e-01
-8.566445708274841309e-01
-8.479833006858825684e-01
-2.893682718276977539e-01
-5.365594029426574707e-01
-1.873849183320999146e-01
-1.413279026746749878e-01
-4.787279292941093445e-03
2.046400159597396851e-01
5.165319442749023438e-01
6.168254613876342773e-01
6.583081483840942383e-01
5.839455127716064453e-01
1.449168920516967773e+00
4.266710877418518066e-01
9.193673133850097656e-01
5.320842862129211426e-01
1.681244015693664551e+00
-6.237862110137939453e-01
3.715271353721618652e-01
2.440637201070785522e-01
2.481203824281692505e-01
-4.380994439125061035e-01
-8.185824155807495117e-01
-6.384013891220092773e-01
-6.054916977882385254e-01
-3.354860246181488037e-01
-7.281787991523742676e-01
-4.338647425174713135e-01
-3.383665382862091064e-01
-4.347687661647796631e-01
-3.769104778766632080e-01
-1.497623324394226074e-01
-1.154667288064956665e-01
-2.510419301688671112e-02
5.508886650204658508e-03
1.019226312637329102e-01
-4.705204069614410400e-02
-7.711857557296752930e-01
-4.387057721614837646e-01
-8.362023234367370605e-01
-7.338041067123413086e-01
-5.843923687934875488e-01
-4.657248556613922119e-01
-2.489818185567855835e-01
-1.040922552347183228e-01
-2.647714912891387939e-01
-2.966211438179016113e-01
-9.472899138927459717e-02
-1.735649257898330688e-01
-1.403481811285018921e-01
4.304558038711547852e-02
1.276458650827407837e-01
2.036874741315841675e-01
1.535461097955703735e-01
3.377998173236846924e-01
3.344003260135650635e-01
2.571947574615478516e-01
2.195559442043304443e-01
2.049579471349716187e-01
2.027333527803421021e-01
1.994230896234512329e-01
2.180476039648056030e-01
1.693482100963592529e-01
1.696081608533859253e-01
1.952913701534271240e-01
1.187737464904785156e+00
4.468082487583160400e-01
3.138289153575897217e-01
4.408768117427825928e-01
6.298215985298156738e-01
1.754332929849624634e-01
6.112112402915954590e-01
7.319464683532714844e-01
1.667243003845214844e+00
2.731150388717651367e+00
2.408298730850219727e+00
2.089831113815307617e+00
1.224480390548706055e+00
4.665342867374420166e-01
5.364968180656433105e-01
4.035723209381103516e-01
5.349814295768737793e-01
5.599457025527954102e-01
7.462967634201049805e-01
1.649457216262817383e+00
5.742923617362976074e-01
-2.406897097826004028e-01
-2.171828299760818481e-01
-3.579979538917541504e-01
-4.160104691982269287e-01
-7.215766906738281250e-01
-7.844825983047485352e-01
3.123656809329986572e-01
9.778602421283721924e-02
2.896438539028167725e-01
3.152131140232086182e-01
8.567523360252380371e-01
5.050379037857055664e-01
7.598828077316284180e-01
2.907061576843261719e-01
3.805545568466186523e-01
4.609261751174926758e-01
4.917844533920288086e-01
8.247323632240295410e-01
4.072387516498565674e-01
2.579648196697235107e-01
8.384953141212463379e-01
4.164610803127288818e-01
2.804403901100158691e-01
8.688865303993225098e-01
6.609999537467956543e-01
5.648719668388366699e-01
2.197879999876022339e-01
-1.379989981651306152e-01
-2.186359316110610962e-01
6.933163404464721680e-01
8.074234724044799805e-01
3.639703094959259033e-01
-2.995088398456573486e-01
-7.306749820709228516e-01
1.443788409233093262e+00
1.743039637804031372e-01
1.265084892511367798e-01
4.546515643596649170e-01
2.822985351085662842e-01
2.876982986927032471e-01
2.063786834478378296e-01
3.087268956005573273e-02
-3.291769325733184814e-02
4.501325190067291260e-01
2.910877466201782227e-01
2.083390206098556519e-01
1.949795931577682495e-01
2.544696629047393799e-01
3.290836215019226074e-01
4.377898573875427246e-01
5.783010721206665039e-01
6.737492084503173828e-01
8.369851112365722656e-01
8.681067228317260742e-01
7.225947380065917969e-01
7.414307594299316406e-01
5.156109333038330078e-01
-4.085762426257133484e-03
7.016719579696655273e-01
5.006576776504516602e-01
3.916113376617431641e-01
1.173623651266098022e-01
3.129075467586517334e-02
4.147486388683319092e-02
5.394468903541564941e-01
9.197063446044921875e-01
3.213914930820465088e-01
-8.165297508239746094e-01
3.453215956687927246e-01
7.522960305213928223e-01
1.281839609146118164e+00
1.289937496185302734e+00
1.218860507011413574e+00
1.212344288825988770e+00
1.168544292449951172e+00
-1.575707942247390747e-01
-3.569432199001312256e-01
-5.022074580192565918e-01
-4.528889358043670654e-01
-7.248732447624206543e-01
-6.053019762039184570e-01
-3.710775077342987061e-01
-2.204657346010208130e-01
-2.677842676639556885e-01
-2.310832589864730835e-01
-7.354289293289184570e-02
-1.803330332040786743e-01
-6.955636739730834961e-01
-9.887952208518981934e-01
2.021692097187042236e-01
-5.433049201965332031e-01
-5.301642417907714844e-01
5.355080962181091309e-02
-2.101072520017623901e-01
-1.662454903125762939e-01
2.495290525257587433e-02
-1.885409466922283173e-02
4.063452780246734619e-02
7.563269138336181641e-02
-1.565430611371994019e-01
1.930760033428668976e-02
-1.562904119491577148e-01
2.329101264476776123e-01
2.274459749460220337e-01
2.942212224006652832e-01
4.731521308422088623e-01
5.521466732025146484e-01
2.794631421566009521e-01
2.819257378578186035e-01
5.203722715377807617e-01
3.239295780658721924e-01
7.490190267562866211e-01
2.692868411540985107e-01
3.926483392715454102e-01
6.547436714172363281e-01
5.926653742790222168e-01
4.147798120975494385e-01
7.414546012878417969e-01
2.639776170253753662e-01
3.558622598648071289e-01
3.402807116508483887e-01
3.391651809215545654e-01
3.354080915451049805e-01
7.361973524093627930e-01
5.199850201606750488e-01
3.956176936626434326e-01
3.957240879535675049e-01
3.666453063488006592e-01
4.166335165500640869e-01
1.128120899200439453e+00
4.335564076900482178e-01
4.904228150844573975e-01
5.083566904067993164e-01
1.284793972969055176e+00
3.660336136817932129e-01
6.615006327629089355e-01
1.035221099853515625e+00
1.290445208549499512e+00
6.761330962181091309e-01
1.368903279304504395e+00
1.057726979255676270e+00
6.084361672401428223e-01
1.428990602493286133e+00
8.088841438293457031e-01
8.002335429191589355e-01
1.398373603820800781e+00
4.012184143066406250e-01
9.906520843505859375e-01
7.386108636856079102e-01
8.142060637474060059e-01
8.753133416175842285e-01
1.926402330398559570e+00
1.820252180099487305e+00
5.174495577812194824e-01
4.387621879577636719e-01
1.058519840240478516e+00
1.051925301551818848e+00
9.034081101417541504e-01
8.126007318496704102e-01
8.879765272140502930e-01
1.921270042657852173e-01
8.525078296661376953e-01
4.565105140209197998e-01
-2.848160266876220703e-01
-1.022128820419311523e+00
-1.299331426620483398e+00
-1.305918455123901367e+00
-1.414084434509277344e+00
-1.551727294921875000e+00
-1.357717275619506836e+00
-8.022519350051879883e-01
-1.479471445083618164e+00
-1.411124110221862793e+00
-1.262299418449401855e+00
-1.169607877731323242e+00
-1.272545933723449707e+00
-2.865463197231292725e-01
-5.573387145996093750e-01
-5.897434353828430176e-01
-7.514991760253906250e-01
-2.383084148168563843e-01
-2.156073302030563354e-01
-7.133852839469909668e-01
-8.073710799217224121e-01
9.009458124637603760e-02
1.479969173669815063e-01
1.798336654901504517e-01
-1.179385632276535034e-01
2.872947156429290771e-01
8.897770941257476807e-02
2.984028160572052002e-01
1.348710805177688599e-01
4.914532005786895752e-01
-3.127377331256866455e-01
1.776105910539627075e-01
1.699167847633361816e+00
2.686529874801635742e+00
1.878215312957763672e+00
2.379226207733154297e+00
1.285697706043720245e-02
7.773136496543884277e-01
4.176405072212219238e-01
-1.351763457059860229e-01
-2.915568351745605469e-01
2.520642578601837158e-01
3.463530242443084717e-01
2.136785686016082764e-01
-1.681053936481475830e-01
-3.713495731353759766e-01
5.874221920967102051e-01
-1.843754798173904419e-01
2.233979105949401855e-01
-7.854949235916137695e-01
3.070845305919647217e-01
5.383773148059844971e-02
2.131881006062030792e-02
-2.725706808269023895e-02
-2.013003677129745483e-01
-1.036857724189758301e+00
-4.115062654018402100e-01
-5.543502569198608398e-01
-8.637956380844116211e-01
-1.007775425910949707e+00
-1.080137968063354492e+00
-1.049497246742248535e+00
-9.507141113281250000e-01
-2.002021551132202148e+00
-1.605059862136840820e+00
-1.340166568756103516e+00
-4.312565028667449951e-01
-8.938902616500854492e-01
-5.421446263790130615e-02
-5.898830294609069824e-01
-3.974320590496063232e-01
3.754625022411346436e-01
7.601943016052246094e-01
1.716166883707046509e-01
-9.343047142028808594e-01
-1.269909858703613281e+00
-6.668355464935302734e-01
-7.938650846481323242e-01
-8.265284299850463867e-01
-8.319153785705566406e-01
2.124946862459182739e-01
-4.212774932384490967e-01
1.284984648227691650e-01
-4.380330145359039307e-01
-4.594249725341796875e-01
-4.442649781703948975e-01
3.872460424900054932e-01
1.474794447422027588e-01
-3.697636723518371582e-02
5.371064543724060059e-01
6.484188437461853027e-01
7.693717479705810547e-01
5.368151664733886719e-01
-1.875359863042831421e-01
2.207153886556625366e-01
7.876427471637725830e-02
3.220699727535247803e-02
4.400125145912170410e-02
7.157799601554870605e-02
4.281027317047119141e-01
1.191403120756149292e-01
1.373921334743499756e-01
1.361208558082580566e-01
1.446611434221267700e-01
1.523531675338745117e-01
1.180766075849533081e-01
8.980400860309600830e-02
9.128680825233459473e-02
9.991107881069183350e-02
1.135752499103546143e-01
1.010916084051132202e-01
7.727389037609100342e-02
8.355948328971862793e-02
1.053317934274673462e-01
1.268517076969146729e-01
9.491853415966033936e-02
3.890836834907531738e-01
1.119824647903442383e-01
1.200957782566547394e-02
3.897970914840698242e-02
7.358600199222564697e-02
1.030378341674804688e-01
8.779793977737426758e-02
1.756986826658248901e-01
7.976326346397399902e-02
4.716950654983520508e-02
8.478322625160217285e-02
1.142575293779373169e-01
7.392749190330505371e-02
3.390510976314544678e-01
4.616929590702056885e-01
5.103048086166381836e-01
5.523468852043151855e-01
5.173536539077758789e-01
3.205868601799011230e-01
8.949189186096191406e-01
9.398002624511718750e-01
4.669827520847320557e-01
-8.179458975791931152e-01
-5.742408037185668945e-01
-8.629019260406494141e-01
-4.694511592388153076e-01
3.548467457294464111e-01
2.666375935077667236e-01
-1.546627432107925415e-01
4.925446212291717529e-02
6.769748032093048096e-02
2.657014317810535431e-02
-2.580402651801705360e-03
-1.550887338817119598e-02
2.016675658524036407e-02
1.571156084537506104e-01
1.465770751237869263e-01
5.037660002708435059e-01
5.946711897850036621e-01
6.166979074478149414e-01
6.257606148719787598e-01
4.882895946502685547e-01
3.370163440704345703e-01
8.315283060073852539e-02
4.605991542339324951e-01
-4.148716032505035400e-01
-2.719753384590148926e-01
-2.188455313444137573e-01
7.586668431758880615e-02
-2.647909224033355713e-01
-2.578164339065551758e-01
-2.182027101516723633e-01
-2.298010140657424927e-01
-1.907809227705001831e-01
2.409663051366806030e-01
5.278082489967346191e-01
8.207035660743713379e-01
9.028934240341186523e-01
9.079226255416870117e-01
9.122005105018615723e-01
8.691989779472351074e-01
8.442801833152770996e-01
8.323332667350769043e-01
8.240887522697448730e-01
8.148250579833984375e-01
8.054808974266052246e-01
7.965430617332458496e-01
7.883217930793762207e-01
7.807593941688537598e-01
7.739045619964599609e-01
7.676082849502563477e-01
7.288960218429565430e-01
7.547531127929687500e-01
7.525116205215454102e-01
7.466492056846618652e-01
8.557457923889160156e-01
9.234802722930908203e-01
8.838444948196411133e-01
4.948896467685699463e-01
1.916204541921615601e-01
2.698512561619281769e-02
-6.372611224651336670e-02
-1.391355544328689575e-01
-1.644804328680038452e-01
-3.473918139934539795e-02
1.560795009136199951e-01
2.229240387678146362e-01
2.552852928638458252e-01
2.884044051170349121e-01
3.296988904476165771e-01
3.209236264228820801e-02
-1.236783415079116821e-01
-3.280365765094757080e-01
-3.974058032035827637e-01
-2.838938534259796143e-01
2.732486426830291748e-01
3.330252468585968018e-01
3.868390917778015137e-01
1.575025081634521484e+00
1.306716561317443848e+00
3.437904417514801025e-01
-2.004186622798442841e-02
-1.018426865339279175e-01
4.837532341480255127e-02
2.240861803293228149e-01
5.228039622306823730e-01
1.251457810401916504e+00
1.701655983924865723e+00
2.331412553787231445e+00
2.655147314071655273e+00
9.377352595329284668e-01
1.808075308799743652e+00
1.981800436973571777e+00
2.636518776416778564e-01
-5.192122459411621094e-01
-1.114812493324279785e+00
-7.896826267242431641e-01
-7.533278465270996094e-01
-7.030168771743774414e-01
-6.605259180068969727e-01
-4.152056872844696045e-01
-2.939091436564922333e-02
6.799253225326538086e-01
7.137323617935180664e-01
-1.937622874975204468e-01
-3.472733199596405029e-01
-1.231918573379516602e+00
-2.248074531555175781e+00
-2.244710445404052734e+00
-1.898370265960693359e+00
-1.346489787101745605e+00
-1.214831829071044922e+00
1.096440106630325317e-01
1.020055294036865234e+00
-1.801650971174240112e-01
7.405388355255126953e-01
1.126691102981567383e+00
9.932469129562377930e-01
9.102419018745422363e-01
9.504396319389343262e-01
-7.435716688632965088e-02
3.983057439327239990e-01
-1.042843699455261230e+00
-1.089029431343078613e+00
-1.979776173830032349e-01
4.387124478816986084e-01
6.419736146926879883e-01
7.404012680053710938e-01
-7.301490306854248047e-01
1.067607849836349487e-01
-1.801994293928146362e-01
4.033891856670379639e-01
-3.693453967571258545e-02
-8.682231903076171875e-01
-1.278301596641540527e+00
-7.118750810623168945e-01
2.792189419269561768e-01
2.171504646539688110e-01
-6.751468777656555176e-01
-3.211686611175537109e-01
-1.090164631605148315e-01
-5.770883560180664062e-01
-2.757839262485504150e-01
-2.518521845340728760e-01
6.102660894393920898e-01
5.678933858871459961e-01
-1.266431659460067749e-01
1.094043999910354614e-01
-4.962761700153350830e-02
-2.006444185972213745e-01
-2.075280100107192993e-01
-1.368245482444763184e-01
-7.104193419218063354e-02
-3.214095532894134521e-02
-1.888386718928813934e-02
-5.053458362817764282e-02
-1.314662694931030273e-01
-2.272709906101226807e-01
-2.797455489635467529e-01
-2.331819385290145874e-01
-1.431971490383148193e-01
-5.191881954669952393e-02
2.907954342663288116e-02
9.410320222377777100e-02
1.513139128684997559e+00
1.203615665435791016e+00
9.641656279563903809e-01
7.078329920768737793e-01
-2.982204966247081757e-02
-2.822515666484832764e-01
3.776810169219970703e-01
-7.280697822570800781e-01
-9.377634525299072266e-01
-9.753912687301635742e-01
4.175042212009429932e-01
1.843878775835037231e-01
-2.391562014818191528e-01
-5.443170666694641113e-02
1.597805172204971313e-01
-4.702362418174743652e-01
2.287888973951339722e-01
-1.419140258803963661e-03
-3.896643221378326416e-01
6.821620464324951172e-01
7.841847091913223267e-02
3.060933053493499756e-01
4.472107589244842529e-01
2.169551141560077667e-02
-1.700292080640792847e-01
2.350385673344135284e-02
1.170312911272048950e-01
1.471853405237197876e-01
3.081932663917541504e-01
3.649080693721771240e-01
3.771328330039978027e-01
3.736851811408996582e-01
3.738755285739898682e-01
3.769334554672241211e-01
3.804509341716766357e-01
3.822885751724243164e-01
3.952160775661468506e-01
1.090086221694946289e+00
9.285678863525390625e-01
8.406790494918823242e-01
8.404629826545715332e-01
8.497825860977172852e-01
8.632500767707824707e-01
8.722289800643920898e-01
8.727293610572814941e-01
8.636589050292968750e-01
8.452021479606628418e-01
8.205809593200683594e-01
7.983074188232421875e-01
7.924425601959228516e-01
8.029133081436157227e-01
7.113805413246154785e-01
2.945411801338195801e-01
2.810244448482990265e-02
2.609515376389026642e-02
1.337352581322193146e-02
-1.142796128988265991e-01
-1.117410302162170410e+00
-6.432860493659973145e-01
-6.432600021362304688e-01
-3.525868654251098633e-01
-2.393910735845565796e-01
-4.525901079177856445e-01
-4.742281734943389893e-01
-2.102251797914505005e-01
6.857114434242248535e-01
7.072150707244873047e-01
6.090438961982727051e-01
2.321137338876724243e-01
-3.822779953479766846e-01
6.165397167205810547e-01
1.118327826261520386e-01
-8.742384910583496094e-01
-2.690820991992950439e-01
-1.895083934068679810e-01
-2.273244708776473999e-01
-1.144583672285079956e-01
-2.974484674632549286e-02
-3.844491541385650635e-01
-5.245897769927978516e-01
-2.973996698856353760e-01
2.022512257099151611e-01
-2.489546984434127808e-01
-4.232978522777557373e-01
-4.036110937595367432e-01
-4.297697246074676514e-01
-1.869691461324691772e-01
2.873094519600272179e-03
1.290770014747977257e-03
-4.077848792076110840e-02
-4.250559210777282715e-02
-1.990203373134136200e-02
-4.052842408418655396e-02
2.465885281562805176e-01
1.004154980182647705e-01
9.993147850036621094e-02
1.862956136465072632e-01
3.128492236137390137e-01
4.231475889682769775e-01
4.965948164463043213e-01
5.422245264053344727e-01
5.735896825790405273e-01
5.989521145820617676e-01
6.217267513275146484e-01
6.428552269935607910e-01
9.426357746124267578e-01
6.615804433822631836e-01
8.099784851074218750e-01
7.872722148895263672e-01
7.385637760162353516e-01
6.981458663940429688e-01
5.656764507293701172e-01
7.138441801071166992e-01
7.207633256912231445e-01
7.272586226463317871e-01
8.071908950805664062e-01
8.793736696243286133e-01
8.806251287460327148e-01
1.014325022697448730e+00
1.167846322059631348e+00
1.354164242744445801e+00
1.731350302696228027e+00
9.848070740699768066e-01
6.494991779327392578e-01
3.292897343635559082e-01
-1.051913052797317505e-01
-2.132980078458786011e-01
-3.990685939788818359e-01
4.418994486331939697e-02
-8.383087813854217529e-02
2.460019430145621300e-03
-3.753061592578887939e-01
4.324293434619903564e-01
1.609388589859008789e+00
1.984504461288452148e+00
2.097258806228637695e+00
2.050052642822265625e+00
1.972271442413330078e+00
6.520490646362304688e-01
-7.658135890960693359e-01
7.354712486267089844e-02
4.334686100482940674e-01
-1.733584562316536903e-03
-1.993799060583114624e-01
-8.907379209995269775e-02
2.612348794937133789e-01
-2.156881801784038544e-02
9.730746150016784668e-01
5.536249876022338867e-01
6.690020561218261719e-01
2.507104873657226562e-01
7.949157059192657471e-02
2.681840956211090088e-01
-1.418229192495346069e-01
2.113176435232162476e-01
8.150683715939521790e-03
-3.879053890705108643e-02
6.148728728294372559e-02
1.864386945962905884e-01
-2.413357943296432495e-01
-1.494629234075546265e-01
-3.386043906211853027e-01
-3.312768042087554932e-01
-1.431665867567062378e-01
-1.930998712778091431e-01
-2.611451745033264160e-01
-3.772400319576263428e-01
5.539166927337646484e-01
4.185636043548583984e-01
5.404077470302581787e-02
4.166714549064636230e-01
1.049181669950485229e-01
-2.302480190992355347e-01
-4.253228008747100830e-01
-4.544049203395843506e-01
-2.959102690219879150e-01
-3.497512638568878174e-02
2.451972663402557373e-01
4.945988357067108154e-01
1.105570197105407715e+00
1.021651387214660645e+00
-1.572908014059066772e-01
-3.770700693130493164e-01
-8.232127428054809570e-01
-7.082965373992919922e-01
-9.134968519210815430e-01
-4.533250033855438232e-01
1.279892213642597198e-02
1.543240100145339966e-01
2.582035660743713379e-01
4.127780497074127197e-01
2.790322005748748779e-01
4.215280711650848389e-01
-4.424931406974792480e-01
3.857414424419403076e-01
2.561660706996917725e-01
6.414090394973754883e-01
6.647413372993469238e-01
1.139061212539672852e+00
1.413877964019775391e+00
1.200185179710388184e+00
1.013779520988464355e+00
9.910550713539123535e-01
1.001366019248962402e+00
9.232563972473144531e-01
1.668507009744644165e-01
-1.318226903676986694e-01
-3.068372309207916260e-01
-6.673305034637451172e-01
-8.665543794631958008e-01
-1.068921804428100586e+00
-1.033577799797058105e+00
-8.532105088233947754e-01
-7.162609100341796875e-01
-6.122523546218872070e-01
-5.249190330505371094e-01
-4.998051226139068604e-01
-6.796689629554748535e-01
-6.365475654602050781e-01
-6.976615786552429199e-01
-9.976409375667572021e-02
8.024494349956512451e-02
7.815180718898773193e-02
2.122157998383045197e-02
4.136675596237182617e-02
8.224900066852569580e-02
3.074966073036193848e-01
9.726701974868774414e-01
1.208754032850265503e-01
-5.961337685585021973e-01
5.122834444046020508e-01
8.527189493179321289e-01
-4.669192731380462646e-01
-2.727884352207183838e-01
-6.520280838012695312e-01
-4.495068788528442383e-01
-4.373953640460968018e-01
-7.061856389045715332e-01
3.875023722648620605e-01
8.555350303649902344e-01
6.310585737228393555e-01
8.654632568359375000e-01
3.646350204944610596e-01
5.427302718162536621e-01
6.166086196899414062e-01
5.822292566299438477e-01
1.059604525566101074e+00
5.667636394500732422e-01
4.183993637561798096e-01
-8.946196734905242920e-02
-2.713114321231842041e-01
3.776741325855255127e-01
1.644575119018554688e+00
5.635871887207031250e-01
1.017697341740131378e-02
1.155379563570022583e-01
1.851006895303726196e-01
1.107573866844177246e+00
5.460242033004760742e-01
3.830666840076446533e-02
-5.136038362979888916e-02
-8.714114129543304443e-02
-8.696301281452178955e-02
1.734619587659835815e-01
3.246615827083587646e-01
6.664206087589263916e-02
-4.265770614147186279e-01
5.942331552505493164e-01
6.147552132606506348e-01
4.729687273502349854e-01
4.489608108997344971e-01
-6.479696035385131836e-01
-1.070194482803344727e+00
3.824519217014312744e-01
1.108782052993774414e+00
1.597360372543334961e+00
-4.619401395320892334e-01
-1.260890066623687744e-01
-6.548624634742736816e-01
-1.035045862197875977e+00
-2.355964034795761108e-01
1.744056791067123413e-01
-7.150534391403198242e-01
-4.830085933208465576e-01
-4.435718059539794922e-02
2.082172185182571411e-01
-9.953801333904266357e-02
-9.318786859512329102e-01
-1.368967145681381226e-01
4.597480595111846924e-02
4.947477877140045166e-01
3.146983683109283447e-02
-6.734366714954376221e-02
3.968700021505355835e-02
2.047913521528244019e-01
2.876797616481781006e-01
7.300052642822265625e-01
2.561911344528198242e-01
1.904166042804718018e-01
6.367903947830200195e-01
3.999341726303100586e-01
2.034841328859329224e-01
1.579729914665222168e-01
4.489058554172515869e-01
6.700967252254486084e-02
-1.016268014907836914e+00
-8.435319662094116211e-01
-5.358068943023681641e-01
-1.821857392787933350e-01
6.994472350925207138e-04
-4.857866466045379639e-02
3.819180428981781006e-01
3.928060829639434814e-02
-4.561374783515930176e-01
-1.025923728942871094e+00
-1.251249164342880249e-01
3.851935267448425293e-02
1.540741622447967529e-01
2.475476413965225220e-01
3.431468307971954346e-01
7.894867062568664551e-01
2.095383256673812866e-01
1.255016088485717773e+00
8.894091844558715820e-01
1.167154461145401001e-01
2.977293431758880615e-01
-7.607426643371582031e-01
-4.755979776382446289e-01
-1.630289666354656219e-02
-3.247341513633728027e-02
1.992071419954299927e-01
1.260485351085662842e-01
-1.069071441888809204e-01
-2.496265619993209839e-01
-1.867243796586990356e-01
-9.741713106632232666e-02
9.506885707378387451e-02
9.127035737037658691e-01
7.954120039939880371e-01
4.395394325256347656e-01
4.342646300792694092e-01
4.873737096786499023e-01
6.375324726104736328e-01
7.644104361534118652e-01
6.445728540420532227e-01
5.224578380584716797e-01
6.429986357688903809e-01
1.356111645698547363e+00
1.120035529136657715e+00
1.342288702726364136e-01
-2.973222136497497559e-01
-5.708415508270263672e-01
-8.043532371520996094e-01
-8.025276660919189453e-01
-7.214314937591552734e-01
-6.640518903732299805e-01
-5.881767272949218750e-01
1.228576064109802246e+00
-2.812458574771881104e-01
-1.288924813270568848e+00
-8.293318748474121094e-01
-1.625240325927734375e+00
-2.490857362747192383e+00
-2.210168361663818359e+00
-1.378592967987060547e+00
-1.603321552276611328e+00
-1.649226546287536621e+00
-1.575574994087219238e+00
-1.307042837142944336e+00
-8.207988739013671875e-01
1.036845333874225616e-02
5.875189900398254395e-01
-3.798775374889373779e-02
-1.176260560750961304e-01
-2.660122215747833252e-01
-1.178096890449523926e+00
-3.903429508209228516e-01
-9.898342192173004150e-02
4.276955127716064453e-01
-5.475279092788696289e-01
-9.174408316612243652e-01
-9.963511228561401367e-01
-4.748250544071197510e-01
-6.076267957687377930e-01
-5.098072886466979980e-01
9.969310835003852844e-03
-2.299232035875320435e-01
-1.075721025466918945e+00
-6.148899793624877930e-01
5.464918911457061768e-02
-4.831427037715911865e-01
-8.776137828826904297e-01
-7.755292057991027832e-01
-5.850834846496582031e-01
-2.294801324605941772e-01
-4.032360613346099854e-01
-7.649990320205688477e-01
-3.676400482654571533e-01
-6.048235297203063965e-01
-3.013249337673187256e-01
-4.273440539836883545e-01
-1.672713905572891235e-01
-8.117759227752685547e-02
3.571273982524871826e-01
2.695803344249725342e-01
9.090797975659370422e-03
-4.062299430370330811e-02
2.958849966526031494e-01
-7.384104654192924500e-03
-7.739491760730743408e-02
-4.458857700228691101e-03
2.398366779088973999e-01
2.408717721700668335e-01
2.648291885852813721e-01
2.769082784652709961e-01
4.073287844657897949e-01
3.146410286426544189e-01
3.153616189956665039e-01
3.670498430728912354e-01
4.300998747348785400e-01
3.932055532932281494e-01
4.696465432643890381e-01
5.317639112472534180e-01
3.073148429393768311e-01
3.153010606765747070e-01
3.451591432094573975e-01
4.086529612541198730e-01
3.757174611091613770e-01
6.371654272079467773e-01
4.362144768238067627e-01
3.831680715084075928e-01
3.770395219326019287e-01
3.765560388565063477e-01
3.740520775318145752e-01
2.536773681640625000e-01
1.671950370073318481e-01
1.721220165491104126e-01
7.168837785720825195e-01
2.890291512012481689e-01
3.713722825050354004e-01
5.967035293579101562e-01
4.942748248577117920e-01
2.875747382640838623e-01
3.808293938636779785e-01
1.632403284311294556e-01
5.660505890846252441e-01
3.696677982807159424e-01
8.297253847122192383e-01
9.301155805587768555e-01
9.042560458183288574e-01
8.543916344642639160e-01
8.299537897109985352e-01
9.034672379493713379e-01
6.190165877342224121e-01
7.105838060379028320e-01
9.615602493286132812e-01
1.125806450843811035e+00
1.038682460784912109e+00
7.462064027786254883e-01
8.278708457946777344e-01
2.905619740486145020e-01
8.240552544593811035e-01
1.051939249038696289e+00
1.146551370620727539e+00
9.374554157257080078e-01
1.112788200378417969e+00
1.165485620498657227e+00
1.332424998283386230e+00
1.239740490913391113e+00
1.330070972442626953e+00
1.184583425521850586e+00
9.054758548736572266e-01
2.832084000110626221e-01
1.155028194189071655e-01
-5.630389451980590820e-01
-2.623319625854492188e-01
-1.542007774114608765e-01
-4.447894394397735596e-01
-1.168468952178955078e+00
-8.526352643966674805e-01
-4.545451104640960693e-01
6.879769265651702881e-02
3.052841722965240479e-01
3.026268184185028076e-01
2.359362989664077759e-01
2.775327563285827637e-01
5.054003596305847168e-01
1.283563017845153809e+00
1.561239004135131836e+00
1.473081827163696289e+00
1.167971968650817871e+00
1.244838595390319824e+00
2.293856628239154816e-02
3.485681116580963135e-02
-8.255963027477264404e-02
1.691235303878784180e+00
8.587512969970703125e-01
2.004448324441909790e-01
-2.737527787685394287e-01
-4.079274833202362061e-01
-3.786472976207733154e-01
-2.363380044698715210e-01
-9.719222784042358398e-01
-1.771015882492065430e+00
-2.486490964889526367e+00
-2.511303186416625977e+00
-1.707989215850830078e+00
-7.363984584808349609e-01
-9.471492767333984375e-01
-8.800153732299804688e-01
-8.948546648025512695e-01
-1.210885047912597656e+00
-2.933729410171508789e+00
-8.468327522277832031e-01
-7.598541975021362305e-01
-7.694895267486572266e-01
-3.858306109905242920e-01
4.809140264987945557e-01
1.634453296661376953e+00
2.652215480804443359e+00
1.104330897331237793e+00
3.062227964401245117e+00
3.370487928390502930e+00
4.677598953247070312e+00
1.628032088279724121e+00
1.136120319366455078e+00
5.131659507751464844e-01
-3.192729055881500244e-01
-5.038193464279174805e-01
1.143331676721572876e-01
9.376826882362365723e-01
1.199138313531875610e-01
-8.857698440551757812e-01
1.621059328317642212e-01
-8.999078869819641113e-01
1.246266812086105347e-01
-1.839240044355392456e-01
3.487267196178436279e-01
3.811895549297332764e-01
3.079423308372497559e-01
-5.315467119216918945e-01
-4.351710677146911621e-01
-4.233427941799163818e-01
-2.029249966144561768e-01
-3.614755570888519287e-01
-3.932401537895202637e-01
6.018861532211303711e-01
5.954152345657348633e-01
2.062310464680194855e-02
5.164078474044799805e-01
5.002266764640808105e-01
-4.484902918338775635e-01
-5.947751924395561218e-03
2.121181972324848175e-02
-4.255459606647491455e-01
-4.197496473789215088e-01
-5.441098213195800781e-01
-4.212484955787658691e-01
-2.460075765848159790e-01
-1.127693727612495422e-01
-4.720123112201690674e-02
2.101333579048514366e-03
3.792061656713485718e-02
6.886897236108779907e-02
9.846212714910507202e-02
1.271427422761917114e-01
1.522199213504791260e-01
1.764581501483917236e-01
3.209278583526611328e-01
8.289102315902709961e-01
6.700420975685119629e-01
8.434064984321594238e-01
9.553627967834472656e-01
-7.220180332660675049e-02
-4.066001474857330322e-01
7.597231864929199219e-01
3.460544347763061523e-01
2.885775864124298096e-01
5.374326705932617188e-01
5.169995129108428955e-02
-2.072044610977172852e-01
-1.440147459506988525e-01
1.413782685995101929e-01
2.206594496965408325e-01
8.934856653213500977e-01
-7.109571695327758789e-01
-1.131335139274597168e+00
-1.454460263252258301e+00
1.181088835000991821e-01
7.077739238739013672e-01
-8.178645372390747070e-01
-1.052758812904357910e+00
-8.758379817008972168e-01
-4.084405004978179932e-01
-2.946354448795318604e-01
-6.568638682365417480e-01
-5.742782354354858398e-01
-3.424049913883209229e-01
-4.336590468883514404e-01
-1.648072302341461182e-01
4.812401831150054932e-01
-2.724844217300415039e-01
-3.049816489219665527e-01
-2.175454050302505493e-01
4.855536520481109619e-01
1.486202180385589600e-01
-8.519752025604248047e-01
-7.988874316215515137e-01
-5.824598073959350586e-01
-1.195527911186218262e+00
-6.982234716415405273e-01
-2.390722744166851044e-02
1.041917949914932251e-01
-2.270268648862838745e-01
-5.634243488311767578e-01
-4.914453327655792236e-01
-7.098222970962524414e-01
-1.021059453487396240e-01
-3.106370382010936737e-02
-3.734741806983947754e-01
-1.029867976903915405e-01
4.890261590480804443e-02
-1.815218478441238403e-01
-2.624945342540740967e-01
7.029849886894226074e-01
4.617792069911956787e-01
7.611945271492004395e-02
7.183732092380523682e-02
5.357521772384643555e-01
3.431788384914398193e-01
9.906345009803771973e-01
9.034541845321655273e-01
7.112008333206176758e-01
9.139970541000366211e-01
2.167302817106246948e-01
6.843498349189758301e-01
1.741260647773742676e+00
8.507014513015747070e-01
-6.797669827938079834e-02
-1.027680873870849609e+00
-1.005426496267318726e-01
-6.680603027343750000e-01
-1.649445742368698120e-01
5.504881739616394043e-01
1.503075510263442993e-01
-6.905918121337890625e-01
7.213221490383148193e-02
5.382138490676879883e-01
-4.564739167690277100e-01
1.213206537067890167e-02
8.379528522491455078e-01
2.259481400251388550e-01
3.469589650630950928e-01
-4.975728094577789307e-01
3.061017692089080811e-01
2.051033824682235718e-01
-1.549267321825027466e-01
-7.154394984245300293e-01
-1.287904232740402222e-01
2.278994470834732056e-01
3.814138472080230713e-01
2.190814614295959473e-01
3.176957964897155762e-01
6.132183670997619629e-01
3.388255536556243896e-01
5.614152550697326660e-01
4.014732539653778076e-01
-3.047321736812591553e-01
-2.043208293616771698e-02
2.428557872772216797e-01
6.392792463302612305e-01
3.827013075351715088e-01
2.780393064022064209e-01
2.980591654777526855e-01
-1.598236113786697388e-01
3.413815796375274658e-01
1.226858347654342651e-01
-6.427682042121887207e-01
-5.524177551269531250e-01
3.112094104290008545e-01
-2.214152924716472626e-02
-1.485614627599716187e-01
7.411906495690345764e-03
8.805809915065765381e-02
1.305075734853744507e-01
2.205346375703811646e-01
3.616882860660552979e-01
3.311780393123626709e-01
3.709702193737030029e-01
7.396078109741210938e-01
6.956161856651306152e-01
3.878202140331268311e-01
3.226761817932128906e-01
3.247675597667694092e-01
5.780168771743774414e-01
4.404326677322387695e-01
4.250654280185699463e-01
4.083673059940338135e-01
5.217444896697998047e-01
4.292294085025787354e-01
6.595360040664672852e-01
1.149565577507019043e+00
8.626919388771057129e-01
1.070128440856933594e+00
1.349718421697616577e-01
1.855193525552749634e-01
8.253619670867919922e-01
8.537065386772155762e-01
6.743482351303100586e-01
1.122930645942687988e+00
1.761121302843093872e-01
5.237210988998413086e-01
5.972439646720886230e-01
2.448892593383789062e-01
1.210723072290420532e-01
5.214429497718811035e-01
2.970574498176574707e-01
1.525450646877288818e-01
2.007254213094711304e-01
7.841019034385681152e-01
4.375615715980529785e-01
-3.329615294933319092e-02
2.265438623726367950e-02
-6.967679411172866821e-02
-7.561432197690010071e-03
-6.029568612575531006e-02
-7.932753860950469971e-02
-5.576556175947189331e-02
-3.472827374935150146e-02
3.780184090137481689e-01
-4.068671166896820068e-02
-9.431890249252319336e-01
-1.517740249633789062e+00
-1.604300618171691895e+00
-1.642008543014526367e+00
-1.677023530006408691e+00
-1.645799994468688965e+00
-1.685857653617858887e+00
-1.932883620262145996e+00
-1.245717525482177734e+00
-1.449642896652221680e+00
-8.902587890625000000e-01
-9.623422622680664062e-01
-1.271525382995605469e+00
-1.683835864067077637e+00
-5.734288692474365234e-01
3.937765061855316162e-01
4.710879027843475342e-01
1.898758560419082642e-01
3.789955973625183105e-01
-6.149889230728149414e-01
-1.152458041906356812e-01
1.826520115137100220e-01
3.787203729152679443e-01
-1.581047289073467255e-02
5.326786041259765625e-01
4.485422670841217041e-01
1.895219564437866211e+00
6.918660402297973633e-01
1.214413791894912720e-01
-9.187132120132446289e-01
-4.090754687786102295e-01
-7.437916994094848633e-01
8.246353864669799805e-01
9.544597864151000977e-01
6.223509311676025391e-01
7.345720529556274414e-01
3.646426796913146973e-01
4.573759436607360840e-01
3.432321846485137939e-01
3.168861567974090576e-01
1.997089982032775879e-01
-3.435344398021697998e-01
1.242960542440414429e-01
4.569431841373443604e-01
5.838984847068786621e-01
-5.448107421398162842e-02
-8.538128733634948730e-01
-1.125678539276123047e+00
-4.056598842144012451e-01
-1.741533130407333374e-01
-1.413799636065959930e-02
-1.422637403011322021e-01
-1.738339960575103760e-01
-2.931672334671020508e-01
-6.905522942543029785e-01
-4.596684873104095459e-01
-4.858070313930511475e-01
5.198162794113159180e-01
1.254582591354846954e-02
2.418238073587417603e-01
-1.075244396924972534e-01
-2.008341997861862183e-01
8.712444901466369629e-01
7.691275477409362793e-01
4.855030477046966553e-01
4.044447243213653564e-01
6.171215772628784180e-01
3.391477763652801514e-01
4.661656916141510010e-01
7.486193180084228516e-01
6.445798277854919434e-02
-6.015628576278686523e-02
-1.035238504409790039e-01
-1.227406114339828491e-01
-1.037664636969566345e-01
-6.513421237468719482e-02
-1.190341822803020477e-02
5.187465995550155640e-02
1.210727393627166748e-01
8.093286156654357910e-01
1.074120640754699707e+00
1.137120246887207031e+00
1.119407892227172852e+00
1.077819466590881348e+00
1.059431314468383789e+00
1.049535751342773438e+00
1.005692720413208008e+00
9.988468885421752930e-01
1.053745388984680176e+00
1.043305158615112305e+00
1.067241191864013672e+00
1.110884189605712891e+00
1.072715640068054199e+00
8.102025985717773438e-01
7.557266354560852051e-01
3.679617643356323242e-01
1.355682015419006348e-01
1.772128045558929443e-01
4.990687668323516846e-01
7.193569540977478027e-01
9.239664673805236816e-01
9.346611499786376953e-01
9.474744796752929688e-01
9.333835840225219727e-01
8.242826461791992188e-01
6.569459438323974609e-01
1.371915340423583984e-01
9.312149137258529663e-02
3.172207474708557129e-01
2.407218068838119507e-01
2.764893770217895508e-01
-3.288909792900085449e-01
-5.716700553894042969e-01
-8.279852867126464844e-01
-1.375189781188964844e+00
-6.685681939125061035e-01
3.586094081401824951e-01
5.805176496505737305e-01
1.078885346651077271e-01
-2.788505852222442627e-01
-1.664126664400100708e-01
-6.716208457946777344e-01
1.548898369073867798e-01
-9.540002346038818359e-01
-1.008955478668212891e+00
-5.844748616218566895e-01
-6.473512649536132812e-01
-5.290464162826538086e-01
-8.541945219039916992e-01
-8.495451211929321289e-01
-3.744511902332305908e-01
-1.117263317108154297e+00
-1.194258451461791992e+00
-1.046672821044921875e+00
-1.352661132812500000e+00
-2.119304686784744263e-01
2.704139649868011475e-01
-2.473763376474380493e-01
-6.399960815906524658e-02
-6.126393079757690430e-01
-1.463333010673522949e+00
-5.480781197547912598e-01
5.649318695068359375e-01
3.942102789878845215e-01
2.866976857185363770e-01
-6.228774785995483398e-02
-2.003772258758544922e-01
-2.190308086574077606e-02
4.153271019458770752e-02
-4.368762969970703125e-01
-8.692587614059448242e-01
-1.139490120112895966e-02
-7.295945286750793457e-02
2.402802407741546631e-01
8.356755971908569336e-01
1.470040529966354370e-01
-9.870417416095733643e-02
-4.308777153491973877e-01
-5.186813473701477051e-01
-4.438850581645965576e-01
-2.839364707469940186e-01
-3.490031659603118896e-01
-5.257539749145507812e-01
-3.056055903434753418e-01
-2.152296900749206543e-01
-1.593688577413558960e-01
-2.793462872505187988e-01
-2.577238976955413818e-01
9.652914106845855713e-02
5.410562753677368164e-01
3.812125623226165771e-01
4.921275377273559570e-01
3.413890600204467773e-01
-2.988614141941070557e-01
1.148111522197723389e-01
-4.589551687240600586e-02
-3.009934127330780029e-01
-2.971767485141754150e-01
-3.264623880386352539e-02
3.615585863590240479e-01
2.743059992790222168e-01
4.853856563568115234e-02
7.101477682590484619e-02
2.160198837518692017e-01
1.183567419648170471e-01
-2.568987011909484863e-01
1.506570726633071899e-01
3.433371782302856445e-01
5.163644552230834961e-01
-1.072863489389419556e-01
-1.441115699708461761e-02
-1.255927793681621552e-02
-3.177645802497863770e-02
-5.955916643142700195e-02
-1.480740010738372803e-01
-2.009080201387405396e-01
-1.967389583587646484e-01
-1.640686839818954468e-01
-1.231439262628555298e-01
2.764117121696472168e-01
6.825125217437744141e-01
3.252701759338378906e-01
3.093255758285522461e-01
1.987127512693405151e-01
2.370184808969497681e-01
3.356339037418365479e-01
2.356441468000411987e-01
4.430425465106964111e-01
-1.937206238508224487e-01
-3.282714486122131348e-01
-2.653039805591106415e-02
3.877291381359100342e-01
4.545989632606506348e-01
5.045336484909057617e-01
4.627161324024200439e-01
4.881953895092010498e-01
4.832887053489685059e-01
4.904370307922363281e-01
1.027125269174575806e-01
-5.429232120513916016e-01
1.161301881074905396e-01
1.038738369941711426e+00
5.525366067886352539e-01
4.577770531177520752e-01
4.493681788444519043e-01
3.618769645690917969e-01
3.894303143024444580e-01
3.656961917877197266e-01
1.338629722595214844e-01
-2.281484454870223999e-01
-2.621064484119415283e-01
4.839259386062622070e-01
5.460662841796875000e-01
1.853866219520568848e+00
5.385209321975708008e-01
-1.591963926330208778e-03
5.461658835411071777e-01
-2.280305773019790649e-01
-7.319507002830505371e-02
-3.494907021522521973e-01
-1.108002543449401855e+00
-1.444110751152038574e+00
-1.554457187652587891e+00
-2.298432111740112305e+00
-1.747264385223388672e+00
-8.915262222290039062e-01
-7.929462194442749023e-01
-1.095408439636230469e+00
-1.290873885154724121e+00
-1.108595013618469238e+00
-7.156159877777099609e-01
-5.492832660675048828e-01
-1.416330635547637939e-01
-1.012715816497802734e+00
-1.212168812751770020e+00
1.723434478044509888e-01
-2.620922029018402100e-01
-8.648753166198730469e-01
-1.533876657485961914e+00
-1.859815567731857300e-01
-6.220438480377197266e-01
-3.817385137081146240e-01
-6.517555713653564453e-01
-7.389836311340332031e-01
5.610372126102447510e-02
9.282553195953369141e-02
5.542309880256652832e-01
5.343932509422302246e-01
9.565330147743225098e-01
9.014310836791992188e-01
-1.370596736669540405e-01
4.964466392993927002e-01
6.993553638458251953e-01
-1.571062654256820679e-01
-1.094563722610473633e+00
-2.058967798948287964e-01
-4.445776939392089844e-01
-8.898463845252990723e-02
-2.813929021358489990e-01
-1.902329772710800171e-01
9.158600866794586182e-02
-2.358666807413101196e-01
-2.964008748531341553e-01
1.206146627664566040e-01
4.727285206317901611e-01
1.829872280359268188e-01
8.534030988812446594e-03
4.558786749839782715e-02
1.608279794454574585e-01
-3.696857392787933350e-02
5.841047763824462891e-01
8.961216211318969727e-01
6.558159589767456055e-01
3.789693415164947510e-01
6.295076012611389160e-01
9.503768682479858398e-01
2.755511403083801270e-01
-3.142597973346710205e-01
7.969170808792114258e-01
3.066801130771636963e-01
-3.670476377010345459e-02
-4.355774819850921631e-01
-2.817085385322570801e-01
-2.145918160676956177e-01
-6.554647684097290039e-01
-6.890770196914672852e-01
7.274173200130462646e-02
1.219270378351211548e-01
-2.072461694478988647e-01
-2.795641720294952393e-01
3.315316736698150635e-01
5.539281368255615234e-01
1.332769244909286499e-01
-1.131947487592697144e-01
-2.124567478895187378e-01
-9.475074708461761475e-02
1.297398097813129425e-02
3.137308955192565918e-01
5.204966068267822266e-01
1.390084773302078247e-01
8.711364269256591797e-01
6.588394641876220703e-01
7.051845788955688477e-01
1.857064962387084961e-01
7.701137661933898926e-02
1.614121347665786743e-01
4.464438259601593018e-01
1.979471445083618164e-01
3.919539153575897217e-01
7.095932960510253906e-01
1.183753013610839844e+00
1.186125278472900391e+00
8.708245754241943359e-01
7.134325504302978516e-01
6.250687837600708008e-01
4.020060002803802490e-01
8.235946893692016602e-01
9.487876892089843750e-01
4.555666446685791016e-01
9.957289695739746094e-01
8.169915080070495605e-01
4.603359699249267578e-01
4.898819029331207275e-01
6.402842402458190918e-01
6.146183609962463379e-01
6.747047305107116699e-01
1.472388744354248047e+00
1.138478994369506836e+00
4.934140145778656006e-01
1.366343051195144653e-01
1.232416987419128418e+00
7.508853673934936523e-01
8.395056724548339844e-01
8.309799432754516602e-01
1.805665343999862671e-01
4.911872148513793945e-01
6.181571483612060547e-01
5.277394652366638184e-01
6.243056058883666992e-01
6.958483457565307617e-01
3.526908755302429199e-01
5.449411869049072266e-01
3.891311287879943848e-01
3.584108352661132812e-01
5.152529478073120117e-01
1.992503404617309570e-01
1.703737527132034302e-01
1.572100371122360229e-01
1.579993814229965210e-01
1.636892408132553101e-01
1.707356870174407959e-01
1.745699197053909302e-01
1.714945882558822632e-01
1.352807730436325073e-01
3.639095127582550049e-01
1.881768256425857544e-01
-1.006759516894817352e-02
1.866943389177322388e-01
1.746696233749389648e-01
2.510672807693481445e-01
4.109298288822174072e-01
5.275446176528930664e-01
5.813340544700622559e-01
6.354566216468811035e-01
7.021733522415161133e-01
6.654250025749206543e-01
9.924120306968688965e-01
6.452745199203491211e-01
1.062759041786193848e+00
8.566576838493347168e-01
2.149573415517807007e-01
7.582185268402099609e-01
5.853053927421569824e-01
1.041220664978027344e+00
9.155647754669189453e-01
9.147223830223083496e-01
-2.302194386720657349e-01
1.405993402004241943e-01
2.047037482261657715e-01
4.400091245770454407e-03
-9.895117580890655518e-02
1.252094656229019165e-01
5.066422224044799805e-01
8.641934394836425781e-01
3.537804484367370605e-01
-5.954262018203735352e-01
-1.283943176269531250e+00
-1.387493371963500977e+00
-1.119419336318969727e+00
-7.050688862800598145e-01
-6.405758261680603027e-01
-7.819012999534606934e-01
-4.386878907680511475e-01
-5.538059473037719727e-01
-1.154002398252487183e-01
1.055706620216369629e+00
4.802997410297393799e-02
-7.086107730865478516e-01
-4.994284808635711670e-01
-1.291944742202758789e+00
-1.218683004379272461e+00
-9.310202598571777344e-01
-6.188843846321105957e-01
6.793937087059020996e-01
6.972946524620056152e-01
1.003338813781738281e+00
1.496493071317672729e-01
-8.234946727752685547e-01
1.529817469418048859e-02
3.048243522644042969e-01
-1.482850462198257446e-01
2.631582506000995636e-02
-2.140136808156967163e-01
6.314653158187866211e-02
2.639360725879669189e-01
-3.559855520725250244e-01
2.159894257783889771e-01
7.335566282272338867e-01
9.056974649429321289e-01
8.178408741950988770e-01
2.333032339811325073e-01
5.928603410720825195e-01
7.503338456153869629e-01
2.492900192737579346e-01
5.645864009857177734e-01
4.001290500164031982e-01
1.519910842180252075e-01
5.729751288890838623e-02
1.698943525552749634e-01
4.275701940059661865e-01
5.341198444366455078e-01
4.307588040828704834e-01
1.161662817001342773e+00
5.340451002120971680e-01
5.575866699218750000e-01
4.413713216781616211e-01
8.315920233726501465e-01
6.474014520645141602e-01
1.013313055038452148e+00
1.140316724777221680e+00
1.415139675140380859e+00
1.234346628189086914e+00
6.971509456634521484e-01
4.373132884502410889e-01
6.379741430282592773e-02
1.891519576311111450e-01
4.513484835624694824e-01
7.207120656967163086e-01
1.174684405326843262e+00
1.004586338996887207e+00
1.109568953514099121e+00
1.203827142715454102e+00
1.254281640052795410e+00
1.252389430999755859e+00
1.223042011260986328e+00
1.156532645225524902e+00
7.881513237953186035e-01
1.198824882507324219e+00
1.089785814285278320e+00
1.166895389556884766e+00
6.614539623260498047e-01
6.424616575241088867e-01
2.052685916423797607e-01
2.030235826969146729e-01
2.664594352245330811e-01
2.148446291685104370e-01
