-1.696327447891235352e+00
-1.771248579025268555e+00
-1.648842096328735352e+00
1.071155548095703125e+00
7.427729964256286621e-01
7.691546678543090820e-01
1.255222320556640625e+00
9.518297314643859863e-01
1.420604586601257324e-01
3.906456232070922852e-01
3.880413770675659180e-01
3.889762163162231445e-01
3.571841120719909668e-01
3.270395398139953613e-01
3.016745448112487793e-01
2.820232510566711426e-01
2.635329365730285645e-01
2.487864792346954346e-01
2.384703159332275391e-01
2.301604747772216797e-01
2.215265035629272461e-01
2.147283554077148438e-01
2.096199989318847656e-01
2.069598436355590820e-01
2.038759887218475342e-01
2.007486224174499512e-01
1.998344659805297852e-01
2.001447081565856934e-01
2.002152204513549805e-01
2.008656263351440430e-01
2.045837640762329102e-01
2.091433405876159668e-01
2.155570387840270996e-01
2.201443016529083252e-01
2.301664352416992188e-01
3.120854496955871582e-01
6.235799789428710938e-01
5.086233615875244141e-01
4.310042858123779297e-01
2.528587281703948975e-01
1.979067921638488770e-02
-4.432684183120727539e-02
-1.721705496311187744e-01
-2.088817954063415527e-02
-3.104758262634277344e-02
-8.810767531394958496e-02
-4.402995109558105469e-02
-4.641824960708618164e-02
-5.232974886894226074e-02
-4.975235462188720703e-02
-2.270484566688537598e-01
-5.971074104309082031e-02
-4.686614871025085449e-02
-7.812950015068054199e-02
-8.933207392692565918e-02
-8.680701255798339844e-02
-1.652877628803253174e-01
-1.079882085323333740e-01
-5.816560983657836914e-02
-3.590071201324462891e-02
-3.055134415626525879e-02
-3.130671381950378418e-02
6.417125463485717773e-03
1.206713318824768066e-01
7.328271865844726562e-03
-1.044901907444000244e-01
-1.078412532806396484e-01
-2.942512631416320801e-01
-6.953552365303039551e-02
-1.171816289424896240e-01
-1.530183553695678711e-01
-1.696166098117828369e-01
-1.857162714004516602e-01
-1.514916419982910156e-01
5.695582032203674316e-01
8.567245602607727051e-01
5.057948827743530273e-02
6.491935253143310547e-01
7.143920063972473145e-01
1.557545065879821777e-01
-5.255799889564514160e-01
-8.769211173057556152e-01
-9.530587792396545410e-01
-8.203894495964050293e-01
-1.024751424789428711e+00
-1.179474711418151855e+00
-1.427355051040649414e+00
-1.638210058212280273e+00
-1.415512084960937500e+00
-2.075396299362182617e+00
-1.339786291122436523e+00
-1.491289377212524414e+00
-1.787384510040283203e+00
-1.683214187622070312e+00
-1.610745429992675781e+00
-1.547953128814697266e+00
6.515268683433532715e-01
7.385983467102050781e-01
1.516065001487731934e-01
3.886401653289794922e-02
5.174225568771362305e-02
-1.095986366271972656e-01
-2.201476097106933594e-01
-1.987791061401367188e-01
-2.553099393844604492e-01
-2.657677829265594482e-01
-3.645167648792266846e-01
-3.564049005508422852e-01
-2.871669530868530273e-01
-1.945368051528930664e-01
-1.157706975936889648e-02
1.248293220996856689e-01
-4.253327846527099609e-02
9.039360284805297852e-02
-5.732297897338867188e-02
-5.707269906997680664e-02
-2.769300341606140137e-02
-2.137495875358581543e-01
-1.043799221515655518e-01
5.161686539649963379e-01
9.270254969596862793e-01
9.760048985481262207e-01
6.309500336647033691e-02
-1.590774953365325928e-01
-1.443989574909210205e-01
-1.353376209735870361e-01
-1.347910165786743164e-01
-1.680585443973541260e-01
-1.654961407184600830e-01
-1.394533216953277588e-01
-3.773197531700134277e-02
9.829452633857727051e-02
-1.445266604423522949e-02
-1.031675338745117188e-01
-1.077108085155487061e-01
-8.959707617759704590e-02
-7.011762261390686035e-02
-4.256421327590942383e-02
-2.975708246231079102e-02
-1.378555297851562500e-01
-1.669174283742904663e-01
1.048532128334045410e-02
-5.917403101921081543e-02
-7.552286982536315918e-02
-7.197898626327514648e-02
-3.485608100891113281e-02
7.965266704559326172e-04
1.741003990173339844e-02
1.426795125007629395e-02
4.107058048248291016e-03
-1.442545652389526367e-01
-1.966530233621597290e-01
-2.099327147006988525e-01
-2.719116210937500000e-01
-4.397660493850708008e-02
-1.506941616535186768e-01
-2.498168051242828369e-01
-5.445036292076110840e-02
4.122793674468994141e-02
-2.392919957637786865e-01
-4.821202158927917480e-02
-6.072759628295898438e-02
-2.658356428146362305e-01
3.710203766822814941e-01
3.169512748718261719e-01
-2.639929354190826416e-01
-2.009303271770477295e-01
-8.525341749191284180e-03
3.996570110321044922e-01
8.722366690635681152e-01
1.235308647155761719e+00
1.923229694366455078e-01
-1.892438530921936035e-01
7.471346855163574219e-02
7.625544667243957520e-01
-1.701721549034118652e-01
3.232774138450622559e-01
4.042571783065795898e-02
-1.994292736053466797e-01
-2.568071484565734863e-01
-2.738552987575531006e-01
3.130913376808166504e-01
3.019282221794128418e-01
1.309765875339508057e-01
-1.704769730567932129e-01
4.240214824676513672e-02
-2.060736417770385742e-01
-9.504914283752441406e-02
-1.057768464088439941e-01
-3.639241755008697510e-01
-8.447377383708953857e-02
1.542752981185913086e-02
-5.508292913436889648e-01
-8.506968617439270020e-01
-1.207163810729980469e+00
-1.680363655090332031e+00
-1.643615007400512695e+00
-1.089887857437133789e+00
-1.420257329940795898e+00
-1.122272968292236328e+00
2.609614133834838867e-01
1.541218042373657227e+00
1.171448945999145508e+00
-4.853624105453491211e-02
-8.998447656631469727e-02
1.463267207145690918e-01
4.061928391456604004e-01
4.759171605110168457e-01
4.870105385780334473e-01
-4.535304903984069824e-01
4.769415259361267090e-01
4.737883210182189941e-01
3.434295058250427246e-01
7.769340276718139648e-02
-3.517943620681762695e-02
-4.534405469894409180e-02
-2.303808927536010742e-02
2.173751592636108398e-02
1.877222657203674316e-01
-9.606438875198364258e-02
-1.158303499221801758e+00
-9.981560111045837402e-01
1.047909259796142578e-03
1.637265205383300781e+00
2.055221319198608398e+00
1.053622007369995117e+00
1.714218378067016602e+00
1.203879594802856445e+00
-3.439277410507202148e-02
5.660210251808166504e-01
4.276085495948791504e-01
2.737045288085937500e-01
2.352311611175537109e-01
2.075996994972229004e-01
1.896867156028747559e-01
1.758745610713958740e-01
1.677680611610412598e-01
1.626306176185607910e-01
1.100140810012817383e-01
1.967641115188598633e-01
1.373905539512634277e-01
9.067440032958984375e-02
8.384460210800170898e-02
7.828265428543090820e-02
1.069476604461669922e-01
1.420859694480895996e-01
1.484100520610809326e-01
5.661193728446960449e-01
4.809561967849731445e-01
3.773548603057861328e-01
3.037028908729553223e-01
9.975853562355041504e-02
-1.607073247432708740e-01
1.681414842605590820e-01
1.674076318740844727e-01
-6.320169568061828613e-02
3.242990374565124512e-02
2.494686841964721680e-02
1.711982488632202148e-02
-1.380667090415954590e-02
-6.213784217834472656e-05
-5.956172943115234375e-03
-6.392315030097961426e-02
-7.197156548500061035e-02
2.128542661666870117e-01
4.821007847785949707e-01
4.002956748008728027e-01
1.538011431694030762e-01
8.834103941917419434e-01
1.795742809772491455e-01
-1.461229920387268066e-01
-9.842672944068908691e-02
-8.477815985679626465e-02
-4.971770942211151123e-02
1.032900810241699219e-01
-7.033526897430419922e-02
-1.287241280078887939e-02
-1.335117220878601074e-01
-2.828020751476287842e-01
4.310235381126403809e-02
9.912458062171936035e-02
2.637619376182556152e-01
3.419824242591857910e-01
8.701467514038085938e-02
-2.059133797883987427e-01
-8.234077692031860352e-02
-9.211325645446777344e-02
-9.233900904655456543e-02
-8.925163745880126953e-02
-9.675860404968261719e-02
-8.627337217330932617e-02
-6.932607293128967285e-02
-3.651398420333862305e-02
-7.205140590667724609e-02
-9.011816978454589844e-02
7.385933399200439453e-02
-1.950153261423110962e-01
-1.491880714893341064e-01
-1.919166147708892822e-01
8.504649996757507324e-02
-1.111114025115966797e-01
-1.837646961212158203e-01
-1.938289999961853027e-01
-4.528588056564331055e-02
-1.352643370628356934e-01
-1.565684974193572998e-01
-7.164219021797180176e-02
-2.203368991613388062e-01
-9.959772229194641113e-02
-7.925784587860107422e-02
-6.878593564033508301e-02
-8.107423782348632812e-03
-1.092681884765625000e-01
-1.146446764469146729e-01
-1.073587536811828613e-01
-1.018204689025878906e-01
-1.008911132812500000e-01
-6.813019514083862305e-02
-1.092065572738647461e-01
-8.480846881866455078e-02
-8.692800998687744141e-02
-9.058108925819396973e-02
-9.470337629318237305e-02
-9.895238280296325684e-02
-1.026867032051086426e-01
-1.069962978363037109e-01
-1.555200815200805664e-01
-1.108992993831634521e-01
-1.723334491252899170e-01
-1.453927457332611084e-01
-1.526169776916503906e-01
-1.363516151905059814e-01
-1.122883856296539307e-01
-1.106322109699249268e-01
-1.095651388168334961e-01
-1.134075224399566650e-01
-1.174062788486480713e-01
-1.305088400840759277e-01
-1.331832408905029297e-01
-1.283180713653564453e-01
-1.196282207965850830e-01
-8.561679720878601074e-02
-4.238382279872894287e-01
1.674313843250274658e-01
-2.231281250715255737e-01
-2.560814619064331055e-01
-3.541397154331207275e-01
-1.255613565444946289e-01
6.898894906044006348e-01
-7.952286005020141602e-01
-3.132364153861999512e-01
5.844756960868835449e-01
-3.579595685005187988e-01
-1.065490841865539551e-01
-5.648943781852722168e-01
-9.096701741218566895e-01
2.002280354499816895e-01
5.518309473991394043e-01
3.384894728660583496e-01
6.679573655128479004e-01
6.497896313667297363e-01
1.009678244590759277e-01
-1.107594370841979980e-02
-7.245123386383056641e-02
-1.588075160980224609e-01
-1.804677844047546387e-01
-1.847341358661651611e-01
-1.940400898456573486e-01
-2.017530202865600586e-01
-2.043377161026000977e-01
-1.580774188041687012e-01
-1.301386356353759766e-01
-1.137852966785430908e-01
-9.586712718009948730e-02
-6.044954061508178711e-02
-9.251564741134643555e-03
-1.670628786087036133e-02
-2.758017182350158691e-02
-7.070934772491455078e-02
-8.708894252777099609e-02
-1.196745932102203369e-01
-1.254667043685913086e-01
-1.478697061538696289e-01
-1.457433104515075684e-01
-1.060883402824401855e-01
-1.169326007366180420e-01
-1.146637499332427979e-01
-1.267081201076507568e-01
-1.939689964056015015e-01
-1.963480710983276367e-01
-2.210220992565155029e-01
-2.076650261878967285e-01
-2.009906172752380371e-01
-1.645040810108184814e-01
-1.397284269332885742e-01
-1.252493560314178467e-01
-1.200084984302520752e-01
-1.162302792072296143e-01
-1.152706444263458252e-01
-9.832102060317993164e-02
-1.123877763748168945e-01
-1.218362450599670410e-01
-1.329372227191925049e-01
-1.370975077152252197e-01
-1.321292817592620850e-01
-1.599108427762985229e-01
-2.342152595520019531e-01
-1.224429905414581299e-01
-1.329956054687500000e-01
-1.636662781238555908e-01
-1.583892405033111572e-01
-1.419988870620727539e-01
-1.321329772472381592e-01
-1.280553638935089111e-01
-1.266326904296875000e-01
-1.264570355415344238e-01
-1.268765032291412354e-01
-1.275733709335327148e-01
-1.284144818782806396e-01
-1.289928853511810303e-01
-1.302019357681274414e-01
-1.308197081089019775e-01
-1.316671967506408691e-01
-1.528367996215820312e-01
-1.424522101879119873e-01
-1.724726855754852295e-01
-2.233488261699676514e-01
-3.216294646263122559e-01
-4.060658812522888184e-01
-1.677727103233337402e-01
1.115592122077941895e-01
-2.289641797542572021e-01
-9.020522236824035645e-03
-5.869410037994384766e-01
-1.052369177341461182e-01
-5.193766951560974121e-02
-9.931625425815582275e-02
1.796562671661376953e-01
-2.845544815063476562e-01
-5.933493375778198242e-03
-1.282816529273986816e-01
-1.605530679225921631e-01
6.881683468818664551e-01
1.640810012817382812e+00
2.303517580032348633e+00
1.190302848815917969e+00
1.273998498916625977e+00
6.240402460098266602e-01
-3.925926089286804199e-01
-8.904045820236206055e-01
-2.824291586875915527e-01
-2.346723675727844238e-01
1.820668876171112061e-01
1.151190102100372314e-01
3.175970911979675293e-01
-1.979159712791442871e-01
-2.499773204326629639e-01
-1.309949159622192383e-02
-1.917749643325805664e-02
-1.691562235355377197e-01
-5.831235647201538086e-02
-9.775170683860778809e-02
-1.675849556922912598e-01
-1.929219961166381836e-01
-1.976153254508972168e-01
-1.699176728725433350e-01
-4.310397505760192871e-01
2.836610078811645508e-01
1.379138469696044922e+00
1.141462802886962891e+00
2.017548322677612305e+00
2.277222633361816406e+00
2.383851766586303711e+00
2.022880315780639648e+00
1.801587820053100586e+00
6.249914169311523438e-01
-4.208075702190399170e-01
-3.576861321926116943e-01
-3.573417663574218750e-02
-2.320390939712524414e-02
-1.134826838970184326e-01
-6.863883137702941895e-02
-1.403710246086120605e-01
5.023092031478881836e-03
4.379416108131408691e-01
-1.511670947074890137e-01
-1.608619689941406250e-01
-1.508550941944122314e-01
-1.417685151100158691e-01
-1.379283070564270020e-01
-1.404737830162048340e-01
-1.368944346904754639e-01
-1.211830675601959229e-01
4.323342442512512207e-02
-3.629517555236816406e-02
1.116719841957092285e-02
-6.688618659973144531e-02
-2.734602987766265869e-01
-2.746492326259613037e-01
-3.484452366828918457e-01
-7.154336571693420410e-02
-7.053071260452270508e-01
-1.584069252014160156e+00
-8.653157353401184082e-01
-4.572114646434783936e-01
-1.797277033329010010e-01
-9.669990539550781250e-01
-9.700801968574523926e-02
-1.527440547943115234e-02
2.071577310562133789e-02
7.305425405502319336e-02
5.739519000053405762e-02
-1.102877259254455566e-01
9.719155430793762207e-01
2.871437370777130127e-02
-4.963338375091552734e-03
-1.209775209426879883e-01
-2.074652016162872314e-01
-3.285408020019531250e-02
1.101469993591308594e-02
3.131091594696044922e-02
5.146628618240356445e-02
7.542371749877929688e-03
7.287448644638061523e-02
9.668904542922973633e-02
9.825432300567626953e-02
6.683367490768432617e-02
3.995522856712341309e-02
3.129786252975463867e-02
-9.593981504440307617e-02
-1.354152262210845947e-01
-6.471744179725646973e-02
7.392691969871520996e-01
1.369606018066406250e+00
2.430791854858398438e+00
2.179117918014526367e+00
1.604033946990966797e+00
1.355998516082763672e+00
1.189716577529907227e+00
1.402419328689575195e+00
1.466519832611083984e+00
1.462717056274414062e+00
1.023793220520019531e+00
9.149593710899353027e-01
8.949750065803527832e-01
9.696558117866516113e-01
6.894319653511047363e-01
2.333094775676727295e-01
-4.345086216926574707e-02
-3.714525103569030762e-01
-1.039133310317993164e+00
-1.033265113830566406e+00
-8.503274917602539062e-01
-6.913405656814575195e-02
6.740227937698364258e-01
5.087047219276428223e-01
6.434692144393920898e-01
-3.401276469230651855e-01
-2.821447551250457764e-01
-7.676309943199157715e-01
2.666589617729187012e-01
2.655717730522155762e-01
6.757383942604064941e-01
4.709354043006896973e-02
-2.898590862751007080e-01
-5.549549460411071777e-01
-8.770698904991149902e-01
2.472696900367736816e-01
-8.066748976707458496e-01
8.714699149131774902e-01
8.133314251899719238e-01
5.611452460289001465e-01
9.448291659355163574e-01
7.967579960823059082e-01
4.409983754158020020e-01
-1.290580928325653076e-01
2.315044403076171875e-03
-8.266004920005798340e-02
-8.472359180450439453e-02
-7.965117692947387695e-03
2.669426798820495605e-02
6.872197985649108887e-02
-2.691913843154907227e-01
-3.032638728618621826e-01
-3.928350806236267090e-01
-5.934952497482299805e-01
-3.936754167079925537e-01
-7.694121003150939941e-01
1.178326368331909180e+00
8.529637455940246582e-01
-1.625028252601623535e-02
4.326915740966796875e-01
-3.827524185180664062e-02
-1.114772260189056396e-02
8.939972519874572754e-02
1.436252892017364502e-01
1.075494289398193359e-02
-2.632364630699157715e-01
-1.471704244613647461e-02
3.675492405891418457e-01
1.594355404376983643e-01
-1.745512783527374268e-01
6.174558401107788086e-02
3.187543153762817383e-02
-1.015338599681854248e-01
-1.445040702819824219e-01
-1.710440516471862793e-01
-1.641770899295806885e-01
-1.496977210044860840e-01
-1.365270316600799561e-01
-1.699775159358978271e-01
-1.166484951972961426e-01
-1.719436943531036377e-01
-1.781007051467895508e-01
-4.366606473922729492e-02
-2.523905038833618164e-02
-1.598699986934661865e-01
-1.859817504882812500e-01
-1.931427419185638428e-01
-1.953233778476715088e-01
-7.658153772354125977e-02
9.518173336982727051e-02
-8.894723653793334961e-02
-1.688241064548492432e-01
-2.636319100856781006e-01
4.514670372009277344e-02
-5.650877952575683594e-02
-1.357995867729187012e-01
-1.512162387371063232e-01
-1.350235939025878906e-01
-8.524075150489807129e-02
-5.469709634780883789e-03
-1.201793551445007324e-02
5.335509777069091797e-04
-1.806661486625671387e-02
-7.027083635330200195e-02
-4.538387060165405273e-03
3.356248140335083008e-02
7.422715425491333008e-03
-8.930265903472900391e-04
3.483790159225463867e-02
4.918524622917175293e-02
5.242896080017089844e-02
5.652773380279541016e-02
-9.752810001373291016e-04
2.982419729232788086e-02
8.961847424507141113e-02
1.375678181648254395e-02
3.916874527931213379e-02
2.656465768814086914e-02
1.488193869590759277e-02
-6.054818630218505859e-02
-1.802092194557189941e-01
-2.323303818702697754e-01
-4.186505675315856934e-01
-4.003965854644775391e-01
-5.308462381362915039e-01
-4.021987318992614746e-01
-5.364921092987060547e-01
-5.017871856689453125e-01
-4.072273671627044678e-01
-3.528156280517578125e-01
-3.139321506023406982e-01
-2.639524340629577637e-01
-2.275476455688476562e-01
-2.227874398231506348e-01
-5.158200860023498535e-02
-1.358761787414550781e-01
6.601687073707580566e-01
2.760034203529357910e-01
2.334666252136230469e-02
-8.485499024391174316e-02
1.342669129371643066e-03
1.237887144088745117e-01
3.919041156768798828e-02
1.546338200569152832e-02
7.822576761245727539e-01
8.358145356178283691e-01
8.452288508415222168e-01
8.016397356986999512e-01
7.270144224166870117e-01
5.489046573638916016e-01
-2.457432150840759277e-01
-2.341992259025573730e-01
-4.956026673316955566e-01
-9.421836137771606445e-01
-9.492421746253967285e-01
-7.719920277595520020e-01
-2.787789702415466309e-01
-1.136058568954467773e-01
-1.224912405014038086e-01
-8.208319544792175293e-01
-1.579475104808807373e-01
-4.247803986072540283e-01
-4.008892476558685303e-01
1.737509965896606445e-01
-5.246764421463012695e-02
4.489799141883850098e-01
4.546507596969604492e-01
2.257944345474243164e+00
1.512038707733154297e+00
1.378205776214599609e+00
1.227891445159912109e+00
7.018000483512878418e-01
1.507524847984313965e-01
2.796110391616821289e+00
8.413646817207336426e-01
1.010370969772338867e+00
-9.581623673439025879e-01
1.503789424896240234e-01
-3.739153146743774414e-01
-4.948711991310119629e-01
-1.385886907577514648e+00
-1.359866142272949219e+00
-1.191804289817810059e+00
-1.383282423019409180e+00
-1.261559963226318359e+00
-1.724935054779052734e+00
7.646549940109252930e-01
7.061755061149597168e-01
3.648040294647216797e-01
3.766483664512634277e-01
4.328409433364868164e-01
4.692751765251159668e-01
4.982920885086059570e-01
6.174005270004272461e-01
7.315203547477722168e-01
7.554464936256408691e-01
7.167375683784484863e-01
7.349345088005065918e-01
8.077245354652404785e-01
7.554880380630493164e-01
5.320604443550109863e-01
4.716154932975769043e-01
4.638708233833312988e-01
4.594870209693908691e-01
-1.068423390388488770e-01
2.403386354446411133e+00
1.207635879516601562e+00
-2.856305539608001709e-01
3.473093509674072266e-01
1.488416790962219238e-01
-8.340263366699218750e-02
-4.798606038093566895e-02
-9.526054561138153076e-02
8.300477266311645508e-02
-6.936636567115783691e-02
-1.167854666709899902e-02
1.443179845809936523e-01
-1.090319156646728516e-01
-3.226667642593383789e-02
-7.518365979194641113e-02
-4.715663194656372070e-02
-1.053180098533630371e-01
-5.450513958930969238e-02
-1.460858285427093506e-01
-1.273527145385742188e-01
-1.078189313411712646e-01
-8.012297749519348145e-02
-4.710599780082702637e-02
-2.054673433303833008e-01
1.045784354209899902e-02
-1.935840547084808350e-01
-2.093324363231658936e-01
-1.945207118988037109e-01
-1.893880069255828857e-01
-1.809322834014892578e-01
-1.105158627033233643e-01
-4.614630341529846191e-02
-1.868574619293212891e-01
-2.709420025348663330e-01
5.157282948493957520e-02
-1.559678316116333008e-01
-1.838057339191436768e-01
-7.236027717590332031e-02
3.333875536918640137e-02
3.513866662979125977e-02
8.186864852905273438e-02
-3.396198153495788574e-02
-2.975282073020935059e-02
-3.888851404190063477e-02
-3.307011723518371582e-02
-1.863622665405273438e-02
-2.864301204681396484e-03
1.849576830863952637e-02
-1.792728900909423828e-03
-1.084039509296417236e-01
-1.507222652435302734e-01
-1.189396977424621582e-01
-1.289909780025482178e-01
5.235211849212646484e-01
4.437911510467529297e-01
4.772679805755615234e-01
1.068785667419433594e+00
1.661932229995727539e+00
3.412997126579284668e-01
6.812031865119934082e-01
2.864072322845458984e-01
4.142568707466125488e-01
2.544185519218444824e-01
3.299498558044433594e-02
-1.632684469223022461e-01
-4.450286030769348145e-01
-5.205090641975402832e-01
1.550549268722534180e-02
-1.948827505111694336e-02
-3.648383617401123047e-01
-7.056351900100708008e-01
-1.581102013587951660e-01
3.761509060859680176e-01
7.789403200149536133e-03
-1.804937422275543213e-01
-1.602601110935211182e-01
-1.385229825973510742e-01
-6.696129441261291504e-01
-1.173490047454833984e+00
-3.237290978431701660e-01
-3.540538251399993896e-01
-1.129108667373657227e-01
7.654470205307006836e-02
-1.168577075004577637e-01
-7.792764902114868164e-02
4.514789581298828125e-02
-2.682945132255554199e-02
-2.190780639648437500e-02
4.819005727767944336e-03
-4.212248325347900391e-02
-1.233491301536560059e-01
-9.140309691429138184e-02
-1.986575722694396973e-01
-2.426208853721618652e-01
-4.015347361564636230e-02
-5.519866943359375000e-02
5.865913033485412598e-01
7.462197542190551758e-01
9.402740597724914551e-01
1.597563028335571289e+00
1.407635450363159180e+00
3.732711672782897949e-01
-1.156185626983642578e+00
-7.986928820610046387e-01
-4.168272316455841064e-01
-8.559084534645080566e-01
-7.190782427787780762e-01
4.493549466133117676e-01
-3.524938225746154785e-02
-2.288791537284851074e-02
-4.261535406112670898e-02
-9.945333003997802734e-03
-1.835648715496063232e-01
-4.152730107307434082e-02
-5.041572451591491699e-02
-3.360962867736816406e-02
-1.117888092994689941e-01
1.637604832649230957e-01
-1.966038346290588379e-02
-6.312304735183715820e-02
-6.427493691444396973e-02
-4.636284708976745605e-02
-2.488797903060913086e-02
-3.185570240020751953e-04
1.652961969375610352e-02
8.807021379470825195e-02
1.671173572540283203e-01
1.248362064361572266e-01
-7.867020368576049805e-02
-2.388596534729003906e-01
4.826259016990661621e-01
-1.979973912239074707e-01
-8.544039726257324219e-02
-1.770316064357757568e-01
-1.867539286613464355e-01
-1.801659166812896729e-01
-3.065448105335235596e-01
7.834688425064086914e-01
1.027122020721435547e+00
-1.500482559204101562e-01
-1.512488722801208496e-02
-2.807550132274627686e-02
8.339473605155944824e-01
5.644102096557617188e-01
5.077334642410278320e-01
4.293817877769470215e-01
7.958939671516418457e-01
1.271432161331176758e+00
1.674051582813262939e-01
4.417780041694641113e-01
1.559786498546600342e-01
-1.205851137638092041e-01
-1.656405031681060791e-01
-1.687918007373809814e-01
-1.131814122200012207e-01
-2.219647169113159180e-02
-1.589132249355316162e-01
-7.026237249374389648e-02
2.367863059043884277e-02
-9.152269363403320312e-02
-2.300786375999450684e-01
-2.142270505428314209e-01
-6.492567062377929688e-02
-2.647591829299926758e-01
-9.092012047767639160e-02
-1.715824902057647705e-01
-1.885181069374084473e-01
-1.919636726379394531e-01
-1.896152496337890625e-01
-1.773650348186492920e-01
-1.383776962757110596e-01
-1.130445301532745361e-01
-1.255650818347930908e-01
-1.862339079380035400e-01
-1.999431550502777100e-01
-5.784392356872558594e-02
2.821117639541625977e-03
-7.077607512474060059e-02
-2.265758514404296875e-01
-1.907652914524078369e-01
-3.938958048820495605e-02
-6.255432963371276855e-02
-2.649884819984436035e-01
-2.024059742689132690e-01
-1.111248135566711426e-01
-1.334705054759979248e-01
-1.569088697433471680e-01
-1.469283699989318848e-01
2.068790793418884277e-02
-2.448481321334838867e-02
-1.410535871982574463e-01
-3.215092420578002930e-02
-1.648893952369689941e-01
-3.093382716178894043e-02
-3.305107355117797852e-02
-3.168454766273498535e-02
-2.548891305923461914e-02
-3.847977519035339355e-02
-6.184208393096923828e-02
-6.190979480743408203e-02
-2.010202407836914062e-02
-1.719540357589721680e-02
-2.634245753288269043e-01
-7.126471400260925293e-02
-7.886192202568054199e-02
-9.032899141311645508e-02
-1.121250391006469727e-01
-1.573010981082916260e-01
-2.159443497657775879e-02
-1.856756359338760376e-01
-1.962885260581970215e-01
-3.807032108306884766e-02
5.016061663627624512e-02
-1.737666130065917969e-02
4.306924343109130859e-02
-2.096170485019683838e-01
1.655375957489013672e-02
6.149554252624511719e-02
-2.686691284179687500e-01
-1.826539635658264160e-02
-3.863006830215454102e-02
3.200790286064147949e-02
4.234886169433593750e-02
3.984141349792480469e-02
2.687217891216278076e-01
2.893097698688507080e-02
-1.700443923473358154e-01
-4.285091757774353027e-01
-1.103023290634155273e-01
-4.295887351036071777e-01
-1.876061260700225830e-01
-2.666249573230743408e-01
-1.278460621833801270e-01
-3.472051322460174561e-01
-2.264812737703323364e-01
-2.379162609577178955e-01
-1.001995801925659180e-01
-1.835317164659500122e-01
-1.958786696195602417e-01
-7.564903795719146729e-02
4.055099189281463623e-02
5.748438835144042969e-02
2.735621929168701172e-01
5.655011534690856934e-01
-1.398723721504211426e-01
-1.019045412540435791e-01
-1.212514936923980713e-01
-1.621853113174438477e-01
9.716659784317016602e-02
-2.816605269908905029e-01
-2.985023558139801025e-01
-5.183620452880859375e-01
-4.087337553501129150e-01
-4.859942793846130371e-01
-5.015077590942382812e-01
-5.036849975585937500e-01
-5.009527802467346191e-01
-4.386315941810607910e-01
-3.534851074218750000e-01
-5.666001439094543457e-01
-3.252975344657897949e-01
-3.675352036952972412e-01
-3.768477141857147217e-01
-3.918686509132385254e-01
-6.333589553833007812e-01
-9.147575497627258301e-01
-8.551125526428222656e-01
-1.080735206604003906e+00
6.970937848091125488e-01
7.441830039024353027e-01
-7.135564088821411133e-02
-4.813237786293029785e-01
-5.428766012191772461e-01
7.849944233894348145e-01
4.231612086296081543e-01
-2.959260344505310059e-02
-8.945238590240478516e-02
-2.806693315505981445e-02
-3.376964032649993896e-01
-2.205034196376800537e-01
-1.061102449893951416e-01
-1.344132274389266968e-01
-2.333076298236846924e-01
7.075890898704528809e-02
2.299931347370147705e-01
1.058662414550781250e+00
3.772488832473754883e-01
-5.083000659942626953e-02
4.334774613380432129e-02
2.124511301517486572e-01
-3.406250476837158203e-02
-3.224686980247497559e-01
-4.636719822883605957e-01
4.296608567237854004e-01
-2.549685835838317871e-01
-5.969520211219787598e-01
-7.216592431068420410e-01
-7.488247752189636230e-01
-7.238748669624328613e-01
-7.085962295532226562e-01
-1.271187663078308105e-01
1.055053472518920898e+00
-6.268907189369201660e-01
6.129023432731628418e-01
-8.205354213714599609e-03
1.550510525703430176e-01
6.481790542602539062e-01
9.630040526390075684e-01
9.422760605812072754e-01
1.019294023513793945e+00
5.178362727165222168e-01
1.618279516696929932e-02
2.227983474731445312e-01
6.279438734054565430e-03
2.785688638687133789e-02
4.289436340332031250e-02
3.518451750278472900e-02
-1.381901353597640991e-01
-2.357983589172363281e-01
-1.249523162841796875e-01
-2.533046305179595947e-01
-2.330777347087860107e-01
1.263146102428436279e-01
8.548229932785034180e-02
-2.767896652221679688e-02
-9.016436338424682617e-02
-5.560824275016784668e-02
4.605352878570556641e-02
-1.359895467758178711e-01
-2.142015993595123291e-01
5.932199954986572266e-02
2.146837115287780762e-02
1.032364368438720703e-02
5.561649799346923828e-03
1.133534312248229980e-02
-2.163300961256027222e-01
2.574408054351806641e-02
-5.669644474983215332e-02
-4.604530334472656250e-02
-1.732084155082702637e-02
-2.864718437194824219e-03
-3.098660707473754883e-02
-5.984076857566833496e-02
-4.929354786872863770e-02
-1.600268483161926270e-02
-1.858192682266235352e-02
-6.287363171577453613e-02
-1.403745412826538086e-01
-1.755481362342834473e-01
-1.830965876579284668e-01
-1.769299805164337158e-01
-1.130047440528869629e-02
-1.278188824653625488e-02
-2.396735548973083496e-02
-5.651590228080749512e-02
-4.440891742706298828e-02
-1.453942060470581055e-02
4.566431045532226562e-03
-1.433253288269042969e-03
7.287591695785522461e-03
3.123009204864501953e-02
3.426668047904968262e-02
4.126286506652832031e-02
4.855242371559143066e-02
4.477399587631225586e-02
-1.205993890762329102e-01
5.623671412467956543e-02
1.054551601409912109e-01
1.001685857772827148e-01
8.368510007858276367e-02
-2.208181917667388916e-01
-2.391404807567596436e-01
-3.014696240425109863e-01
-6.996100544929504395e-01
-5.241080522537231445e-01
-3.872342407703399658e-01
-1.805953085422515869e-01
-5.992901921272277832e-01
-1.938118636608123779e-01
-1.327065229415893555e-01
-1.750586926937103271e-01
-1.654917597770690918e-01
-1.547544300556182861e-01
-1.469168961048126221e-01
-1.337280869483947754e-01
-1.317944228649139404e-01
-1.365129351615905762e-01
-8.604526519775390625e-02
-1.430187821388244629e-01
-1.100156307220458984e-01
-9.186196327209472656e-02
-3.866457939147949219e-02
-3.845858573913574219e-02
-1.165612339973449707e-01
-2.254149019718170166e-01
-2.680713236331939697e-01
-1.751170158386230469e-01
-1.700144410133361816e-01
-1.837339401245117188e-01
-1.941902339458465576e-01
-1.158967614173889160e-01
-1.608474254608154297e-01
-2.183724343776702881e-01
-2.002099156379699707e-01
-1.850938200950622559e-01
-1.662940084934234619e-01
2.082711458206176758e-02
3.857803344726562500e-02
3.035479784011840820e-02
2.158969640731811523e-02
1.214677095413208008e-02
-3.295782208442687988e-02
-3.974971175193786621e-02
-5.842661857604980469e-02
-6.879037618637084961e-02
-7.058531045913696289e-02
-7.461938261985778809e-02
-8.105045557022094727e-02
-8.905109763145446777e-02
-9.797650575637817383e-02
-1.075464189052581787e-01
-1.173359155654907227e-01
-1.271463334560394287e-01
-1.299755573272705078e-01
-1.562577188014984131e-01
-1.602386534214019775e-01
-1.640225052833557129e-01
-2.335145175457000732e-01
4.763074517250061035e-01
3.749051690101623535e-01
3.530966639518737793e-01
3.337120413780212402e-01
3.101048469543457031e-01
2.806497812271118164e-01
2.495709061622619629e-01
2.216025590896606445e-01
1.995345354080200195e-01
1.843464076519012451e-01
1.761919558048248291e-01
1.741017699241638184e-01
1.771791577339172363e-01
2.051223218441009521e-01
1.202526330947875977e+00
1.521924972534179688e+00
1.564043998718261719e+00
1.559953689575195312e+00
1.330760002136230469e+00
1.598920822143554688e-01
5.477461814880371094e-01
3.533741831779479980e-01
4.540628194808959961e-02
-5.065498352050781250e-01
3.900280594825744629e-01
1.806217908859252930e+00
6.891710162162780762e-01
1.365339159965515137e-01
-4.729229211807250977e-02
6.904001235961914062e-01
2.625772356986999512e-01
1.633064270019531250e+00
2.143681049346923828e+00
3.362002134323120117e+00
6.260051250457763672e+00
4.516474246978759766e+00
4.555611133575439453e+00
4.175763607025146484e+00
3.234744787216186523e+00
3.415815114974975586e+00
3.334178924560546875e+00
3.358728885650634766e+00
3.375474691390991211e+00
3.291603803634643555e+00
2.784551858901977539e+00
2.491017103195190430e+00
2.045299291610717773e+00
1.449152946472167969e+00
-1.504833102226257324e-01
-3.499885201454162598e-01
-5.947211980819702148e-01
-5.191601514816284180e-01
-7.377713322639465332e-01
-1.232565402984619141e+00
-8.003954291343688965e-01
8.538256287574768066e-01
1.200051546096801758e+00
5.057340264320373535e-01
1.439465880393981934e-01
2.890574038028717041e-01
6.398740410804748535e-02
-1.159397959709167480e-01
-1.198040246963500977e-01
-1.193677484989166260e-01
-6.731352210044860840e-02
-8.134265542030334473e-01
-2.824019193649291992e-01
-9.695181250572204590e-02
-2.403388321399688721e-01
-2.668355405330657959e-01
-2.541831731796264648e-01
-2.310824692249298096e-01
-1.001843065023422241e-01
-2.685688734054565430e-01
-3.452427387237548828e-01
-4.484274685382843018e-01
-1.412614285945892334e-01
1.865434408187866211e+00
1.984861135482788086e+00
1.869783878326416016e+00
2.767343282699584961e+00
1.326687335968017578e+00
8.771999478340148926e-01
-5.102044343948364258e-02
1.889502108097076416e-01
3.109559416770935059e-02
1.811885833740234375e-02
-2.279415726661682129e-02
-1.236753165721893311e-01
1.753700971603393555e-01
-2.441950440406799316e-01
-1.725271940231323242e-01
7.812547683715820312e-02
-9.287533164024353027e-02
-1.399711072444915771e-01
-1.591525077819824219e-01
-1.629584729671478271e-01
-1.603842675685882568e-01
-1.554293930530548096e-01
-1.504048109054565430e-01
-1.464399695396423340e-01
-1.438665688037872314e-01
-1.426682174205780029e-01
-1.426141858100891113e-01
-1.434490680694580078e-01
-1.448741257190704346e-01
-1.467147171497344971e-01
-1.488098800182342529e-01
-2.883804440498352051e-01
3.028914928436279297e-01
9.248068928718566895e-01
1.447104692459106445e+00
1.598831892013549805e+00
7.313280105590820312e-01
2.741872966289520264e-01
5.717936158180236816e-01
-8.780931830406188965e-01
-1.078801393508911133e+00
5.362262129783630371e-01
-1.202946603298187256e-01
-6.916296482086181641e-02
-1.727940142154693604e-01
-2.028406411409378052e-01
-2.952774167060852051e-01
-2.826471924781799316e-01
-2.051061093807220459e-01
-1.730665862560272217e-01
-1.895492076873779297e-01
4.417270421981811523e-03
-1.902794837951660156e-02
-3.252106904983520508e-02
-5.283614993095397949e-02
8.330848813056945801e-02
-1.706031858921051025e-01
-1.705722808837890625e-01
-1.145593225955963135e-01
-1.327230930328369141e-01
-5.868718028068542480e-02
1.080921292304992676e-02
2.885141968727111816e-02
2.919262647628784180e-02
2.518570423126220703e-02
1.925960183143615723e-02
-2.125591039657592773e-03
-1.057783365249633789e-01
3.315333724021911621e-01
2.051147222518920898e-01
1.927086710929870605e-01
2.030254900455474854e-01
2.199361920356750488e-01
2.409484088420867920e-01
2.687537670135498047e-01
3.033678531646728516e-01
3.452993035316467285e-01
3.923014998435974121e-01
4.433971643447875977e-01
4.963579177856445312e-01
5.475212931632995605e-01
6.198725700378417969e-01
1.223534941673278809e-01
6.598436832427978516e-02
-1.707163155078887939e-01
2.244532108306884766e-02
5.022495985031127930e-02
4.337644577026367188e-02
-3.113499283790588379e-01
-3.905336856842041016e-01
-2.434716522693634033e-01
-2.436490058898925781e-01
1.295828819274902344e-02
-1.577551662921905518e-01
-1.978068351745605469e-01
-1.068317592144012451e-01
5.009747147560119629e-01
9.035808444023132324e-01
4.280686378479003906e-01
-6.480574607849121094e-01
7.476002573966979980e-01
8.348839879035949707e-01
1.304536759853363037e-01
9.606656432151794434e-02
-4.545390605926513672e-02
-1.382020413875579834e-01
-1.674651801586151123e-01
-1.889461278915405273e-02
2.121797502040863037e-01
-1.669804155826568604e-01
-1.689832806587219238e-01
-2.099297046661376953e-01
-7.761764526367187500e-02
-1.063289940357208252e-01
-6.990680098533630371e-02
-1.055152714252471924e-01
9.081712365150451660e-02
-1.542843580245971680e-01
-1.492200195789337158e-01
-1.533731818199157715e-01
-1.647202074527740479e-01
-1.686171889305114746e-01
-1.698789298534393311e-01
-1.258225440979003906e-01
2.808907628059387207e-02
5.561634898185729980e-02
5.503469705581665039e-02
6.399321556091308594e-02
7.485443353652954102e-02
8.116236329078674316e-02
8.274617791175842285e-02
8.140090107917785645e-02
7.831817865371704102e-02
7.405498623847961426e-02
6.886053085327148438e-02
6.294420361518859863e-02
-8.454674482345581055e-02
3.454509377479553223e-02
1.582706272602081299e-01
1.418128609657287598e-01
1.090934872627258301e-01
8.832803368568420410e-02
1.663565635681152344e-02
1.188254356384277344e-02
-6.619364023208618164e-03
-1.669773459434509277e-02
-1.501768827438354492e-03
3.534376621246337891e-03
1.642227172851562500e-03
-1.598088741302490234e-01
-1.322782635688781738e-01
-7.139326930046081543e-01
4.473514556884765625e-01
1.608457088470458984e+00
1.818528413772583008e+00
2.056611299514770508e+00
2.312251806259155273e+00
2.410766839981079102e+00
2.357390403747558594e+00
1.801573276519775391e+00
1.620563983917236328e+00
1.634902715682983398e+00
1.611225128173828125e+00
1.281681299209594727e+00
9.791724085807800293e-01
8.072064518928527832e-01
7.871737480163574219e-01
7.946069836616516113e-01
7.953334450721740723e-01
3.947672247886657715e-01
-1.281080245971679688e-01
9.932547807693481445e-03
-1.667617112398147583e-01
-1.594260036945343018e-01
-3.384417593479156494e-01
-1.578536033630371094e-01
1.540327072143554688e-01
1.742208898067474365e-01
-4.119727015495300293e-02
-6.055310368537902832e-02
-1.033756136894226074e-02
3.458410501480102539e-01
2.247833013534545898e-01
7.641822099685668945e-03
3.672850131988525391e-02
-5.223834514617919922e-02
-1.195637583732604980e-01
-1.228086948394775391e-01
-1.435113549232482910e-01
-1.590636372566223145e-01
-2.554777860641479492e-01
-1.990850567817687988e-01
-1.906946450471878052e-01
-3.295222520828247070e-01
-2.067656069993972778e-01
-2.350900173187255859e-01
-2.436571419239044189e-01
-3.000137209892272949e-01
-2.172371745109558105e-01
-2.126350402832031250e-01
-1.866051852703094482e-01
-1.096538007259368896e-01
-5.376771092414855957e-02
-2.896013855934143066e-02
-1.027339398860931396e-01
-1.701636910438537598e-01
-1.880069077014923096e-01
-1.908368170261383057e-01
-1.945079565048217773e-01
5.721479654312133789e-02
-1.483016014099121094e-01
-4.592125415802001953e-01
-1.508733630180358887e-02
1.935229003429412842e-01
-1.472684741020202637e-01
-3.082794547080993652e-01
-2.391941249370574951e-01
3.444498181343078613e-01
6.195793747901916504e-01
6.125722527503967285e-01
5.585933923721313477e-01
8.382944464683532715e-01
2.484422922134399414e-02
-2.159648835659027100e-01
-1.636662483215332031e-01
-1.254043579101562500e-01
-9.028667211532592773e-02
-2.684131562709808350e-01
-7.147073745727539062e-02
2.169639766216278076e-01
6.367939114570617676e-01
6.960133910179138184e-01
7.220847606658935547e-01
7.899037599563598633e-01
9.064028859138488770e-01
3.641686439514160156e-01
-5.070143938064575195e-02
-1.025867462158203125e-01
-3.142106533050537109e-02
-1.626597344875335693e-01
-1.855155229568481445e-01
-8.467891812324523926e-02
2.545326948165893555e-03
3.701227903366088867e-02
3.889814019203186035e-02
2.837058901786804199e-02
1.477009057998657227e-02
-2.244095504283905029e-01
-1.213367581367492676e-01
-1.968802809715270996e-01
-2.349401116371154785e-01
-1.051569581031799316e-01
1.392808556556701660e-02
3.754162788391113281e-02
-8.937278389930725098e-02
-1.001226603984832764e-01
-6.047031283378601074e-02
-3.356456756591796875e-03
-2.636939585208892822e-01
-7.512566447257995605e-02
-8.490532636642456055e-02
-3.510132431983947754e-02
-1.969403028488159180e-02
-2.005447149276733398e-01
-1.694277524948120117e-01
-1.316615343093872070e-01
-1.529912054538726807e-01
-1.716501712799072266e-01
-1.513961851596832275e-01
5.659821629524230957e-02
2.430952191352844238e-01
6.859739422798156738e-01
2.711076140403747559e-01
-4.656159877777099609e-01
-9.067025184631347656e-01
-9.527643322944641113e-01
-1.120173215866088867e+00
-2.240415334701538086e+00
-2.440169751644134521e-01
-5.549396872520446777e-01
-3.469032645225524902e-01
3.599606752395629883e-01
-1.272357702255249023e-01
6.540995836257934570e-02
2.173854708671569824e-01
2.607235312461853027e-02
-4.603990912437438965e-02
1.021036505699157715e-01
-1.311499774456024170e-01
-3.010000884532928467e-01
-3.247484564781188965e-02
-1.479113698005676270e-01
-1.519629359245300293e-01
-1.536382138729095459e-01
-2.173092663288116455e-01
-9.121617674827575684e-02
1.069413423538208008e-01
-1.506424844264984131e-01
7.108945250511169434e-01
5.122250318527221680e-01
9.099988341331481934e-01
1.325505495071411133e+00
2.385233342647552490e-01
1.368874013423919678e-01
8.101854920387268066e-01
9.909120202064514160e-01
5.532591938972473145e-01
8.643688559532165527e-01
3.313798308372497559e-01
4.515903592109680176e-01
-7.774598002433776855e-01
9.758496284484863281e-02
8.837197422981262207e-01
3.546130657196044922e-02
-1.549427509307861328e-01
-1.974340379238128662e-01
-7.869735360145568848e-02
-1.573002040386199951e-01
-2.251211702823638916e-01
-1.748646199703216553e-01
-1.944692730903625488e-01
-9.639686346054077148e-02
1.866400241851806641e-02
-1.735999584197998047e-01
-1.660468578338623047e-01
-1.499645709991455078e-01
-9.444743394851684570e-03
-2.177849411964416504e-03
-1.814323365688323975e-01
-2.024013996124267578e-01
-4.222607612609863281e-02
-7.891097664833068848e-02
-1.508089601993560791e-01
-1.772050559520721436e-01
-1.659479737281799316e-02
-5.330908298492431641e-02
-2.044081538915634155e-01
3.583313524723052979e-02
-1.534986346960067749e-01
2.320507168769836426e-02
-7.711291313171386719e-02
-1.574715822935104370e-01
1.895089745521545410e-01
-2.669699788093566895e-01
-6.426203250885009766e-02
-2.152777910232543945e-01
-3.280507624149322510e-01
-2.222636640071868896e-01
-1.926513314247131348e-01
-1.856253743171691895e-01
-1.801665723323822021e-01
-2.130485475063323975e-01
4.611529707908630371e-01
4.887992143630981445e-02
1.023087263107299805e+00
2.270651340484619141e+00
4.993887543678283691e-01
1.456191539764404297e-01
-1.865280568599700928e-01
-1.356504857540130615e-01
-1.867107748985290527e-01
-3.117377460002899170e-01
-5.728620290756225586e-02
-1.104549765586853027e-01
-1.752530038356781006e-01
-1.905609369277954102e-01
-1.922338604927062988e-01
-1.153055727481842041e-01
-9.621301293373107910e-02
-3.811339437961578369e-01
-1.744962334632873535e-01
-1.062355041503906250e-01
-9.198215603828430176e-02
-1.149247586727142334e-01
-1.975111365318298340e-01
3.370910882949829102e-02
-4.450598359107971191e-02
-2.605623006820678711e-01
8.013904690742492676e-01
1.282561779022216797e+00
1.584894418716430664e+00
1.479448318481445312e+00
1.505198478698730469e+00
1.516402482986450195e+00
1.227059364318847656e+00
1.170227289199829102e+00
1.085048198699951172e+00
6.658397316932678223e-01
-8.827377557754516602e-01
-5.300675630569458008e-01
1.487221717834472656e-01
1.076455354690551758e+00
-3.488188087940216064e-01
-2.008147835731506348e-01
-2.535861134529113770e-01
-1.424126029014587402e-01
-9.814837574958801270e-02
-2.288851737976074219e-01
4.333362579345703125e-01
7.642909884452819824e-01
9.541528820991516113e-01
7.190011143684387207e-01
1.277962207794189453e+00
7.493833899497985840e-01
4.508023858070373535e-01
1.145342588424682617e-01
-1.264783143997192383e-01
8.136761188507080078e-02
3.690947890281677246e-01
1.296532154083251953e-01
1.654222607612609863e-01
3.715753555297851562e-04
1.149001717567443848e-02
-8.330297470092773438e-02
-2.035683393478393555e-02
-1.060356795787811279e-01
-2.716261446475982666e-01
1.471495628356933594e-02
-1.732042431831359863e-01
-2.266934961080551147e-01
-2.156116366386413574e-01
-2.569676041603088379e-01
-1.535681486129760742e-01
-1.995190382003784180e-01
-1.593025922775268555e-01
-2.626286447048187256e-01
-2.831628918647766113e-02
-1.763390004634857178e-01
-1.675199270248413086e-01
-1.484830081462860107e-01
-1.221852302551269531e-01
-1.915809214115142822e-01
-1.763659119606018066e-01
9.078577160835266113e-02
3.716230392456054688e-03
1.044937968254089355e-01
4.842713475227355957e-02
-1.776199787855148315e-01
-9.030660986900329590e-02
-1.821282505989074707e-01
-2.020853161811828613e-01
-2.018576860427856445e-01
-1.655485928058624268e-01
-1.840886771678924561e-01
-1.942788064479827881e-01
-4.719322919845581055e-02
1.044257283210754395e-01
-2.034038305282592773e-02
-1.401740908622741699e-01
-5.519837141036987305e-02
-1.784820258617401123e-01
3.339248895645141602e-02
-9.345433115959167480e-02
-1.036614775657653809e-01
-4.469227790832519531e-02
-4.160642623901367188e-02
-3.566485643386840820e-02
-2.912712097167968750e-02
-4.943069815635681152e-02
-1.947104930877685547e-02
-3.433981537818908691e-02
-8.271595835685729980e-02
-8.150777220726013184e-02
-7.755538821220397949e-02
-4.881235957145690918e-02
-2.822232246398925781e-02
-1.054663658142089844e-01
-1.473151147365570068e-01
-2.385832965373992920e-01
-6.979766488075256348e-02
-9.343147277832031250e-02
-1.319096386432647705e-01
-8.195281028747558594e-03
-2.504232525825500488e-01
-6.433740854263305664e-01
-2.852799296379089355e-01
-2.187364101409912109e-01
-1.056846976280212402e-02
3.975901007652282715e-02
3.514012694358825684e-02
2.413463592529296875e-02
1.416820287704467773e-02
4.865884780883789062e-03
-3.219756484031677246e-02
-1.470652520656585693e-01
-1.673921942710876465e-02
-2.655889987945556641e-01
-2.769666016101837158e-01
-2.823956012725830078e-01
-2.582471370697021484e-01
-2.640735507011413574e-01
-6.672352552413940430e-02
4.744565486907958984e-02
1.048094928264617920e-01
6.218284368515014648e-02
8.983731269836425781e-03
-1.278748512268066406e-01
-4.367352724075317383e-01
1.189526319503784180e+00
1.647089958190917969e+00
1.828931331634521484e+00
1.384256362915039062e+00
1.340381860733032227e+00
1.204714536666870117e+00
1.728278398513793945e+00
-2.225759029388427734e-01
1.363354325294494629e-01
1.962122917175292969e-01
8.895791172981262207e-01
-1.026930212974548340e-01
-4.030587077140808105e-01
-5.982485413551330566e-01
2.992242574691772461e-02
2.371491193771362305e-01
1.224811077117919922e-01
-1.705527901649475098e-01
-1.647490262985229492e-01
-3.160897493362426758e-01
-5.018239617347717285e-01
5.379396677017211914e-01
1.033495903015136719e+00
7.546309232711791992e-01
7.340533137321472168e-01
2.155361771583557129e-01
1.823502779006958008e-01
2.661476731300354004e-01
1.426079511642456055e+00
1.356933355331420898e+00
1.047386884689331055e+00
1.048471927642822266e+00
1.241815567016601562e+00
1.383755683898925781e+00
1.360324859619140625e+00
1.197755336761474609e-01
-6.602151989936828613e-01
2.877266108989715576e-01
1.065490245819091797e-01
-1.230541706085205078e+00
4.323390126228332520e-01
5.535431504249572754e-01
3.487684130668640137e-01
-1.461470723152160645e-01
3.939721584320068359e-01
1.329475879669189453e+00
9.283360838890075684e-01
7.586552500724792480e-01
3.078225851058959961e-01
-3.422278761863708496e-01
-4.712576270103454590e-01
-6.642993092536926270e-01
-1.147992610931396484e-01
4.893437027931213379e-01
7.116496562957763672e-02
-9.775232672691345215e-01
-6.635445356369018555e-02
3.130325794219970703e+00
2.044796228408813477e+00
2.104040384292602539e+00
1.692908048629760742e+00
2.035674333572387695e+00
2.352503538131713867e+00
1.514271259307861328e+00
-2.212752401828765869e-02
-1.911710202693939209e-01
-1.225471258163452148e+00
-1.257575750350952148e+00
-9.071879982948303223e-01
3.929057717323303223e-01
6.116726994514465332e-01
-1.484115272760391235e-01
-2.852690815925598145e-01
-2.001914978027343750e-01
-1.667852997779846191e-01
-1.475248038768768311e-01
2.519503235816955566e-02
-1.088457405567169189e-01
-2.101877927780151367e-01
6.922793388366699219e-02
1.201115250587463379e-01
-1.195043027400970459e-01
-9.615629911422729492e-02
-3.780215978622436523e-02
-2.248358428478240967e-01
-1.922717690467834473e-02
-2.720786333084106445e-01
-1.015552282333374023e-01
-3.867420554161071777e-02
-1.732923388481140137e-01
-1.847614347934722900e-01
-1.844761371612548828e-01
-1.808668673038482666e-01
-1.749017834663391113e-01
-1.605732142925262451e-01
-1.423269808292388916e-01
-1.161170303821563721e-01
-8.069300651550292969e-02
-3.803843259811401367e-02
-3.052324056625366211e-03
1.938238739967346191e-02
-1.762913763523101807e-01
-1.866494864225387573e-01
-4.798433184623718262e-02
-2.261608541011810303e-01
-2.273897975683212280e-01
-1.008577942848205566e-01
-1.452775895595550537e-01
5.186843872070312500e-02
3.058789968490600586e-01
-7.572156190872192383e-02
7.735639810562133789e-01
2.126415491104125977e+00
1.618105888366699219e+00
3.724487423896789551e-01
-6.840378046035766602e-02
3.171995282173156738e-01
3.745037317276000977e-02
3.493329882621765137e-01
9.410782456398010254e-01
4.669404029846191406e-01
9.212605357170104980e-01
4.098179340362548828e-01
2.578630745410919189e-01
-6.404933333396911621e-02
-1.867766976356506348e-01
1.132365763187408447e-01
-5.745583772659301758e-02
-2.707535624504089355e-01
-2.110681235790252686e-01
2.933993935585021973e-02
-1.843669414520263672e-01
-2.339719533920288086e-01
-1.209501326084136963e-01
-6.075832247734069824e-02
-1.575382649898529053e-01
-2.005116045475006104e-01
-9.333494305610656738e-02
-6.146991252899169922e-02
1.672796010971069336e-01
5.479606986045837402e-01
9.798875451087951660e-01
1.296419620513916016e+00
1.139959812164306641e+00
2.119405567646026611e-01
-9.644022583961486816e-02
-1.384664475917816162e-01
-1.224538981914520264e-01
-1.541044414043426514e-01
-1.834770739078521729e-01
-1.108037531375885010e-01
-1.606927216053009033e-01
-1.765034794807434082e-01
1.395155489444732666e-01
1.547694206237792969e-03
-1.585101485252380371e-01
-1.774724125862121582e-01
-8.702176809310913086e-02
4.738199710845947266e-02
-1.029805243015289307e-01
-1.124453246593475342e-01
6.043434143066406250e-03
-9.650701284408569336e-02
3.914169073104858398e-01
3.007078766822814941e-01
1.228577494621276855e-01
8.550658822059631348e-01
7.981557846069335938e-01
7.203541994094848633e-01
5.669313669204711914e-01
1.699089288711547852e+00
1.528273344039916992e+00
8.521434664726257324e-01
-6.650069355964660645e-01
-3.447977900505065918e-01
1.226886987686157227e+00
-6.835775971412658691e-01
3.634495139122009277e-01
3.633021712303161621e-01
1.663534045219421387e-01
-4.447591304779052734e-02
-6.180541515350341797e-01
-9.361342787742614746e-01
-2.514563798904418945e-01
-2.535017132759094238e-01
-6.729486584663391113e-02
-2.229416966438293457e-01
-5.069264769554138184e-02
-2.800065279006958008e-02
-9.599927067756652832e-02
-1.086998879909515381e-01
2.528566122055053711e-02
-7.223463058471679688e-02
-2.831748127937316895e-02
-1.319094002246856689e-01
-2.841027379035949707e-01
-7.917875051498413086e-02
-2.478864043951034546e-01
-2.326026558876037598e-01
-1.021290719509124756e-01
-7.917594909667968750e-02
-2.502118349075317383e-01
-7.674369215965270996e-02
-1.646018028259277344e-01
-1.747425794601440430e-01
-9.384575486183166504e-02
-8.225572109222412109e-02
-1.284801661968231201e-01
-1.023447811603546143e-01
-3.742203116416931152e-02
-1.981166154146194458e-01
1.080791056156158447e-01
-7.918745279312133789e-02
-7.020509243011474609e-02
-7.086113095283508301e-02
-1.485556066036224365e-01
-3.254798054695129395e-02
-1.194480359554290771e-01
-2.551020681858062744e-01
-8.926904201507568359e-02
-3.680923581123352051e-02
-5.285137891769409180e-02
-2.987307310104370117e-02
4.390561580657958984e-02
-2.458000183105468750e-02
-2.584865689277648926e-02
-2.062615752220153809e-02
-2.453667223453521729e-01
-2.402126789093017578e-02
-4.835459589958190918e-02
-4.611968994140625000e-02
-2.303394675254821777e-02
-4.985967278480529785e-02
-1.243247538805007935e-01
-3.670482039451599121e-01
-5.981957912445068359e-01
-2.634536623954772949e-01
-4.426854848861694336e-01
-5.446882247924804688e-01
-1.679284870624542236e-01
-2.077092528343200684e-01
-1.159478127956390381e-01
-7.834163308143615723e-02
-5.150952339172363281e-01
-1.214103698730468750e-01
-1.113665699958801270e-01
-8.155184984207153320e-02
-1.044024825096130371e-01
-8.253562450408935547e-02
-1.076060533523559570e-01
-1.054216027259826660e-01
-1.075693666934967041e-01
-8.655557036399841309e-02
-1.329649984836578369e-01
-1.021060347557067871e-01
-6.554937362670898438e-02
-9.362295269966125488e-02
-9.773555397987365723e-02
-1.192822456359863281e-01
-1.151768863201141357e-01
-1.170686483383178711e-01
-1.124889552593231201e-01
-2.649943530559539795e-01
-2.737039625644683838e-01
-2.002875953912734985e-01
-5.553815364837646484e-01
-5.097538232803344727e-01
-3.747801184654235840e-01
-2.974944710731506348e-01
-3.140812218189239502e-01
-4.117236435413360596e-01
-5.226318836212158203e-01
-3.990167379379272461e-01
-5.992456674575805664e-01
-2.829488813877105713e-01
-2.975210249423980713e-01
-4.324081540107727051e-01
-1.922851502895355225e-01
-3.345927298069000244e-01
-3.130239248275756836e-01
-4.033005237579345703e-01
-6.305192708969116211e-01
-6.570602655410766602e-01
-7.589417099952697754e-01
-4.249446690082550049e-01
-4.483006298542022705e-01
-4.209046065807342529e-01
-5.602885484695434570e-01
-8.047737479209899902e-01
-4.188042283058166504e-01
1.001628875732421875e+00
-2.850082218647003174e-01
1.515847444534301758e-02
-1.844839572906494141e+00
-1.267182350158691406e+00
1.838451921939849854e-01
1.398009359836578369e-01
-7.683008909225463867e-03
-1.382458209991455078e-02
-9.018838405609130859e-03
-6.707492470741271973e-02
-7.769054174423217773e-02
-2.572098374366760254e-02
-2.230149507522583008e-02
-6.320443749427795410e-02
4.397160410881042480e-01
2.599348723888397217e-01
4.337477684020996094e-01
1.815359354019165039e+00
1.056632280349731445e+00
7.243437767028808594e-01
5.233216285705566406e-01
-5.179207324981689453e-01
1.047383546829223633e+00
5.674495100975036621e-01
2.092708647251129150e-01
-1.503267288208007812e-01
-3.280968666076660156e-01
-4.589319825172424316e-01
5.133241415023803711e-02
1.062789678573608398e+00
1.293245077133178711e+00
7.745639681816101074e-01
1.311677992343902588e-01
1.319845318794250488e-01
-1.739530265331268311e-02
1.112446188926696777e-03
2.478917539119720459e-01
1.376868486404418945e-01
-6.864041090011596680e-02
-6.115984916687011719e-02
-3.722712397575378418e-02
9.326350688934326172e-02
-7.547402381896972656e-02
-6.784275174140930176e-03
-1.120235770940780640e-01
-1.134254932403564453e-01
-1.068067699670791626e-01
-8.063334226608276367e-02
-5.934375524520874023e-02
-4.642444849014282227e-02
-4.059121012687683105e-02
-3.882327675819396973e-02
1.724575459957122803e-01
1.371362805366516113e-02
-1.045455932617187500e-01
-1.077556610107421875e-01
-8.712378144264221191e-02
-7.375118136405944824e-02
-6.224420666694641113e-02
-3.387215733528137207e-02
-3.076094388961791992e-02
-7.372048497200012207e-02
-1.070841848850250244e-01
-1.490784585475921631e-01
-2.097027003765106201e-01
-2.433461397886276245e-01
-1.430724263191223145e-01
-8.532288670539855957e-02
-7.166594266891479492e-03
-3.998428583145141602e-03
2.458035945892333984e-02
-8.838051557540893555e-02
-1.176028251647949219e-01
-1.549424231052398682e-01
-1.950020194053649902e-01
-2.809618115425109863e-01
-2.766529917716979980e-01
-2.317649126052856445e-01
-1.133173406124114990e-01
-1.087559759616851807e-01
-5.901634693145751953e-02
1.162624359130859375e-02
-1.087588071823120117e-02
5.586147308349609375e-02
-2.633578181266784668e-01
-8.740231394767761230e-02
-2.616073489189147949e-01
-1.353038847446441650e-01
1.337538957595825195e-01
1.031031608581542969e+00
1.174542427062988281e+00
7.472226023674011230e-02
-1.767269670963287354e-01
7.296323776245117188e-03
5.657213926315307617e-02
-2.532531023025512695e-01
2.012549638748168945e-01
-6.445847749710083008e-01
1.683976054191589355e-01
5.535517334938049316e-01
1.193210482597351074e-01
-2.139040529727935791e-01
4.954923391342163086e-01
9.786918759346008301e-01
1.195978641510009766e+00
1.392601251602172852e+00
1.105578899383544922e+00
1.493045091629028320e+00
1.222632825374603271e-01
-1.915450990200042725e-01
4.358696937561035156e-02
-5.850398540496826172e-02
-3.359588980674743652e-02
1.160589754581451416e-01
7.449272274971008301e-02
1.239442825317382812e-01
-2.347709089517593384e-01
2.033495903015136719e-02
-1.525986194610595703e-01
-1.824041903018951416e-01
-1.848073303699493408e-01
-1.816922128200531006e-01
-1.748941242694854736e-01
-1.933551430702209473e-01
-2.087452411651611328e-01
2.494138479232788086e-02
-7.200473546981811523e-02
-2.389552295207977295e-01
-9.371235966682434082e-02
4.357482790946960449e-01
6.645103693008422852e-01
5.108148455619812012e-01
-7.531154155731201172e-02
-8.373051881790161133e-03
-1.435066163539886475e-01
-9.013462066650390625e-02
-4.662442207336425781e-02
-3.590059280395507812e-02
-8.594989776611328125e-02
-1.788771152496337891e-01
-1.830790638923645020e-01
-1.342084109783172607e-01
-2.182606756687164307e-01
-2.134040594100952148e-01
-1.593026518821716309e-01
-2.158122360706329346e-01
-1.004330217838287354e-01
-3.297832608222961426e-02
-1.910093426704406738e-02
-1.595187485218048096e-01
-1.687211990356445312e-01
5.116087198257446289e-02
-1.601128578186035156e-01
-3.238197565078735352e-01
-3.005692064762115479e-01
-7.439935207366943359e-02
-7.579979300498962402e-02
3.757512569427490234e-02
-1.380591988563537598e-01
-7.296043634414672852e-02
-1.024428308010101318e-01
-1.324307024478912354e-01
-1.995171010494232178e-01
2.221494913101196289e-02
1.964038610458374023e-02
-8.308172225952148438e-03
-1.259291172027587891e-02
-3.440827131271362305e-03
-2.093347907066345215e-02
-1.474702358245849609e-02
1.580747961997985840e-02
-1.436913013458251953e-02
-1.223276555538177490e-01
-1.975600719451904297e-01
-1.474294364452362061e-01
-8.223602175712585449e-02
-6.481105089187622070e-02
-5.330285429954528809e-02
-1.148545742034912109e-02
-7.293623685836791992e-02
-1.808348000049591064e-01
-2.797548174858093262e-01
-1.180715262889862061e-01
-1.874547302722930908e-01
-1.542610526084899902e-01
-1.413100361824035645e-01
-1.511042416095733643e-01
-1.543348729610443115e-01
-1.557508707046508789e-01
-1.604483127593994141e-01
-1.453885436058044434e-01
-5.368712544441223145e-02
-7.055011391639709473e-02
-5.065205693244934082e-02
2.814144790172576904e-01
2.227643430233001709e-01
2.353405654430389404e-01
6.380558013916015625e-01
2.597741782665252686e-01
4.076172709465026855e-01
4.567449688911437988e-01
1.022969245910644531e+00
1.250291585922241211e+00
1.164247512817382812e+00
3.866776823997497559e-01
9.066076874732971191e-01
6.936212778091430664e-01
1.442255020141601562e+00
1.220205545425415039e+00
1.906923353672027588e-01
-7.832047343254089355e-02
1.241612434387207031e-02
3.065420985221862793e-01
5.483240485191345215e-01
6.622042059898376465e-01
-3.730723857879638672e-01
-1.145017385482788086e+00
5.627017617225646973e-01
9.405076503753662109e-03
9.179522395133972168e-01
1.924803256988525391e-01
8.414059877395629883e-03
7.215133309364318848e-02
-1.380166113376617432e-01
-1.583942770957946777e-01
-1.230503618717193604e-01
-1.146913468837738037e-01
-1.499897688627243042e-01
-1.307678520679473877e-01
-4.757146239280700684e-01
-3.729252815246582031e-01
-3.002184033393859863e-01
-5.106740593910217285e-01
-5.277847051620483398e-01
-5.260403156280517578e-01
-7.091664671897888184e-01
-1.460805654525756836e+00
-1.165211051702499390e-01
-1.948144435882568359e-01
-1.530970036983489990e-01
1.877146661281585693e-01
-1.921394765377044678e-01
8.303799033164978027e-01
1.286035537719726562e+00
6.365997195243835449e-01
1.770696043968200684e-02
8.160412311553955078e-03
-1.651476323604583740e-01
-1.157917529344558716e-01
-1.273692846298217773e-01
-1.801871955394744873e-01
-1.418931186199188232e-01
2.217265069484710693e-01
1.621825098991394043e-01
-1.628152132034301758e-01
-1.801656484603881836e-01
-2.278330922126770020e-01
6.144964694976806641e-02
-3.824150562286376953e-02
-1.346613466739654541e-01
-2.744385600090026855e-02
-4.101285338401794434e-02
-1.052891910076141357e-01
4.589046835899353027e-01
1.127619266510009766e+00
1.359846353530883789e+00
3.381314277648925781e-01
6.334289312362670898e-01
9.711232781410217285e-01
2.676046490669250488e-01
-4.051104187965393066e-02
2.035758197307586670e-01
1.661890447139739990e-01
5.738988518714904785e-02
-6.808978319168090820e-02
5.914166569709777832e-03
-9.035181254148483276e-02
-2.601439356803894043e-01
1.162883043289184570e-01
5.343717336654663086e-02
3.526091575622558594e-03
-3.596886992454528809e-02
-2.897012233734130859e-02
-1.299518346786499023e-01
-5.076485872268676758e-01
-7.933524250984191895e-02
-8.178511261940002441e-02
-5.113786458969116211e-02
-7.316964864730834961e-02
-1.039216518402099609e-01
-7.344493269920349121e-02
-8.603367209434509277e-02
-2.694048583507537842e-01
-3.653637170791625977e-01
-1.619800031185150146e-01
-1.694394052028656006e-01
-1.161735951900482178e-01
-1.443602442741394043e-01
-1.353722810745239258e-02
-4.112631082534790039e-02
3.988766670227050781e-02
4.230791330337524414e-02
4.230153560638427734e-02
-1.630181372165679932e-01
-3.227199614048004150e-01
-5.578463673591613770e-01
-6.138950586318969727e-01
-5.941005945205688477e-01
-3.477993905544281006e-01
6.371798515319824219e-01
8.319600224494934082e-01
-2.250940501689910889e-01
1.343298852443695068e-01
1.485562324523925781e-01
1.126001596450805664e+00
1.253245353698730469e+00
1.789655447006225586e+00
1.583031892776489258e+00
1.334472417831420898e+00
1.122699499130249023e+00
8.053310513496398926e-01
9.684980511665344238e-01
7.566241621971130371e-01
6.231725811958312988e-01
4.185989499092102051e-01
2.308998107910156250e-01
-3.403034806251525879e-02
-2.516740560531616211e-01
-2.688354253768920898e-01
-1.022077798843383789e-01
-1.280127763748168945e-01
-1.244500875473022461e-01
-1.787593960762023926e-01
-1.523189246654510498e-01
-1.444480717182159424e-01
-1.215659081935882568e-01
-7.600125670433044434e-02
-1.426628828048706055e-01
-8.199828863143920898e-02
-9.286716580390930176e-02
-9.375634789466857910e-02
-9.292280673980712891e-02
-9.145748615264892578e-02
-9.070587158203125000e-02
-9.041407704353332520e-02
-9.018209576606750488e-02
-9.006646275520324707e-02
-5.923122167587280273e-02
-8.960777521133422852e-02
-1.049073040485382080e-01
-1.646593213081359863e-01
-1.565684080123901367e-01
-3.275692462921142578e-02
9.728491306304931641e-03
1.687121391296386719e-02
1.919531822204589844e-02
1.931485533714294434e-02
1.706132292747497559e-02
-1.362228393554687500e-02
-8.193066716194152832e-02
-1.765912175178527832e-01
-3.076205253601074219e-01
-3.150271475315093994e-01
-9.331130981445312500e-02
4.684492945671081543e-02
-6.582200527191162109e-03
-2.009607851505279541e-01
-3.307753801345825195e-01
-9.268248081207275391e-02
-1.487927138805389404e-01
-1.301263570785522461e-01
-1.429416835308074951e-01
-1.399748325347900391e-01
-1.439072787761688232e-01
-1.357220411300659180e-01
-1.867897808551788330e-01
1.111692905426025391e+00
1.582422256469726562e+00
1.824254035949707031e+00
1.789229631423950195e+00
1.710988283157348633e+00
1.540230751037597656e+00
1.728258371353149414e+00
1.423659563064575195e+00
1.329842805862426758e+00
1.243947505950927734e+00
1.217640638351440430e+00
7.573252320289611816e-01
6.434982419013977051e-01
1.979771137237548828e+00
1.663429260253906250e+00
4.449786543846130371e-01
7.212613821029663086e-01
3.242802619934082031e-02
-6.965317130088806152e-01
5.026941299438476562e-01
1.179748058319091797e+00
1.052709102630615234e+00
7.253939509391784668e-01
2.355366051197052002e-01
-2.392756938934326172e-02
-3.563994169235229492e-02
-1.021836102008819580e-01
-1.496477425098419189e-01
-1.428048908710479736e-01
-1.239317357540130615e-01
-8.126974105834960938e-03
1.366291642189025879e-01
-2.387847304344177246e-01
-5.769431591033935547e-03
2.470638751983642578e-01
3.184682726860046387e-01
1.585907042026519775e-01
-3.853559494018554688e-02
-2.307331115007400513e-01
-1.695524454116821289e-01
-1.916779279708862305e-01
-1.665251255035400391e-01
-1.197032034397125244e-01
-1.594517827033996582e-01
-1.858544349670410156e-01
1.858479082584381104e-01
-1.132445931434631348e-01
-1.052338480949401855e-01
-1.534934639930725098e-01
-8.189967274665832520e-02
-2.328270673751831055e-01
8.259028196334838867e-03
5.974650382995605469e-03
-1.985095441341400146e-01
1.222196221351623535e-02
4.694202542304992676e-02
-1.848608255386352539e-03
1.452228724956512451e-01
3.238609433174133301e-01
1.260665655136108398e-01
-1.040815412998199463e-01
-1.884223818778991699e-01
-2.138594686985015869e-01
-3.206866979598999023e-02
-6.077408790588378906e-02
-1.901919245719909668e-01
2.350527048110961914e-02
7.071834802627563477e-02
8.388552069664001465e-02
8.514320850372314453e-02
8.154258131980895996e-02
7.654887437820434570e-02
-5.590835213661193848e-02
4.742544889450073242e-02
1.372518241405487061e-01
1.121402382850646973e-01
-6.487518548965454102e-03
-6.844174861907958984e-02
-4.611685872077941895e-02
-2.634930908679962158e-01
-2.977975010871887207e-01
-2.724081575870513916e-01
-6.615756154060363770e-01
