1.032755732536315918e+00
1.233754158020019531e+00
1.219615936279296875e+00
1.358557939529418945e+00
1.381516695022583008e+00
1.091144561767578125e+00
1.605069518089294434e+00
1.206798315048217773e+00
1.003468632698059082e+00
9.561750888824462891e-01
1.006959319114685059e+00
9.517410397529602051e-01
8.664008975028991699e-01
8.447546362876892090e-01
8.068266510963439941e-01
7.269122004508972168e-01
6.400629878044128418e-01
5.680192112922668457e-01
4.988525509834289551e-01
4.268261492252349854e-01
3.541501462459564209e-01
2.816758751869201660e-01
2.149692028760910034e-01
1.603368669748306274e-01
1.161143779754638672e-01
7.227887213230133057e-02
1.986909471452236176e-02
-4.051840305328369141e-02
-9.139939397573471069e-02
-1.286285370588302612e-01
-1.572539806365966797e-01
-1.818751394748687744e-01
-2.063839584589004517e-01
-2.445329278707504272e-01
-2.590465247631072998e-01
-1.699294894933700562e-01
1.138375550508499146e-01
3.765562921762466431e-02
-1.150275580585002899e-02
6.076819300651550293e-01
3.848157823085784912e-01
-3.358544409275054932e-02
1.429127305746078491e-01
3.236909508705139160e-01
1.582895666360855103e-01
1.301316730678081512e-02
-2.195838242769241333e-01
-4.294379651546478271e-01
-3.399612307548522949e-01
-2.707313597202301025e-01
-1.049575656652450562e-01
-2.198957651853561401e-01
-1.875387877225875854e-01
-1.858692020177841187e-01
-3.861504793167114258e-02
-3.360021114349365234e-02
3.097704946994781494e-01
5.594243407249450684e-01
5.782305598258972168e-01
6.114143133163452148e-01
8.102236390113830566e-01
1.004777908325195312e+00
1.129193544387817383e+00
8.775923848152160645e-01
5.908005237579345703e-01
2.985972166061401367e-01
2.277492582798004150e-01
1.685962826013565063e-01
2.878088653087615967e-01
1.969136148691177368e-01
6.596402525901794434e-01
1.033159136772155762e+00
1.172064304351806641e+00
1.445625305175781250e+00
1.219029903411865234e+00
9.933242797851562500e-01
9.287546277046203613e-01
9.239952564239501953e-01
7.078601121902465820e-01
6.853030323982238770e-01
5.781968235969543457e-01
4.690474569797515869e-01
3.338218331336975098e-01
2.135257869958877563e-01
8.757548034191131592e-02
-4.356788471341133118e-03
-4.116721451282501221e-02
-2.991037257015705109e-02
1.973650902509689331e-01
1.828132718801498413e-01
-9.274362027645111084e-02
2.723738551139831543e-01
4.636948108673095703e-01
4.438577294349670410e-01
3.675742149353027344e-01
2.638480663299560547e-01
7.390724420547485352e-01
1.123994588851928711e+00
1.350253582000732422e+00
1.214269042015075684e+00
8.169785737991333008e-01
6.623668074607849121e-01
9.597529768943786621e-01
8.380042910575866699e-01
8.343653082847595215e-01
6.679834723472595215e-01
1.772661656141281128e-01
9.601864218711853027e-02
1.435570269823074341e-01
2.830758690834045410e-01
3.913648426532745361e-01
8.107516169548034668e-01
7.244696021080017090e-01
8.125241994857788086e-01
6.245554089546203613e-01
5.519527792930603027e-01
5.332485437393188477e-01
1.720028668642044067e-01
5.353689193725585938e-02
-6.115959957242012024e-03
4.310673475265502930e-01
2.671561241149902344e-01
-5.346955060958862305e-01
-2.113499194383621216e-01
-1.702524907886981964e-02
-9.336121380329132080e-02
-2.564440369606018066e-01
7.774741947650909424e-02
2.878443598747253418e-01
2.762804031372070312e-01
2.131091505289077759e-01
4.394814372062683105e-01
3.187914192676544189e-02
-6.636700034141540527e-02
-1.943857967853546143e-01
-2.388085573911666870e-01
-2.625680565834045410e-01
-2.576224803924560547e-01
-2.475942820310592651e-01
-1.498353332281112671e-01
-1.817964166402816772e-01
-1.202662475407123566e-02
-3.973048925399780273e-01
-4.309277236461639404e-01
-3.368394672870635986e-01
-3.600492477416992188e-01
-4.129595756530761719e-01
-4.114099740982055664e-01
-3.968484401702880859e-01
-3.451069295406341553e-01
-3.034688830375671387e-01
-3.723265826702117920e-01
-3.549730181694030762e-01
-1.442538052797317505e-01
-1.474754661321640015e-01
-1.520521491765975952e-01
-4.647905528545379639e-01
-1.697560697793960571e-01
1.441083997488021851e-01
-3.608152568340301514e-01
-3.117733597755432129e-01
6.444162875413894653e-02
2.209266871213912964e-01
6.659759283065795898e-01
6.864680647850036621e-01
1.164461016654968262e+00
1.649910449981689453e+00
1.682614326477050781e+00
6.772216558456420898e-01
5.185697078704833984e-01
5.274266004562377930e-01
1.448251008987426758e+00
1.382294535636901855e+00
7.726694345474243164e-01
1.683853715658187866e-01
-3.632002472877502441e-01
-5.411987006664276123e-02
1.299496531486511230e+00
1.223667502403259277e+00
1.090936422348022461e+00
1.051909446716308594e+00
4.931102097034454346e-01
3.537468612194061279e-02
8.824174106121063232e-02
1.765162795782089233e-01
4.445371925830841064e-01
9.450129866600036621e-01
1.353106975555419922e+00
1.028303980827331543e+00
6.361413598060607910e-01
7.115370035171508789e-01
4.666068255901336670e-01
3.249096572399139404e-01
-6.979929283261299133e-03
2.640931010246276855e-01
3.643205165863037109e-01
4.497700929641723633e-01
4.610875248908996582e-01
4.136758148670196533e-01
4.286088049411773682e-01
4.651557505130767822e-01
6.135122179985046387e-01
7.313495278358459473e-01
5.919658541679382324e-01
7.143555879592895508e-01
7.511904239654541016e-01
7.494112253189086914e-01
7.130950689315795898e-01
6.397137641906738281e-01
6.843122839927673340e-01
5.954777598381042480e-01
6.189295649528503418e-01
6.965218186378479004e-01
7.550843358039855957e-01
7.753147482872009277e-01
7.801818251609802246e-01
7.848750948905944824e-01
8.000474572181701660e-01
8.240416646003723145e-01
7.644993066787719727e-01
7.785215973854064941e-01
7.995308041572570801e-01
6.064789891242980957e-01
6.459295749664306641e-01
9.841489791870117188e-01
7.744038701057434082e-01
2.955589592456817627e-01
1.072468161582946777e+00
9.916296601295471191e-01
7.748788595199584961e-01
7.831784486770629883e-01
7.675001025199890137e-01
6.456162333488464355e-01
4.328120052814483643e-01
3.676800429821014404e-01
2.334029674530029297e-01
1.252961605787277222e-01
7.610283792018890381e-02
-2.838771231472492218e-02
1.939851045608520508e-01
1.132299005985260010e-01
5.442957580089569092e-02
2.455724403262138367e-03
-1.911865361034870148e-02
-1.444064266979694366e-02
-2.409082800149917603e-01
7.243586182594299316e-01
8.650887608528137207e-01
6.716395020484924316e-01
7.746870517730712891e-01
6.000785231590270996e-01
4.842461049556732178e-01
2.120109498500823975e-01
2.558669447898864746e-01
5.978986620903015137e-01
8.969221115112304688e-01
4.073651134967803955e-01
1.225423589348793030e-01
1.232335865497589111e-01
-6.010137498378753662e-02
7.632438838481903076e-02
1.075673699378967285e-01
2.706813812255859375e-01
3.656700551509857178e-01
6.237131953239440918e-01
7.569733858108520508e-01
7.786429673433303833e-02
5.100669860839843750e-01
5.721906423568725586e-01
-4.245337843894958496e-01
5.824645757675170898e-01
3.751836717128753662e-02
4.426722228527069092e-02
2.043634504079818726e-01
4.290801584720611572e-01
1.109453558921813965e+00
1.296800971031188965e+00
1.205977201461791992e+00
1.034609436988830566e+00
8.878055214881896973e-01
9.149989485740661621e-01
9.457847476005554199e-01
7.883260846138000488e-01
2.995988726615905762e-01
7.246391475200653076e-02
-2.071254141628742218e-02
1.582776457071304321e-01
8.855904638767242432e-02
4.154895246028900146e-02
3.979535400867462158e-02
5.799172818660736084e-02
7.252912223339080811e-02
1.009690612554550171e-01
1.582252532243728638e-01
1.682524681091308594e-01
2.399538271129131317e-02
-3.751274049282073975e-01
5.585779547691345215e-01
2.538443505764007568e-01
1.699300855398178101e-01
1.400413215160369873e-01
1.262013167142868042e-01
2.505867779254913330e-01
-1.954238303005695343e-02
1.288915723562240601e-01
2.259054183959960938e-01
1.624011248350143433e-01
-1.483730524778366089e-01
1.672061719000339508e-02
-1.607606410980224609e-01
-2.045395821332931519e-01
-1.399527639150619507e-01
-2.186010330915451050e-01
-3.380150794982910156e-01
-3.689789474010467529e-01
-3.796290755271911621e-01
-3.860279023647308350e-01
-3.381338715553283691e-01
-3.990077078342437744e-01
-3.380146026611328125e-01
-2.687648236751556396e-01
-2.336984425783157349e-01
-2.385525852441787720e-01
-2.584263384342193604e-01
-2.792781293392181396e-01
-3.061074316501617432e-01
-2.334594279527664185e-01
-1.053963452577590942e-01
-4.437756538391113281e-02
2.192882448434829712e-01
6.277247518301010132e-02
-1.156497746706008911e-04
-7.825410366058349609e-02
-5.632373690605163574e-02
-7.743939757347106934e-02
-1.091380864381790161e-01
-1.531455367803573608e-01
-2.377807646989822388e-01
-2.536540627479553223e-01
-3.645196259021759033e-01
-3.873981833457946777e-01
-2.251765578985214233e-01
-3.504653275012969971e-01
-1.433437913656234741e-01
-2.267561294138431549e-02
-3.146892189979553223e-01
-3.023115396499633789e-01
3.705230057239532471e-01
1.750885397195816040e-01
-9.602190926671028137e-03
1.583630442619323730e-01
5.305266976356506348e-01
5.270408987998962402e-01
7.181186079978942871e-01
5.380006432533264160e-01
3.535940945148468018e-01
7.407907843589782715e-01
7.241881489753723145e-01
7.179587483406066895e-01
6.663543581962585449e-01
5.024996399879455566e-01
3.914107382297515869e-01
2.215912342071533203e-01
2.607744038105010986e-01
5.049559473991394043e-01
6.017530560493469238e-01
6.109170317649841309e-01
5.932081341743469238e-01
6.008009314537048340e-01
6.071078777313232422e-01
6.229149103164672852e-01
5.078727602958679199e-01
3.707819879055023193e-01
2.603044807910919189e-01
1.878370791673660278e-01
2.907996177673339844e-01
1.481793373823165894e-01
1.365665048360824585e-01
1.506395637989044189e-01
1.091418787837028503e-01
3.112930059432983398e-01
3.676015436649322510e-01
3.282176852226257324e-01
3.349081873893737793e-01
2.925572097301483154e-01
1.713339090347290039e-01
2.221368998289108276e-01
2.201705574989318848e-01
1.155454814434051514e-01
1.842122673988342285e-01
1.703706681728363037e-01
9.308877587318420410e-02
5.226528644561767578e-02
1.326163709163665771e-01
2.407858520746231079e-01
3.030794560909271240e-01
3.333777785301208496e-01
3.406313657760620117e-01
3.388816416263580322e-01
2.732664942741394043e-01
2.944596409797668457e-01
2.721350193023681641e-01
2.603307962417602539e-01
2.365096211433410645e-01
2.139547914266586304e-01
2.466167360544204712e-01
4.387049973011016846e-01
3.693710267543792725e-01
2.674782276153564453e-01
2.618207037448883057e-01
2.729433774948120117e-01
3.060911893844604492e-01
3.127339184284210205e-01
3.042900860309600830e-01
2.962717711925506592e-01
2.868784368038177490e-01
2.743165493011474609e-01
2.573167085647583008e-01
2.354809343814849854e-01
2.097555249929428101e-01
1.824738383293151855e-01
1.549787819385528564e-01
1.310354322195053101e-01
1.140971332788467407e-01
9.712679684162139893e-02
1.457448303699493408e-01
1.322464458644390106e-02
-1.153297275304794312e-01
-2.609035372734069824e-01
-1.444734930992126465e-01
1.219039261341094971e-01
2.448751479387283325e-01
2.468622475862503052e-01
9.179560095071792603e-02
1.451820582151412964e-01
9.398153424263000488e-02
5.798108577728271484e-01
1.024595022201538086e+00
9.013541340827941895e-01
5.242581963539123535e-01
5.213222503662109375e-01
6.428896784782409668e-01
9.936959743499755859e-01
3.717584609985351562e-01
4.081578552722930908e-01
5.405619740486145020e-01
5.921760201454162598e-01
1.043055415153503418e+00
8.806793093681335449e-01
8.066517710685729980e-01
1.070954561233520508e+00
1.235966682434082031e+00
1.053979158401489258e+00
1.050823807716369629e+00
7.174491286277770996e-01
7.931466698646545410e-01
7.328688502311706543e-01
1.065791487693786621e+00
8.288109302520751953e-01
6.834442615509033203e-01
4.677042663097381592e-01
6.422524452209472656e-01
8.806310296058654785e-01
9.398006796836853027e-01
9.429722428321838379e-01
7.479847073554992676e-01
3.190166950225830078e-01
4.434082806110382080e-01
4.819926619529724121e-01
6.747260689735412598e-01
1.240707635879516602e+00
1.477434992790222168e+00
1.311607837677001953e+00
1.267480731010437012e+00
1.282721638679504395e+00
1.303066730499267578e+00
8.520501852035522461e-01
7.494711279869079590e-01
5.650402307510375977e-01
4.933900535106658936e-01
6.191752552986145020e-01
4.688211977481842041e-01
6.951066851615905762e-01
1.162273168563842773e+00
7.342842221260070801e-01
9.019587039947509766e-01
8.563063144683837891e-01
6.115223765373229980e-01
4.949270486831665039e-01
4.540418982505798340e-01
4.314327239990234375e-01
4.079366326332092285e-01
3.738718926906585693e-01
3.328097760677337646e-01
4.701713621616363525e-01
4.427040517330169678e-01
2.603474259376525879e-01
5.203136801719665527e-01
9.099583625793457031e-01
7.267852425575256348e-01
5.412776768207550049e-02
3.019906282424926758e-01
4.487887322902679443e-01
6.782491207122802734e-01
7.554494738578796387e-01
7.084688544273376465e-01
5.797027945518493652e-01
9.692828655242919922e-01
8.800659775733947754e-01
8.461933135986328125e-01
4.489925503730773926e-01
7.657084465026855469e-01
4.698755443096160889e-01
2.818119823932647705e-01
8.016182780265808105e-01
4.490579664707183838e-01
2.028872668743133545e-01
2.417025715112686157e-01
2.575227320194244385e-01
3.581082522869110107e-01
3.278109431266784668e-01
1.371597647666931152e-01
7.994893193244934082e-02
1.562660746276378632e-02
-5.176763236522674561e-02
-5.875142663717269897e-02
-4.598336294293403625e-03
3.655588626861572266e-02
4.253396391868591309e-02
-1.278295516967773438e-01
2.974702045321464539e-03
9.555500000715255737e-04
5.375362932682037354e-02
-1.182970255613327026e-01
-7.887872308492660522e-02
1.300772838294506073e-02
7.007226347923278809e-02
1.053010672330856323e-01
3.387128114700317383e-01
4.337126016616821289e-01
3.993161320686340332e-01
3.783229291439056396e-01
1.806349903345108032e-01
1.351745873689651489e-01
1.591143161058425903e-01
2.413103282451629639e-01
3.892152607440948486e-01
5.515442490577697754e-01
6.052073836326599121e-01
5.255698561668395996e-01
4.161823689937591553e-01
4.156487882137298584e-01
1.153406143188476562e+00
9.077646732330322266e-01
4.332292377948760986e-01
3.538849353790283203e-01
3.143864274024963379e-01
9.135407209396362305e-01
1.482304334640502930e+00
1.654066085815429688e+00
1.493574738502502441e+00
1.221341609954833984e+00
9.659870266914367676e-01
1.300400376319885254e+00
1.520308256149291992e+00
1.504699349403381348e+00
1.436066150665283203e+00
1.155996322631835938e+00
1.317035198211669922e+00
1.283571481704711914e+00
1.399612426757812500e+00
1.386162400245666504e+00
1.344256639480590820e+00
1.421378254890441895e+00
1.531856536865234375e+00
8.693710565567016602e-01
9.372018575668334961e-01
5.332100987434387207e-01
2.321701496839523315e-01
3.928231596946716309e-01
4.735074937343597412e-01
5.022873282432556152e-01
9.131311774253845215e-01
8.871678113937377930e-01
7.946649193763732910e-01
7.673093676567077637e-01
7.793668508529663086e-01
1.021705493330955505e-01
6.342787146568298340e-01
8.561109900474548340e-01
9.759706854820251465e-01
9.449446797370910645e-01
1.193399667739868164e+00
1.073555946350097656e+00
7.784225344657897949e-01
7.665144801139831543e-01
7.071145772933959961e-01
6.437236070632934570e-01
8.258289694786071777e-01
8.364334702491760254e-01
8.130943179130554199e-01
5.351632237434387207e-01
5.733889341354370117e-01
4.782243072986602783e-01
3.856888413429260254e-01
5.317047834396362305e-01
4.540602862834930420e-01
6.433177590370178223e-01
8.213279843330383301e-01
8.427370786666870117e-01
6.653645634651184082e-01
6.519914269447326660e-01
7.318143248558044434e-01
7.955142855644226074e-01
5.868319869041442871e-01
9.878417253494262695e-01
6.998336911201477051e-01
6.754696965217590332e-01
7.387693524360656738e-01
7.495429515838623047e-01
5.556849241256713867e-01
5.890600085258483887e-01
4.338690936565399170e-01
4.996016323566436768e-01
7.587994933128356934e-01
9.338747262954711914e-01
7.951303124427795410e-01
5.352553725242614746e-01
3.516913652420043945e-01
2.003449350595474243e-01
6.655059754848480225e-02
1.618577167391777039e-03
-2.829280681908130646e-02
-4.247972369194030762e-02
-1.257108449935913086e-01
-1.519694924354553223e-01
-3.126646578311920166e-02
-1.235017776489257812e-01
-3.418746292591094971e-01
-2.291423231363296509e-01
-2.285329550504684448e-01
-2.098888605833053589e-01
-1.833149790763854980e-01
-1.679584085941314697e-01
-2.942377924919128418e-01
-1.223772913217544556e-01
-1.870888620615005493e-01
-6.809602677822113037e-02
-1.459327787160873413e-01
-1.631541401147842407e-01
-9.162123501300811768e-02
-3.712472319602966309e-02
4.867075383663177490e-02
1.185887455940246582e-01
9.001830965280532837e-02
6.691364571452140808e-03
5.491997301578521729e-02
2.071003168821334839e-01
1.385186612606048584e-01
6.794178485870361328e-02
4.937646910548210144e-03
5.603037774562835693e-02
2.314818948507308960e-01
2.674697041511535645e-01
2.551326751708984375e-01
1.886507272720336914e-01
4.332965239882469177e-03
2.435418032109737396e-02
-2.905218303203582764e-01
-2.993746399879455566e-01
1.741171628236770630e-01
6.319714188575744629e-01
8.123014569282531738e-01
8.650665879249572754e-01
7.943425774574279785e-01
6.859073638916015625e-01
6.720850467681884766e-01
5.552775263786315918e-01
3.864432871341705322e-01
3.718431293964385986e-01
3.930620253086090088e-01
4.450320303440093994e-01
4.242108762264251709e-01
4.736263453960418701e-01
5.647819042205810547e-01
5.986753702163696289e-01
8.204262852668762207e-01
8.675257563591003418e-01
7.936670184135437012e-01
5.944920182228088379e-01
2.335248738527297974e-01
1.216521710157394409e-01
7.117328643798828125e-01
1.465912103652954102e+00
1.058323383331298828e+00
6.915011405944824219e-01
8.327170610427856445e-01
4.679543375968933105e-01
6.679183840751647949e-01
5.220718979835510254e-01
3.746357560157775879e-01
2.803125679492950439e-01
4.306008815765380859e-01
3.455113470554351807e-01
2.346339523792266846e-01
5.444830656051635742e-01
4.743449985980987549e-01
4.075809419155120850e-01
5.063845515251159668e-01
5.742915272712707520e-01
4.569597542285919189e-01
6.070575714111328125e-01
9.569762349128723145e-01
1.086996793746948242e+00
7.540188431739807129e-01
6.525820493698120117e-01
4.186176955699920654e-01
4.381718933582305908e-01
6.823042035102844238e-01
6.883258223533630371e-01
6.054063439369201660e-01
6.537697911262512207e-01
6.614547967910766602e-01
5.618143677711486816e-01
5.347979664802551270e-01
1.019952654838562012e+00
8.936222195625305176e-01
9.594616293907165527e-01
1.013205528259277344e+00
1.083125472068786621e+00
1.145296812057495117e+00
1.087288379669189453e+00
9.329401850700378418e-01
7.130132317543029785e-01
7.011515498161315918e-01
9.540004134178161621e-01
1.333966493606567383e+00
1.348783612251281738e+00
1.169572234153747559e+00
1.261641025543212891e+00
9.089765548706054688e-01
5.852155685424804688e-01
6.929234862327575684e-01
7.706226706504821777e-01
8.260734081268310547e-01
1.051853537559509277e+00
3.235385119915008545e-01
7.312840819358825684e-01
6.376212239265441895e-01
5.595287084579467773e-01
1.301452636718750000e+00
1.066016554832458496e+00
1.200706005096435547e+00
5.388563275337219238e-01
1.051384568214416504e+00
7.196931242942810059e-01
7.848102450370788574e-01
9.248164296150207520e-01
7.845073342323303223e-01
3.339691162109375000e-01
3.775242269039154053e-01
5.411977171897888184e-01
2.484818994998931885e-01
-2.394713647663593292e-02
2.873017489910125732e-01
4.829633533954620361e-01
4.933153688907623291e-01
2.484320849180221558e-01
3.910715878009796143e-01
6.033788323402404785e-01
1.471659094095230103e-01
9.038599729537963867e-01
9.964750409126281738e-01
5.303580760955810547e-01
5.533192157745361328e-01
4.792147576808929443e-01
2.659806609153747559e-01
1.600688844919204712e-01
4.462133347988128662e-02
2.259333245456218719e-02
4.166044294834136963e-02
8.087319135665893555e-02
5.666290223598480225e-02
1.375121995806694031e-03
-2.579654939472675323e-02
-6.569087505340576172e-02
7.075391709804534912e-02
2.679933607578277588e-01
3.870183527469635010e-01
-9.171413257718086243e-03
4.670771062374114990e-01
5.517120957374572754e-01
5.772361755371093750e-01
4.985841810703277588e-01
3.554286658763885498e-01
2.538956999778747559e-01
1.778296679258346558e-01
9.437614679336547852e-02
-1.820764131844043732e-02
-6.521906703710556030e-02
-7.289874553680419922e-02
1.351779699325561523e-01
2.892599403858184814e-01
2.960971593856811523e-01
2.845698297023773193e-01
2.370491772890090942e-01
2.137338966131210327e-01
2.188278138637542725e-01
3.014133274555206299e-01
8.929762244224548340e-02
1.197471767663955688e-01
-2.695771455764770508e-01
-5.286688804626464844e-01
-2.752004265785217285e-01
-2.082544714212417603e-01
2.018577009439468384e-01
1.834482550621032715e-01
2.773768007755279541e-01
4.919781982898712158e-01
1.075615167617797852e+00
5.787686109542846680e-01
3.399868011474609375e-01
4.394670426845550537e-01
8.828336596488952637e-01
9.687159657478332520e-01
7.253017425537109375e-01
6.961200833320617676e-01
2.469435185194015503e-01
9.062731266021728516e-01
9.415393471717834473e-01
4.665818512439727783e-01
8.698429465293884277e-01
6.943660378456115723e-01
7.346568703651428223e-01
9.705109000205993652e-01
8.326326012611389160e-01
6.125918030738830566e-01
6.197280287742614746e-01
7.032570838928222656e-01
5.018746852874755859e-01
5.411204099655151367e-01
1.172037124633789062e-01
4.210665822029113770e-01
4.917520582675933838e-01
8.333661556243896484e-01
6.288155913352966309e-01
2.657235860824584961e-01
-1.043130904436111450e-01
3.139357864856719971e-01
2.945168912410736084e-01
-2.341996319591999054e-02
1.725675314664840698e-01
4.148529171943664551e-01
5.121116042137145996e-01
9.467692971229553223e-01
7.833772301673889160e-01
8.926323652267456055e-01
9.281057119369506836e-01
9.021111130714416504e-01
9.029157161712646484e-01
9.550183415412902832e-01
9.901513457298278809e-01
9.050553441047668457e-01
7.725496292114257812e-01
5.286081433296203613e-01
2.459502220153808594e-01
1.053206473588943481e-01
5.351068973541259766e-01
4.238606691360473633e-01
1.985493451356887817e-01
-3.170408308506011963e-02
-2.910094335675239563e-03
-7.810462266206741333e-04
1.334911137819290161e-01
3.724403977394104004e-01
1.913278549909591675e-01
3.051864802837371826e-01
6.938589215278625488e-01
-1.171112209558486938e-01
-3.126962482929229736e-02
8.349816501140594482e-02
1.096322387456893921e-01
9.816570207476615906e-03
1.829014271497726440e-01
3.207734525203704834e-01
6.583098173141479492e-01
2.121693342924118042e-01
2.193465679883956909e-01
6.077564954757690430e-01
4.229809343814849854e-01
-1.685472019016742706e-02
-6.413556635379791260e-02
8.904622495174407959e-02
-9.095566347241401672e-03
-1.190956681966781616e-01
-3.217701017856597900e-01
7.125885784626007080e-02
1.556350141763687134e-01
3.906575739383697510e-01
6.295925974845886230e-01
3.488801419734954834e-01
8.894409239292144775e-02
5.439729690551757812e-01
6.230835616588592529e-02
6.158207356929779053e-02
2.307862490415573120e-01
1.215550452470779419e-01
1.508231312036514282e-01
2.716773748397827148e-01
5.584113001823425293e-01
7.570632100105285645e-01
8.220752477645874023e-01
6.388000249862670898e-01
5.935389399528503418e-01
6.567237377166748047e-01
6.997545361518859863e-01
1.119371414184570312e+00
1.476770639419555664e+00
1.193142056465148926e+00
7.819252014160156250e-01
2.511566877365112305e-01
5.235987901687622070e-01
2.739210128784179688e-01
2.257339954376220703e-01
2.381581366062164307e-01
2.506644427776336670e-01
1.905872672796249390e-01
9.849248826503753662e-02
2.077428996562957764e-01
2.650134563446044922e-01
4.284276068210601807e-01
3.435833752155303955e-01
2.667261362075805664e-01
3.032329976558685303e-01
2.254879325628280640e-01
1.709244996309280396e-01
2.285430878400802612e-01
1.969390213489532471e-01
1.796157956123352051e-01
-4.891930520534515381e-02
1.450232416391372681e-01
1.836697906255722046e-01
1.546221524477005005e-01
6.296981871128082275e-02
2.616301178932189941e-01
2.160276919603347778e-01
-6.607019901275634766e-02
1.655168384313583374e-01
2.284114658832550049e-01
1.672393530607223511e-01
3.515374660491943359e-01
7.936836779117584229e-02
-1.403597742319107056e-01
-7.766434922814369202e-03
-6.409334018826484680e-03
-1.353379189968109131e-01
8.681322634220123291e-02
2.294670045375823975e-01
9.791138768196105957e-02
7.154419273138046265e-02
1.874583028256893158e-02
2.922829426825046539e-02
2.363901585340499878e-01
1.291006058454513550e-01
-2.328701503574848175e-02
1.020514219999313354e-01
1.591857224702835083e-01
1.556211411952972412e-01
2.051739841699600220e-01
2.769595384597778320e-01
7.063921540975570679e-02
1.026970893144607544e-01
2.132409363985061646e-01
2.016605138778686523e-01
1.373356729745864868e-01
-2.896513231098651886e-02
9.175042808055877686e-02
2.802321612834930420e-01
4.562386870384216309e-01
5.695428252220153809e-01
4.837696254253387451e-01
5.466336011886596680e-01
7.435954213142395020e-01
7.979697585105895996e-01
8.468452095985412598e-01
8.737345933914184570e-01
1.467335224151611328e+00
1.336762785911560059e+00
8.496501445770263672e-01
6.790090799331665039e-01
1.189992308616638184e+00
1.202250957489013672e+00
7.415789365768432617e-01
6.549019813537597656e-01
1.009363651275634766e+00
7.575122117996215820e-01
7.842387557029724121e-01
4.144001305103302002e-01
7.633006572723388672e-01
1.044101476669311523e+00
1.067740678787231445e+00
4.844875633716583252e-01
3.374545574188232422e-01
-5.831393599510192871e-02
2.705115973949432373e-01
6.577479839324951172e-01
2.155965566635131836e-01
2.684720456600189209e-01
3.506316542625427246e-01
3.361309170722961426e-01
8.677121400833129883e-01
1.381547570228576660e+00
1.055544853210449219e+00
7.831712961196899414e-01
7.095237970352172852e-01
4.266295731067657471e-01
4.931992590427398682e-01
9.241078495979309082e-01
9.231634736061096191e-01
5.088487863540649414e-01
4.321430027484893799e-01
6.466343402862548828e-01
5.061404705047607422e-01
4.702727198600769043e-01
1.052181482315063477e+00
5.997571945190429688e-01
3.918298184871673584e-01
2.916637659072875977e-01
2.660512030124664307e-01
5.732054114341735840e-01
6.886323094367980957e-01
7.448790669441223145e-01
7.758722901344299316e-01
7.928285002708435059e-01
7.949175238609313965e-01
7.854464054107666016e-01
8.495838046073913574e-01
1.153375625610351562e+00
8.425360918045043945e-01
4.953559041023254395e-01
7.607465386390686035e-01
1.075694322586059570e+00
1.386435866355895996e+00
1.283998489379882812e+00
1.022900700569152832e+00
6.202834248542785645e-01
6.549839973449707031e-01
1.074499726295471191e+00
9.578735232353210449e-01
3.356904089450836182e-01
1.257666587829589844e+00
1.257649183273315430e+00
1.417676448822021484e+00
1.272500038146972656e+00
1.233269214630126953e+00
9.752550721168518066e-01
7.494273781776428223e-01
6.958404779434204102e-01
6.768675446510314941e-01
6.229286193847656250e-01
6.380246877670288086e-01
6.374542117118835449e-01
6.579775214195251465e-01
7.128393054008483887e-01
2.878566682338714600e-01
2.739085853099822998e-01
3.949818611145019531e-01
4.182517230510711670e-01
4.104076325893402100e-01
2.695245742797851562e-01
1.363438665866851807e-01
3.303030133247375488e-02
-2.102125138044357300e-01
-6.728002429008483887e-02
-2.211477011442184448e-01
-2.577229142189025879e-01
-2.518499791622161865e-01
-2.243971973657608032e-01
-1.586490273475646973e-01
-7.793794572353363037e-02
-3.872427344322204590e-02
-1.133087463676929474e-02
-1.767561025917530060e-02
1.081033051013946533e-01
3.362709581851959229e-01
4.184527695178985596e-01
4.476686418056488037e-01
4.494146406650543213e-01
4.145052433013916016e-01
3.426892161369323730e-01
3.525977134704589844e-01
3.103620111942291260e-01
3.021372854709625244e-01
2.550275325775146484e-01
1.679275482892990112e-01
7.256358861923217773e-02
6.081489846110343933e-03
-7.007269561290740967e-02
-8.081409335136413574e-02
-9.870088100433349609e-02
-1.151162087917327881e-01
-1.441392600536346436e-01
-1.959755122661590576e-01
-1.545605212450027466e-01
-1.866132318973541260e-01
-1.889376342296600342e-01
-1.759088039398193359e-01
3.543084859848022461e-02
8.456259965896606445e-02
1.007862389087677002e-01
1.473323255777359009e-01
4.759704768657684326e-01
6.227931380271911621e-01
9.187375903129577637e-01
5.608932375907897949e-01
2.718337774276733398e-01
3.944070935249328613e-01
5.415414571762084961e-01
5.685004591941833496e-01
5.255824327468872070e-01
4.577885568141937256e-01
3.950763642787933350e-01
3.527772128582000732e-01
3.228024244308471680e-01
3.554041981697082520e-01
2.765302360057830811e-01
2.499687820672988892e-01
2.701175212860107422e-01
1.963118761777877808e-01
1.644956320524215698e-01
1.562994569540023804e-01
1.741841733455657959e-01
2.005479484796524048e-01
1.600297242403030396e-01
2.324571162462234497e-01
2.341649234294891357e-01
2.571872472763061523e-01
3.260244429111480713e-01
2.641097903251647949e-01
2.164495885372161865e-01
2.172784805297851562e-01
2.193366140127182007e-01
2.155182212591171265e-01
1.592361181974411011e-01
1.284343004226684570e-01
9.282740205526351929e-02
6.050225347280502319e-02
3.323685377836227417e-02
-1.568511314690113068e-02
-1.094322092831134796e-02
-1.891556568443775177e-02
-2.267351932823657990e-02
-2.712616510689258575e-02
-3.114178963005542755e-02
-3.463779389858245850e-02
-3.738696873188018799e-02
-3.942093253135681152e-02
-4.085715115070343018e-02
-4.187260568141937256e-02
-4.258416593074798584e-02
-3.928515315055847168e-02
-4.109123349189758301e-02
-4.260344803333282471e-02
-4.338534176349639893e-02
-1.054703742265701294e-01
9.140725135803222656e-01
1.185980200767517090e+00
1.226825594902038574e+00
1.231407284736633301e+00
1.227009296417236328e+00
1.219353199005126953e+00
1.209774017333984375e+00
1.197722077369689941e+00
1.183389544486999512e+00
1.166947960853576660e+00
1.147841691970825195e+00
1.125065684318542480e+00
1.097655653953552246e+00
1.087057352066040039e+00
1.085559844970703125e+00
1.092832922935485840e+00
1.089237093925476074e+00
9.734482169151306152e-01
8.448511362075805664e-01
7.169411778450012207e-01
6.377642154693603516e-01
5.765519738197326660e-01
3.389154970645904541e-01
2.401340454816818237e-01
6.840378642082214355e-01
6.075178980827331543e-01
3.859297931194305420e-01
-1.185925491154193878e-02
-6.201820075511932373e-02
-1.975123770534992218e-02
3.928183019161224365e-02
1.785524189472198486e-01
1.686714142560958862e-01
9.059897810220718384e-02
5.742825865745544434e-01
3.122763633728027344e-01
2.409778684377670288e-01
1.425810307264328003e-01
1.417682766914367676e-01
1.036347895860671997e-01
5.635461211204528809e-02
1.735752522945404053e-01
3.056490123271942139e-01
3.405424356460571289e-01
3.036716282367706299e-01
2.406829744577407837e-01
2.005378156900405884e-01
1.524904966354370117e-01
1.170183196663856506e-01
1.108472496271133423e-01
8.192045986652374268e-02
1.219400614500045776e-01
4.638499021530151367e-01
5.180740952491760254e-01
7.056027054786682129e-01
1.299522519111633301e+00
1.456168889999389648e+00
1.490559101104736328e+00
1.063216924667358398e+00
1.502535820007324219e+00
8.368319869041442871e-01
8.308253884315490723e-01
7.500388622283935547e-01
6.723972558975219727e-01
9.927255511283874512e-01
1.086650967597961426e+00
6.852990984916687012e-01
8.611484169960021973e-01
1.052524924278259277e+00
8.649217486381530762e-01
8.257130384445190430e-01
6.357246041297912598e-01
7.173494100570678711e-01
5.113880038261413574e-01
7.501088976860046387e-01
7.226504683494567871e-01
6.989954113960266113e-01
1.155492544174194336e+00
1.214945673942565918e+00
1.130107641220092773e+00
7.542122602462768555e-01
5.200561285018920898e-01
5.929467082023620605e-01
6.030237674713134766e-01
7.695645093917846680e-01
1.205640554428100586e+00
1.299713373184204102e+00
1.306270480155944824e+00
1.052464723587036133e+00
1.019991874694824219e+00
9.066627621650695801e-01
3.269338905811309814e-01
4.670328795909881592e-01
6.759107708930969238e-01
7.686213850975036621e-01
8.395646214485168457e-01
8.660350441932678223e-01
8.344382643699645996e-01
8.004822134971618652e-01
7.764388918876647949e-01
7.501099705696105957e-01
7.096516489982604980e-01
6.564698219299316406e-01
5.988355278968811035e-01
5.362496972084045410e-01
4.739774167537689209e-01
4.214930236339569092e-01
3.743225038051605225e-01
1.301583170890808105e+00
1.114487528800964355e+00
9.779728055000305176e-01
7.358940839767456055e-01
7.359168529510498047e-01
6.084927916526794434e-01
8.283554911613464355e-01
5.355219841003417969e-01
4.650937616825103760e-01
9.857376813888549805e-01
7.828244566917419434e-01
1.052711844444274902e+00
3.510687053203582764e-01
4.052354097366333008e-01
5.474188923835754395e-01
6.090294122695922852e-01
1.378318071365356445e+00
1.460439801216125488e+00
8.946492671966552734e-01
3.820799589157104492e-01
9.074421226978302002e-02
7.019907236099243164e-02
2.394744902849197388e-01
7.432968616485595703e-01
4.535967409610748291e-01
6.739749908447265625e-01
5.615985393524169922e-01
4.897069633007049561e-01
4.854843914508819580e-01
4.258852005004882812e-01
3.087935149669647217e-01
1.640187799930572510e-01
9.019631147384643555e-02
5.892001092433929443e-02
4.029035568237304688e-02
3.711000084877014160e-02
9.485100507736206055e-01
9.014447927474975586e-01
9.580320715904235840e-01
9.336915016174316406e-01
8.989865779876708984e-01
8.548242449760437012e-01
7.956089973449707031e-01
7.215265631675720215e-01
6.430245041847229004e-01
5.692896246910095215e-01
5.005080103874206543e-01
4.408183991909027100e-01
3.913450241088867188e-01
3.529097735881805420e-01
3.521495759487152100e-01
7.301083207130432129e-01
8.738073706626892090e-01
9.848678708076477051e-01
1.081739187240600586e+00
7.954347133636474609e-01
7.927124500274658203e-01
8.365723490715026855e-01
7.968770265579223633e-01
8.501631617546081543e-01
9.399039149284362793e-01
5.560279488563537598e-01
6.580809950828552246e-01
6.675263047218322754e-01
5.885401368141174316e-01
6.456001400947570801e-01
2.946760952472686768e-01
5.585066676139831543e-01
9.722278118133544922e-01
7.023583054542541504e-01
4.150451719760894775e-01
1.176147460937500000e+00
1.105722546577453613e+00
1.039968490600585938e+00
9.628885388374328613e-01
9.712282419204711914e-01
8.822786211967468262e-01
9.934095144271850586e-01
6.963562369346618652e-01
4.913997054100036621e-01
7.411286234855651855e-01
6.799108386039733887e-01
7.441136240959167480e-01
6.063675284385681152e-01
6.341239213943481445e-01
4.587225615978240967e-01
3.446429073810577393e-01
2.275425791740417480e-01
2.032388001680374146e-01
1.399025171995162964e-01
7.218881696462631226e-02
2.977273426949977875e-02
1.441919654607772827e-01
1.419297307729721069e-01
7.026602327823638916e-02
2.031069062650203705e-02
-2.712987549602985382e-02
-1.089199632406234741e-01
-1.868913918733596802e-01
-1.972720474004745483e-01
-1.870746016502380371e-01
-1.781442314386367798e-01
-1.703987270593643188e-01
-1.620090156793594360e-01
-1.522841155529022217e-01
1.672887615859508514e-02
3.597284853458404541e-02
-6.167048215866088867e-02
-5.204921960830688477e-02
-2.434559352695941925e-02
1.267053000628948212e-02
-2.223180383443832397e-01
-7.059271633625030518e-02
-6.406852602958679199e-02
-7.042217254638671875e-02
-6.168152391910552979e-02
-5.289559066295623779e-02
-4.684543609619140625e-02
7.551981508731842041e-02
-1.251895725727081299e-01
2.162564098834991455e-01
3.023123741149902344e-01
7.787206768989562988e-01
1.034671306610107422e+00
1.263243436813354492e+00
1.387118816375732422e+00
1.370276093482971191e+00
1.298611521720886230e+00
1.123456835746765137e+00
1.144172668457031250e+00
1.185214996337890625e+00
9.529838562011718750e-01
7.324014306068420410e-01
6.961342096328735352e-01
6.598205566406250000e-01
5.796291232109069824e-01
4.814350306987762451e-01
4.170477986335754395e-01
5.578909516334533691e-01
8.594450354576110840e-01
-6.641329824924468994e-02
2.779952287673950195e-01
1.839815229177474976e-01
4.668926894664764404e-01
7.646440863609313965e-01
8.629615306854248047e-01
1.117483377456665039e+00
1.104983448982238770e+00
6.083249449729919434e-01
1.129972577095031738e+00
1.098186731338500977e+00
9.419116377830505371e-01
1.000072956085205078e+00
9.453878402709960938e-01
7.746440768241882324e-01
1.114003658294677734e-01
2.663087546825408936e-01
2.562953531742095947e-01
1.728069931268692017e-01
1.188861802220344543e-01
4.027985930442810059e-01
4.419974684715270996e-01
3.935523927211761475e-01
2.450786381959915161e-01
2.406659573316574097e-01
4.386013746261596680e-01
5.375052094459533691e-01
3.105261027812957764e-01
1.131108701229095459e-01
2.422714084386825562e-01
1.540794521570205688e-01
4.593782126903533936e-02
1.940418630838394165e-01
5.776970386505126953e-01
8.027493357658386230e-01
9.061240553855895996e-01
9.411569237709045410e-01
9.473074078559875488e-01
1.146753072738647461e+00
1.164453268051147461e+00
1.029772162437438965e+00
8.639510273933410645e-01
9.979449510574340820e-01
1.125893235206604004e+00
8.784184455871582031e-01
7.624617218971252441e-01
1.015552163124084473e+00
9.139743447303771973e-01
8.992995619773864746e-01
9.460761547088623047e-01
9.958410859107971191e-01
9.412007331848144531e-01
7.583470940589904785e-01
1.032711744308471680e+00
7.405029535293579102e-01
7.335760593414306641e-01
5.986279249191284180e-01
7.738335728645324707e-01
1.064714670181274414e+00
1.040856122970581055e+00
1.045798063278198242e+00
9.639518260955810547e-01
9.414513707160949707e-01
8.827131390571594238e-01
9.780912995338439941e-01
1.406232595443725586e+00
9.912219643592834473e-01
4.931767880916595459e-01
4.213179647922515869e-01
6.324482560157775879e-01
7.333130240440368652e-01
7.711244821548461914e-01
8.208546042442321777e-01
9.228596091270446777e-01
1.071506142616271973e+00
1.154839038848876953e+00
1.221965551376342773e+00
9.723635911941528320e-01
9.976920485496520996e-01
9.827915430068969727e-01
9.518852829933166504e-01
7.978556752204895020e-01
8.024457693099975586e-01
8.060607314109802246e-01
8.200221061706542969e-01
7.870126366615295410e-01
7.616443037986755371e-01
8.343490958213806152e-01
5.515894293785095215e-01
3.145230114459991455e-01
3.282547593116760254e-01
4.562016129493713379e-01
7.412737607955932617e-02
4.954322874546051025e-01
4.675454795360565186e-01
9.378083348274230957e-01
9.401155710220336914e-01
1.259155035018920898e+00
1.293653249740600586e+00
1.292649984359741211e+00
1.057343959808349609e+00
9.208525419235229492e-01
8.565738797187805176e-01
8.979838490486145020e-01
9.554132223129272461e-01
9.686400294303894043e-01
1.069987058639526367e+00
1.020710587501525879e+00
1.371546745300292969e+00
1.059570789337158203e+00
9.562372565269470215e-01
1.284227609634399414e+00
8.500122427940368652e-01
4.796603620052337646e-01
5.311838388442993164e-01
1.024503827095031738e+00
4.891892969608306885e-01
7.547079920768737793e-01
5.042887926101684570e-01
8.785079121589660645e-01
8.036741614341735840e-01
5.008108019828796387e-01
5.357739329338073730e-01
8.716039061546325684e-01
5.754923820495605469e-01
7.060466408729553223e-01
8.064393401145935059e-01
8.101676702499389648e-01
5.712277293205261230e-01
6.676000952720642090e-01
8.644709587097167969e-01
6.183499097824096680e-01
7.662405818700790405e-02
2.842754423618316650e-01
5.632443428039550781e-01
6.309927105903625488e-01
6.142674088478088379e-01
7.086071372032165527e-01
5.436919927597045898e-01
1.017972469329833984e+00
1.455716848373413086e+00
1.178266763687133789e+00
8.763940930366516113e-01
2.585803866386413574e-01
1.474671810865402222e-01
-1.305824071168899536e-01
1.062771826982498169e-01
1.116121187806129456e-01
6.407135725021362305e-01
3.833601176738739014e-01
5.685974955558776855e-01
8.916972875595092773e-01
5.923637747764587402e-01
5.345071554183959961e-01
4.751417636871337891e-01
4.905239343643188477e-01
5.861070752143859863e-01
8.435909152030944824e-01
6.470659375190734863e-01
2.894590795040130615e-01
5.222963541746139526e-02
5.929679423570632935e-02
4.668989777565002441e-02
2.578460276126861572e-01
5.083566308021545410e-01
3.005485534667968750e-01
1.686470359563827515e-01
4.249387681484222412e-01
6.554725766181945801e-01
6.349906325340270996e-01
6.142814159393310547e-01
9.421986937522888184e-01
1.269091129302978516e+00
6.098525524139404297e-01
4.063512980937957764e-01
5.272868871688842773e-01
4.440211355686187744e-01
6.018110513687133789e-01
9.575403332710266113e-01
8.618507981300354004e-01
6.408171057701110840e-01
4.897988736629486084e-01
6.461821794509887695e-01
7.975978851318359375e-01
9.784708619117736816e-01
6.440736651420593262e-01
9.334161281585693359e-01
7.771462798118591309e-01
1.078611135482788086e+00
1.049600839614868164e+00
1.195255756378173828e+00
1.233908057212829590e+00
7.223073840141296387e-01
6.538133621215820312e-01
6.549844741821289062e-01
6.079137921333312988e-01
6.587777137756347656e-01
9.937006831169128418e-01
9.848378300666809082e-01
6.965876817703247070e-01
7.984377741813659668e-01
7.658137679100036621e-01
7.633238434791564941e-01
7.459179759025573730e-01
1.100049734115600586e+00
9.188296794891357422e-01
2.873881161212921143e-01
3.873656094074249268e-01
5.082746744155883789e-01
4.700811505317687988e-01
4.131340980529785156e-01
3.304952085018157959e-01
3.108259141445159912e-01
3.787751495838165283e-01
4.840830862522125244e-01
5.123703479766845703e-01
4.786486327648162842e-01
4.689205586910247803e-01
5.089581012725830078e-01
9.087852239608764648e-01
5.413893461227416992e-01
1.494669318199157715e-01
6.295979619026184082e-01
7.825879454612731934e-01
8.712177872657775879e-01
1.104868888854980469e+00
1.187383174896240234e+00
1.192339777946472168e+00
8.849728703498840332e-01
6.991879343986511230e-01
6.758822798728942871e-01
7.032055258750915527e-01
1.330285668373107910e+00
1.030754327774047852e+00
1.153908252716064453e+00
8.626928925514221191e-01
7.474180459976196289e-01
6.415045261383056641e-01
7.962939143180847168e-01
1.074474930763244629e+00
8.712270855903625488e-01
1.002287626266479492e+00
1.166748046875000000e+00
7.955050468444824219e-01
8.015763163566589355e-01
5.572921633720397949e-01
8.276330828666687012e-01
8.491733074188232422e-01
1.183734059333801270e+00
2.879855930805206299e-01
7.686652988195419312e-02
8.495289087295532227e-01
1.060325026512145996e+00
1.122473120689392090e+00
1.701566427946090698e-01
9.116812944412231445e-01
1.236285448074340820e+00
1.079864501953125000e+00
6.569705009460449219e-01
1.277499437332153320e+00
1.055323481559753418e+00
9.856520891189575195e-01
9.606649875640869141e-01
7.358524799346923828e-01
8.940477967262268066e-01
7.794920802116394043e-01
6.472443342208862305e-01
8.610880374908447266e-01
8.163797855377197266e-01
7.852683067321777344e-01
8.200916647911071777e-01
8.359608054161071777e-01
7.887114882469177246e-01
9.489567875862121582e-01
8.334453701972961426e-01
5.238926410675048828e-01
2.211768776178359985e-01
3.186116516590118408e-01
5.729411840438842773e-01
6.361849904060363770e-01
8.598689436912536621e-01
6.256446242332458496e-01
4.926892220973968506e-01
5.237923264503479004e-01
5.241712331771850586e-01
4.494254291057586670e-01
3.283509910106658936e-01
2.064599692821502686e-01
3.316860795021057129e-01
2.701796293258666992e-01
1.925416439771652222e-01
2.099664360284805298e-01
2.002325057983398438e-01
1.787188798189163208e-01
1.314252018928527832e-01
9.969182312488555908e-02
7.150691747665405273e-02
-3.513419628143310547e-02
1.152745187282562256e-01
-2.536104992032051086e-03
-3.007041104137897491e-02
1.270363181829452515e-01
1.393144279718399048e-01
5.149676799774169922e-01
1.386020332574844360e-01
1.767771989107131958e-01
3.791426420211791992e-01
4.289628565311431885e-01
4.383855164051055908e-01
3.946746289730072021e-01
3.524638414382934570e-01
3.179058432579040527e-01
4.447255134582519531e-01
4.235027730464935303e-01
3.780425190925598145e-01
2.987620830535888672e-01
1.385572552680969238e-01
5.986374616622924805e-02
5.161329358816146851e-02
1.450532078742980957e-01
2.711644470691680908e-01
1.731863468885421753e-01
-5.175594985485076904e-02
-2.439248748123645782e-02
2.638666890561580658e-02
-1.001585498452186584e-01
1.615011096000671387e-01
6.648927330970764160e-01
1.101755499839782715e+00
1.153654217720031738e+00
1.127627134323120117e+00
1.143763065338134766e+00
1.155852198600769043e+00
1.170224666595458984e+00
1.138739228248596191e+00
1.053645133972167969e+00
1.071377158164978027e+00
1.154132485389709473e+00
1.112334132194519043e+00
1.045224070549011230e+00
7.488528490066528320e-01
5.789043307304382324e-01
4.917580187320709229e-01
4.006935060024261475e-01
3.458355069160461426e-01
3.501313626766204834e-01
4.077997505664825439e-01
7.400656342506408691e-01
1.690619707107543945e+00
1.294846057891845703e+00
9.403639435768127441e-01
6.597124934196472168e-01
5.522189140319824219e-01
6.282951235771179199e-01
6.913251876831054688e-01
8.318225741386413574e-01
2.315424978733062744e-01
2.026233524084091187e-01
4.313187897205352783e-01
6.276249885559082031e-01
5.912803411483764648e-01
4.837399423122406006e-01
9.455109834671020508e-01
1.025643110275268555e+00
1.201542615890502930e+00
1.235683202743530273e+00
1.133167028427124023e+00
1.577300071716308594e+00
1.008003234863281250e+00
7.950474619865417480e-01
6.264815926551818848e-01
4.219497144222259521e-01
7.340936064720153809e-01
1.188933253288269043e+00
1.384183406829833984e+00
9.249493479728698730e-01
8.278245329856872559e-01
6.974699497222900391e-01
6.350492835044860840e-01
7.035345435142517090e-01
7.011544108390808105e-01
6.072199940681457520e-01
5.493603348731994629e-01
6.840094923973083496e-01
7.024038434028625488e-01
6.845983266830444336e-01
5.097212195396423340e-01
6.414425373077392578e-01
7.066116929054260254e-01
7.253077626228332520e-01
9.257236123085021973e-01
1.077705740928649902e+00
6.814026236534118652e-01
1.157296061515808105e+00
9.831058979034423828e-01
7.885856032371520996e-01
8.723728060722351074e-01
7.239866256713867188e-01
1.141736268997192383e+00
9.070798754692077637e-01
8.374419808387756348e-01
8.941445946693420410e-01
9.434055685997009277e-01
9.664738178253173828e-01
8.492172956466674805e-01
8.373537659645080566e-01
7.832538485527038574e-01
8.710984587669372559e-01
6.422790288925170898e-01
6.604818701744079590e-01
4.226863682270050049e-01
5.820857882499694824e-01
6.379309296607971191e-01
9.951204657554626465e-01
1.223631858825683594e+00
1.029388666152954102e+00
8.190346360206604004e-01
7.965701818466186523e-01
8.532806038856506348e-01
7.917490601539611816e-01
6.322126984596252441e-01
5.726338028907775879e-01
4.619685113430023193e-01
3.383054137229919434e-01
1.735548526048660278e-01
1.278899423778057098e-02
-1.223110407590866089e-01
-2.169612795114517212e-01
-3.300663530826568604e-01
-5.059483647346496582e-01
1.034973636269569397e-01
1.775741130113601685e-01
1.467512361705303192e-02
7.868899703025817871e-01
1.018611669540405273e+00
1.102275490760803223e+00
9.001759886741638184e-01
8.557093739509582520e-01
8.273408412933349609e-01
7.348906993865966797e-01
8.099296092987060547e-01
6.710031032562255859e-01
7.263751029968261719e-01
7.596772313117980957e-01
8.996890187263488770e-01
1.351172685623168945e+00
8.937452435493469238e-01
3.283681571483612061e-01
7.651988863945007324e-01
1.087745904922485352e+00
9.179411530494689941e-01
9.277423620223999023e-01
1.264913320541381836e+00
1.008545279502868652e+00
1.013060927391052246e+00
1.130717873573303223e+00
9.560681581497192383e-01
8.191857933998107910e-01
8.861358761787414551e-01
9.459981322288513184e-01
1.042764186859130859e+00
7.634580731391906738e-01
5.922755599021911621e-01
6.143301129341125488e-01
9.501804113388061523e-01
8.737921714782714844e-01
8.789402842521667480e-01
9.975397586822509766e-01
6.668764948844909668e-01
6.978172659873962402e-01
5.709354281425476074e-01
2.927649915218353271e-01
5.846568346023559570e-01
3.712845146656036377e-01
7.903667092323303223e-01
7.732227444648742676e-01
7.801581621170043945e-01
1.006907820701599121e+00
6.805465817451477051e-01
9.032086730003356934e-01
7.111898064613342285e-01
6.725676059722900391e-01
6.437020301818847656e-01
5.984995365142822266e-01
9.257040619850158691e-01
5.137823224067687988e-01
4.756307899951934814e-01
3.249450922012329102e-01
5.237424373626708984e-01
1.189489126205444336e+00
1.022334933280944824e+00
1.174234151840209961e+00
1.149225950241088867e+00
1.045373558998107910e+00
7.082301974296569824e-01
7.269795536994934082e-01
7.595973014831542969e-01
9.825174212455749512e-01
8.125100731849670410e-01
7.260666489601135254e-01
1.009833574295043945e+00
1.324715018272399902e+00
8.555896282196044922e-01
7.321663498878479004e-01
5.569208264350891113e-01
2.821721136569976807e-01
4.630050361156463623e-01
6.610165238380432129e-01
6.784581542015075684e-01
9.006160497665405273e-01
7.136344313621520996e-01
5.237135291099548340e-01
4.086521863937377930e-01
6.859696507453918457e-01
8.551060557365417480e-01
4.440244734287261963e-01
6.463699936866760254e-01
9.484264254570007324e-01
9.398532509803771973e-01
5.896758437156677246e-01
2.847608923912048340e-01
3.794348537921905518e-01
9.919221401214599609e-01
7.234194874763488770e-01
5.574737191200256348e-01
3.458484411239624023e-01
1.314312964677810669e-01
3.072249591350555420e-01
5.887186527252197266e-01
3.323884904384613037e-01
4.564248025417327881e-02
-9.195829927921295166e-02
-2.485303767025470734e-02
-6.740386784076690674e-02
-2.389776557683944702e-01
1.724096089601516724e-01
-3.072811849415302277e-02
-1.326889544725418091e-01
3.602774441242218018e-01
2.953646779060363770e-01
8.558879494667053223e-01
9.156540036201477051e-01
9.594373106956481934e-01
6.982262730598449707e-01
8.482305407524108887e-01
7.385738492012023926e-01
9.567937850952148438e-01
1.052691221237182617e+00
7.831963300704956055e-01
3.685041964054107666e-01
4.100179672241210938e-01
2.751117348670959473e-01
3.048701584339141846e-01
3.064857721328735352e-01
2.158792167901992798e-01
3.618171513080596924e-01
2.748272716999053955e-01
2.126323282718658447e-01
2.701719701290130615e-01
1.851996183395385742e-01
1.438376605510711670e-01
3.382283747196197510e-01
2.666651010513305664e-01
6.083682179450988770e-01
7.220215201377868652e-01
7.943327426910400391e-01
5.735939145088195801e-01
2.957618534564971924e-01
1.111137568950653076e-01
4.229489713907241821e-02
1.586210876703262329e-01
5.633057355880737305e-01
4.022073447704315186e-01
2.262696623802185059e-01
2.059951275587081909e-01
3.881060779094696045e-01
2.241141647100448608e-01
1.706206351518630981e-01
2.444293648004531860e-01
1.517243385314941406e-01
2.312425523996353149e-01
3.971679508686065674e-01
3.469139635562896729e-01
2.208374440670013428e-01
1.772326380014419556e-01
1.936873495578765869e-01
2.153412252664566040e-01
2.280426323413848877e-01
2.151603400707244873e-01
2.808248102664947510e-01
2.652097940444946289e-01
-3.320789337158203125e-02
-1.790653355419635773e-02
1.836569905281066895e-01
2.041826993227005005e-01
2.523317039012908936e-01
3.410094678401947021e-01
4.634724557399749756e-01
5.620936751365661621e-01
6.096603274345397949e-01
7.312975525856018066e-01
8.878205418586730957e-01
9.733205437660217285e-01
8.705307841300964355e-01
7.745307087898254395e-01
1.100720643997192383e+00
1.008700013160705566e+00
9.357480406761169434e-01
9.467338919639587402e-01
5.398117899894714355e-01
3.948892652988433838e-01
6.134711503982543945e-01
9.461888670921325684e-01
8.758634924888610840e-01
3.645069003105163574e-01
4.761014580726623535e-01
5.057470798492431641e-01
6.727122664451599121e-01
1.054151058197021484e+00
6.858722567558288574e-01
1.062370061874389648e+00
1.119509458541870117e+00
1.343933224678039551e+00
4.561255276203155518e-01
2.476936727762222290e-01
8.962753415107727051e-01
2.425074726343154907e-01
8.501706719398498535e-01
8.798201084136962891e-01
6.158283352851867676e-01
5.614864230155944824e-01
4.630458652973175049e-01
6.391745209693908691e-01
4.570296704769134521e-01
1.984865218400955200e-01
2.313820272684097290e-01
2.736700177192687988e-01
3.472553491592407227e-01
2.971427142620086670e-01
5.589448809623718262e-01
6.912364959716796875e-01
7.384670376777648926e-01
6.625512838363647461e-01
6.745235323905944824e-01
4.519486129283905029e-01
2.191044986248016357e-01
5.328795313835144043e-02
3.154644668102264404e-01
3.680556118488311768e-01
1.172392368316650391e-01
-6.995330750942230225e-02
-3.267192542552947998e-01
-7.405216991901397705e-02
4.904009997844696045e-01
1.142055690288543701e-01
5.115854740142822266e-01
3.557723462581634521e-01
3.836222589015960693e-01
9.650710225105285645e-01
8.357461094856262207e-01
9.912893772125244141e-01
1.228280544281005859e+00
9.723093509674072266e-01
9.847282171249389648e-01
9.530292153358459473e-01
8.868409991264343262e-01
8.177850842475891113e-01
7.864674925804138184e-01
8.372456431388854980e-01
9.150323271751403809e-01
9.235873222351074219e-01
8.672477602958679199e-01
3.652810752391815186e-01
3.610113561153411865e-01
3.454341888427734375e-01
2.911215126514434814e-01
2.533235549926757812e-01
2.484640181064605713e-01
1.840962469577789307e-01
9.845797717571258545e-02
4.959921538829803467e-02
-1.616572029888629913e-02
1.678281836211681366e-02
2.549887299537658691e-01
3.111197054386138916e-01
2.526986002922058105e-01
3.759258091449737549e-01
4.192346036434173584e-01
3.023083209991455078e-01
1.335836350917816162e-01
7.081407308578491211e-02
6.272126734256744385e-02
1.653175055980682373e-01
3.752692937850952148e-01
5.350600481033325195e-01
4.341678917407989502e-01
3.179084956645965576e-01
3.523623049259185791e-01
4.257055222988128662e-01
3.004145920276641846e-01
1.207492500543594360e-01
1.689875721931457520e-01
1.803060024976730347e-01
3.946801722049713135e-01
7.491953969001770020e-01
1.285765171051025391e+00
5.096091628074645996e-01
9.141468405723571777e-01
8.663193583488464355e-01
1.120917797088623047e+00
1.675651192665100098e+00
1.675063610076904297e+00
1.605891704559326172e+00
1.191895246505737305e+00
1.119155734777450562e-01
3.601273596286773682e-01
4.725130498409271240e-01
8.890541791915893555e-01
1.224673628807067871e+00
1.142664194107055664e+00
1.039739847183227539e+00
5.582922697067260742e-01
4.640362262725830078e-01
4.625265002250671387e-01
2.680328190326690674e-01
8.583022654056549072e-02
1.367555618286132812e+00
1.333708763122558594e+00
1.491186380386352539e+00
1.342806577682495117e+00
8.999078273773193359e-01
1.307575464248657227e+00
5.605382919311523438e-01
1.060342073440551758e+00
8.570170998573303223e-01
1.023646831512451172e+00
1.041504293680191040e-01
-1.504546254873275757e-01
-4.265703260898590088e-02
1.284644901752471924e-01
6.174204945564270020e-01
7.364420294761657715e-01
7.413762211799621582e-01
6.328542828559875488e-01
1.128950238227844238e+00
7.753848433494567871e-01
7.956451177597045898e-01
9.174538254737854004e-01
1.035967111587524414e+00
8.064846396446228027e-01
5.510395765304565430e-01
1.315231621265411377e-01
2.745148539543151855e-01
2.322305887937545776e-01
1.152104586362838745e-01
-7.634566724300384521e-02
2.089745104312896729e-01
6.189441084861755371e-01
4.773072302341461182e-01
5.313038825988769531e-01
8.023888468742370605e-01
3.883881866931915283e-01
3.328118324279785156e-01
5.378860235214233398e-01
3.332466185092926025e-01
3.860227465629577637e-01
7.052455842494964600e-02
1.332840770483016968e-01
3.108750283718109131e-01
-1.191822290420532227e-01
7.215884327888488770e-02
1.554031968116760254e-01
2.823383510112762451e-01
2.670472264289855957e-01
9.748591482639312744e-02
1.421487480401992798e-01
-2.004839479923248291e-01
2.218426913022994995e-01
-1.071220189332962036e-01
-1.920134872198104858e-01
3.132773935794830322e-02
1.310471445322036743e-01
6.203626096248626709e-02
-8.706955611705780029e-02
-1.584865003824234009e-01
-9.689800441265106201e-02
-2.735026367008686066e-02
-1.278446801006793976e-02
-6.924301385879516602e-02
-1.746045500040054321e-01
-4.053165912628173828e-01
-4.551358520984649658e-01
-3.942824006080627441e-01
-3.245762288570404053e-01
-2.751132249832153320e-01
-2.552591562271118164e-01
-2.567941844463348389e-01
-3.557505607604980469e-01
-4.138899445533752441e-01
-3.939277678728103638e-02
4.030252099037170410e-01
3.060345351696014404e-01
1.972645372152328491e-01
7.931036874651908875e-03
-9.129671752452850342e-02
-1.662534177303314209e-01
-2.171849757432937622e-01
-2.475178986787796021e-01
-2.602427601814270020e-01
-8.809544146060943604e-02
5.271537303924560547e-01
1.970141977071762085e-01
4.428520500659942627e-01
5.527297854423522949e-01
5.290464758872985840e-01
3.495819568634033203e-01
5.652433037757873535e-01
1.924540847539901733e-01
3.512350320816040039e-01
4.277073144912719727e-01
4.193477332592010498e-01
2.730393111705780029e-01
2.016133219003677368e-01
7.796604931354522705e-02
-1.062075644731521606e-01
4.309572279453277588e-01
-1.188752502202987671e-01
7.082949280738830566e-01
8.542913794517517090e-01
4.437285661697387695e-01
3.058024644851684570e-01
3.302048742771148682e-01
2.408920377492904663e-01
3.265864849090576172e-01
4.459281265735626221e-01
7.608469724655151367e-01
9.957242012023925781e-01
7.569912075996398926e-01
3.486222326755523682e-01
7.707274556159973145e-01
9.899193644523620605e-01
1.140369892120361328e+00
9.967880249023437500e-01
7.179530262947082520e-01
7.285166382789611816e-01
5.786156654357910156e-01
5.915028452873229980e-01
9.176046252250671387e-01
7.577781677246093750e-01
7.269936203956604004e-01
4.701020419597625732e-01
5.319414734840393066e-01
5.019308924674987793e-01
5.906065106391906738e-01
7.028899192810058594e-01
6.091362833976745605e-01
5.371833443641662598e-01
8.570185303688049316e-01
8.053254485130310059e-01
9.661837220191955566e-01
8.564726710319519043e-01
6.581470966339111328e-01
8.219668865203857422e-01
6.810978055000305176e-01
3.475071489810943604e-01
6.064289212226867676e-01
4.883095324039459229e-01
1.152323126792907715e+00
1.244441032409667969e+00
8.299338817596435547e-01
6.320345401763916016e-01
6.866968274116516113e-01
4.165548682212829590e-01
2.817761003971099854e-01
1.503482758998870850e-01
4.019025862216949463e-01
5.246735215187072754e-01
4.249301850795745850e-01
4.852918684482574463e-01
6.641550064086914062e-01
6.123485565185546875e-01
6.575505137443542480e-01
5.695933699607849121e-01
6.607205271720886230e-01
9.470430612564086914e-01
5.004426836967468262e-01
5.274323225021362305e-01
-5.453983694314956665e-02
1.026091456413269043e+00
1.289906978607177734e+00
1.031719803810119629e+00
1.023884773254394531e+00
5.983596444129943848e-01
1.069211244583129883e+00
8.553340435028076172e-01
7.970209717750549316e-01
8.403750061988830566e-01
2.656442224979400635e-01
6.918383836746215820e-01
8.243589997291564941e-01
8.504293560981750488e-01
9.053599238395690918e-01
5.361226201057434082e-01
5.238406062126159668e-01
6.370533704757690430e-01
6.815649867057800293e-01
7.194032073020935059e-01
7.185593247413635254e-01
7.948213219642639160e-01
8.214786052703857422e-01
3.606801331043243408e-01
4.648408591747283936e-01
2.086517065763473511e-01
5.115680694580078125e-01
5.504080653190612793e-01
4.948138296604156494e-01
4.894029200077056885e-01
5.352733135223388672e-01
5.224860906600952148e-01
5.292208790779113770e-01
6.045810580253601074e-01
4.752880036830902100e-01
5.545741915702819824e-01
4.752164781093597412e-01
5.185883641242980957e-01
4.082863628864288330e-01
3.987741768360137939e-01
7.114766240119934082e-01
4.996847212314605713e-01
3.416160643100738525e-01
8.354395627975463867e-02
4.820686578750610352e-02
-1.830977797508239746e-01
4.372552037239074707e-02
2.580239474773406982e-01
3.283065855503082275e-01
3.231025934219360352e-01
4.585954844951629639e-01
7.423488497734069824e-01
5.801111459732055664e-01
5.328055024147033691e-01
9.010698795318603516e-01
8.138505816459655762e-01
4.926092922687530518e-01
3.151928782463073730e-01
6.113110184669494629e-01
9.722816348075866699e-01
3.764277994632720947e-01
-2.356569655239582062e-02
-2.173366099596023560e-01
-1.168126612901687622e-01
-1.903658062219619751e-01
-1.556236296892166138e-01
-1.721515506505966187e-01
5.350093543529510498e-02
-1.320844441652297974e-01
-2.122056037187576294e-01
-7.534356415271759033e-02
1.861545257270336151e-02
9.806232154369354248e-02
1.733521372079849243e-01
2.224273532629013062e-01
2.299294769763946533e-01
2.090359181165695190e-01
2.039079815149307251e-01
2.430703490972518921e-01
2.545263171195983887e-01
3.204483985900878906e-01
3.126431405544281006e-01
2.917442619800567627e-01
3.239666521549224854e-01
3.053332865238189697e-01
2.921184003353118896e-01
2.697164118289947510e-01
2.438938170671463013e-01
2.193973213434219360e-01
3.139163553714752197e-01
2.997103631496429443e-01
1.628261953592300415e-01
-3.560079634189605713e-02
2.120180055499076843e-03
-3.512145951390266418e-03
-8.353336155414581299e-02
8.871583268046379089e-03
2.375872284173965454e-01
1.405993103981018066e-01
1.941446028649806976e-02
2.378205806016921997e-01
2.781995832920074463e-01
3.400705456733703613e-01
2.814383506774902344e-01
2.514687478542327881e-01
2.318874746561050415e-01
1.821516901254653931e-01
1.735977828502655029e-01
3.425675630569458008e-01
4.272902607917785645e-01
4.757486283779144287e-01
5.315802693367004395e-01
5.266550183296203613e-01
5.998035669326782227e-01
6.434076428413391113e-01
6.406188607215881348e-01
4.726774394512176514e-01
4.547014534473419189e-01
3.988593816757202148e-01
5.292902588844299316e-01
8.392949700355529785e-01
7.327222228050231934e-01
9.308620095252990723e-01
1.146625161170959473e+00
1.190693855285644531e+00
1.122544407844543457e+00
1.255485534667968750e+00
1.249740362167358398e+00
1.096517443656921387e+00
8.279730677604675293e-01
5.582005381584167480e-01
6.355454921722412109e-01
6.910357475280761719e-01
7.525507807731628418e-01
6.560464501380920410e-01
1.049368143081665039e+00
9.880111813545227051e-01
7.055001854896545410e-01
5.893716812133789062e-01
8.071399331092834473e-01
1.097317934036254883e+00
1.080467820167541504e+00
7.650360465049743652e-01
7.339729666709899902e-01
1.079124927520751953e+00
9.434168338775634766e-01
1.219223976135253906e+00
9.466531872749328613e-01
7.026540040969848633e-01
6.251358389854431152e-01
9.383497834205627441e-01
1.018822669982910156e+00
7.389642596244812012e-01
5.247907638549804688e-01
5.233383178710937500e-01
6.160398125648498535e-01
7.257017493247985840e-01
8.078095316886901855e-01
8.076745867729187012e-01
8.862337470054626465e-01
8.762914538383483887e-01
9.486421942710876465e-01
8.449499607086181641e-01
8.281378149986267090e-01
9.517780542373657227e-01
9.149799942970275879e-01
8.511242270469665527e-01
4.439643323421478271e-01
3.584077060222625732e-01
4.644454717636108398e-01
3.772098124027252197e-01
2.868332564830780029e-01
3.739746212959289551e-01
3.215524852275848389e-01
3.075977265834808350e-01
2.800739705562591553e-01
2.476335912942886353e-01
2.208834439516067505e-01
2.065488994121551514e-01
1.263048201799392700e-01
2.795588076114654541e-01
2.698028683662414551e-01
2.856397330760955811e-01
3.333563506603240967e-01
3.695032894611358643e-01
4.316804409027099609e-01
7.508457303047180176e-01
6.488875746726989746e-01
5.254448652267456055e-01
5.660891532897949219e-01
7.851410508155822754e-01
7.970032095909118652e-01
8.428095579147338867e-01
3.353472650051116943e-01
3.350563943386077881e-01
