1.251884579658508301e+00
1.061611890792846680e+00
7.808336019515991211e-01
1.743450045585632324e+00
1.509769558906555176e+00
1.171443104743957520e+00
9.176214933395385742e-01
8.596965074539184570e-01
1.176286220550537109e+00
1.518480539321899414e+00
1.709542751312255859e+00
1.525449752807617188e+00
1.265414595603942871e+00
1.221530199050903320e+00
1.154778003692626953e+00
1.040318250656127930e+00
7.491318583488464355e-01
7.902397513389587402e-01
1.487325578927993774e-01
-8.094100654125213623e-02
-4.506014287471771240e-02
-2.124413847923278809e-03
-3.352753818035125732e-02
-5.937539041042327881e-02
-7.746921479701995850e-02
-9.247241914272308350e-02
-1.335755437612533569e-01
-1.277855485677719116e-01
-8.249603211879730225e-02
1.071150600910186768e-02
1.080110222101211548e-01
2.013354748487472534e-01
4.842575192451477051e-01
5.773273706436157227e-01
5.905091762542724609e-01
8.816440105438232422e-01
3.093400597572326660e-01
3.087075352668762207e-01
4.952442646026611328e-01
1.585247874259948730e+00
1.103632807731628418e+00
6.582959890365600586e-01
7.506210803985595703e-01
7.537270784378051758e-01
-1.648418605327606201e-02
-7.038995623588562012e-03
-5.219409465789794922e-01
-5.977440476417541504e-01
-5.558377504348754883e-01
-1.622686535120010376e-01
6.264640092849731445e-01
9.542270004749298096e-02
-6.396034955978393555e-01
-3.878366947174072266e-01
-6.975837051868438721e-02
5.933468043804168701e-02
4.346703886985778809e-01
1.225072979927062988e+00
1.250640034675598145e+00
1.045140624046325684e+00
1.084365487098693848e+00
9.126626253128051758e-01
1.098315715789794922e+00
1.357870459556579590e+00
6.395708322525024414e-01
4.006111025810241699e-01
1.769599765539169312e-01
-4.757996797561645508e-01
-9.545566439628601074e-01
3.186854720115661621e-01
6.133033037185668945e-01
9.418768882751464844e-01
1.276532292366027832e+00
1.004938006401062012e+00
1.365575671195983887e+00
1.767685562372207642e-01
1.967717558145523071e-01
2.649479508399963379e-01
2.273750454187393188e-01
8.897087574005126953e-01
1.226758956909179688e+00
1.095529794692993164e+00
1.049715399742126465e+00
1.108204364776611328e+00
1.026587605476379395e+00
9.869952201843261719e-01
6.495023965835571289e-01
9.235590696334838867e-01
1.230527758598327637e+00
1.172941684722900391e+00
4.731088280677795410e-01
4.171018004417419434e-01
5.063951015472412109e-01
3.891651034355163574e-01
2.460678964853286743e-01
2.122795134782791138e-01
-1.445876359939575195e-01
6.113299727439880371e-01
1.045392632484436035e+00
1.098928213119506836e+00
5.008505582809448242e-01
2.291943132877349854e-02
7.791866064071655273e-01
6.901298761367797852e-01
6.674941778182983398e-01
5.732643604278564453e-01
6.670618653297424316e-01
8.052511215209960938e-01
9.336475133895874023e-01
9.145187139511108398e-01
6.255693435668945312e-01
1.912190169095993042e-01
3.654957413673400879e-01
6.622657775878906250e-01
3.540802597999572754e-01
9.843637049198150635e-02
-1.111110299825668335e-01
1.279260218143463135e-02
2.793700098991394043e-01
9.049476683139801025e-02
-2.936251163482666016e-01
-1.692805439233779907e-01
-1.487944275140762329e-01
-7.627595067024230957e-01
-5.298709869384765625e-01
1.442578583955764771e-01
-7.737889885902404785e-03
-5.509535968303680420e-02
8.870943784713745117e-01
4.102573990821838379e-01
-1.369488686323165894e-01
-1.843304932117462158e-02
1.367852538824081421e-01
-7.386311888694763184e-03
-1.873181015253067017e-01
-3.530800938606262207e-01
-2.824234366416931152e-01
-2.506362199783325195e-01
8.066566288471221924e-02
1.026828736066818237e-01
-4.971751570701599121e-01
-1.229253560304641724e-01
-6.982082128524780273e-01
-3.749629855155944824e-02
2.593243718147277832e-01
2.390302866697311401e-01
-1.594625562429428101e-01
-3.590029180049896240e-01
3.574649095535278320e-01
-2.835233211517333984e-01
-7.454537153244018555e-01
-1.010107636451721191e+00
-6.264550089836120605e-01
4.317648410797119141e-01
-4.275774955749511719e-01
3.211531639099121094e-01
1.406523734331130981e-01
6.432867646217346191e-01
2.617634832859039307e-02
-2.297353744506835938e-02
2.444344907999038696e-01
3.202905058860778809e-01
1.069854140281677246e+00
8.351518213748931885e-02
4.384425282478332520e-01
1.394144654273986816e+00
1.328238964080810547e+00
1.048428416252136230e+00
-4.067568480968475342e-02
1.821191459894180298e-01
6.261650919914245605e-01
1.490310311317443848e+00
9.866102933883666992e-01
8.997548818588256836e-01
3.516788482666015625e-01
-1.597657799720764160e-03
7.869335412979125977e-01
5.315878391265869141e-01
1.749980002641677856e-01
5.483782887458801270e-01
1.256773233413696289e+00
5.169855356216430664e-01
9.903975725173950195e-01
1.440356135368347168e+00
1.114019513130187988e+00
2.803376913070678711e-01
1.034823775291442871e+00
1.267762422561645508e+00
6.666119694709777832e-01
5.957136154174804688e-01
2.848579883575439453e-01
5.064052343368530273e-01
4.144762158393859863e-01
5.371496677398681641e-01
6.530572175979614258e-01
5.976921916007995605e-01
-9.204308688640594482e-02
5.997468233108520508e-01
6.632984876632690430e-01
7.311938405036926270e-01
3.603522181510925293e-01
4.393818378448486328e-01
5.167036056518554688e-01
9.196527004241943359e-01
1.041653752326965332e+00
7.309708595275878906e-01
8.703165054321289062e-01
9.118319749832153320e-01
1.046086311340332031e+00
9.985402822494506836e-01
9.516918659210205078e-01
1.061968564987182617e+00
1.185334563255310059e+00
1.361678481101989746e+00
1.458628773689270020e+00
1.491668820381164551e+00
1.518080353736877441e+00
1.692590355873107910e+00
1.725387215614318848e+00
1.257882356643676758e+00
1.357427835464477539e+00
1.382384657859802246e+00
9.879175424575805664e-01
1.765268594026565552e-01
1.187458157539367676e+00
1.089173793792724609e+00
6.947572827339172363e-01
9.292171001434326172e-01
9.423931837081909180e-01
-4.173922538757324219e-01
7.377426624298095703e-01
9.377897977828979492e-01
7.129346132278442383e-01
7.720435857772827148e-01
7.656535506248474121e-01
2.585425376892089844e-01
1.008606404066085815e-01
-8.368958532810211182e-02
-1.488904654979705811e-02
1.590109616518020630e-01
3.423899412155151367e-01
3.213286995887756348e-01
6.552173197269439697e-02
-7.151453197002410889e-02
2.060126513242721558e-01
2.322210371494293213e-02
4.826604127883911133e-01
6.559120416641235352e-01
1.351155877113342285e+00
8.919187784194946289e-01
1.013925909996032715e+00
6.090285181999206543e-01
5.947008728981018066e-01
9.492608308792114258e-01
6.249217689037322998e-02
9.007416963577270508e-01
9.485296010971069336e-01
8.956621885299682617e-01
1.133993506431579590e+00
1.156384348869323730e+00
1.060941338539123535e+00
1.209392070770263672e+00
1.247754216194152832e+00
1.052346587181091309e+00
1.283234715461730957e+00
1.660031914710998535e+00
7.369471788406372070e-01
-7.440190017223358154e-02
3.957701921463012695e-01
3.772495388984680176e-01
1.011893749237060547e+00
1.833942681550979614e-01
-3.530621528625488281e-01
4.618754386901855469e-01
5.746625661849975586e-01
1.238387227058410645e+00
9.274113178253173828e-01
5.850082635879516602e-01
-2.862171828746795654e-02
5.365131497383117676e-01
4.191876053810119629e-01
9.315741062164306641e-01
1.234361410140991211e+00
5.520163774490356445e-01
-3.374804854393005371e-01
-4.112813472747802734e-01
-2.434941381216049194e-01
-4.363304376602172852e-02
1.051544994115829468e-01
1.875181496143341064e-02
9.098693728446960449e-03
1.272955387830734253e-01
9.381301701068878174e-02
-3.877082467079162598e-01
-2.032811194658279419e-01
-3.387784957885742188e-01
4.822003841400146484e-01
5.375183820724487305e-01
3.469241261482238770e-01
1.018509864807128906e+00
7.570546865463256836e-01
1.961223036050796509e-01
1.436531394720077515e-01
-2.556402981281280518e-02
4.778536558151245117e-01
2.911044359207153320e-01
-2.706021964550018311e-01
-2.517327666282653809e-02
4.235645532608032227e-01
2.341753393411636353e-01
-4.041379690170288086e-01
2.071434706449508667e-01
-2.602688670158386230e-01
-3.847504854202270508e-01
-1.617937833070755005e-01
-1.927711814641952515e-01
2.204726636409759521e-02
-2.854697108268737793e-01
-4.113435745239257812e-01
-2.129007130861282349e-01
-1.944463700056076050e-01
-6.121234297752380371e-01
-4.634301066398620605e-01
-4.009708464145660400e-01
-5.369026660919189453e-01
-4.128229618072509766e-01
-2.660048007965087891e-01
-9.105816483497619629e-03
-1.194267719984054565e-01
2.030998468399047852e-02
-1.263028979301452637e-01
4.478272795677185059e-02
-1.691708117723464966e-01
-5.126631855964660645e-01
-2.310257256031036377e-01
-4.787756800651550293e-01
-5.152416229248046875e-01
-3.533318042755126953e-01
-2.738129198551177979e-01
-1.531306654214859009e-01
1.243343204259872437e-01
-1.878678798675537109e-02
-4.348351061344146729e-02
-2.727830111980438232e-01
8.060665428638458252e-02
-2.907651066780090332e-01
4.538886547088623047e-01
-4.774929583072662354e-02
1.103903651237487793e+00
9.134163856506347656e-01
9.050248861312866211e-01
9.997503757476806641e-01
5.654594898223876953e-01
1.137356877326965332e+00
1.240221381187438965e+00
1.164426088333129883e+00
9.361567497253417969e-01
8.575007915496826172e-01
8.877987861633300781e-01
1.746115803718566895e+00
1.111785769462585449e+00
4.978584051132202148e-01
1.760871261358261108e-01
3.817383646965026855e-01
1.806056946516036987e-01
6.234765648841857910e-01
2.581405043601989746e-01
1.678455621004104614e-01
2.233514338731765747e-01
1.820816844701766968e-01
5.915327072143554688e-01
5.575396418571472168e-01
1.603203564882278442e-01
-7.350817322731018066e-03
2.639113664627075195e-01
3.308798074722290039e-01
-2.665743231773376465e-01
4.300796985626220703e-01
5.491985380649566650e-02
2.409442812204360962e-01
3.279829025268554688e-01
9.240682423114776611e-02
1.041290611028671265e-01
-1.580272167921066284e-01
-3.035329580307006836e-01
-3.189235925674438477e-01
-1.023895889520645142e-01
-1.295612305402755737e-01
-3.019684553146362305e-01
2.201998978853225708e-01
1.419951468706130981e-01
4.856729507446289062e-01
1.222244054079055786e-01
-8.904822170734405518e-02
-5.574475228786468506e-02
-3.560173809528350830e-01
-3.515031337738037109e-01
-2.239371687173843384e-01
-3.940552473068237305e-01
-4.271453022956848145e-01
-5.526575446128845215e-02
8.692468702793121338e-02
4.229204654693603516e-01
2.136899381875991821e-01
1.454305201768875122e-01
-1.533720046281814575e-01
6.858536601066589355e-01
1.101513504981994629e+00
3.048332333564758301e-01
1.872344762086868286e-01
4.089078903198242188e-01
5.076489448547363281e-01
3.263271450996398926e-01
1.740658134222030640e-01
1.404913812875747681e-01
2.213936299085617065e-01
4.141498804092407227e-01
2.745989561080932617e-01
4.232114553451538086e-01
1.975123435258865356e-01
4.606244564056396484e-01
1.495208889245986938e-01
4.881581068038940430e-01
2.509660124778747559e-01
4.944578409194946289e-01
2.088415175676345825e-01
-2.782641947269439697e-01
-1.416144818067550659e-01
-1.205568462610244751e-01
-1.192647516727447510e-01
-3.091036677360534668e-01
1.226545721292495728e-01
2.088073641061782837e-01
1.808938533067703247e-01
3.363398313522338867e-01
-3.454279303550720215e-01
8.373613357543945312e-01
1.356126189231872559e+00
8.854516744613647461e-01
9.007357358932495117e-01
6.740072965621948242e-01
2.135527282953262329e-01
2.971583008766174316e-01
-2.711241245269775391e-01
1.642536073923110962e-01
2.176471203565597534e-01
3.085640072822570801e-01
1.085055947303771973e+00
1.106259942054748535e+00
8.715860843658447266e-01
1.378363966941833496e+00
1.089424967765808105e+00
7.228959798812866211e-01
8.378870487213134766e-01
7.564498186111450195e-01
1.027777075767517090e+00
9.296340942382812500e-01
1.486186265945434570e+00
1.221330523490905762e+00
9.709625244140625000e-01
2.182955890893936157e-01
4.440059661865234375e-01
4.586399793624877930e-01
8.105326890945434570e-01
7.064346075057983398e-01
5.008123517036437988e-01
3.597542643547058105e-01
4.183684587478637695e-01
5.287684202194213867e-01
1.047785401344299316e+00
6.702134609222412109e-01
5.744150280952453613e-01
7.139930725097656250e-01
6.430646181106567383e-01
-1.985009908676147461e-01
-2.164174169301986694e-01
7.894111275672912598e-01
5.781096220016479492e-01
8.345676660537719727e-01
4.821072220802307129e-01
9.997333288192749023e-01
5.815181136131286621e-01
6.582126021385192871e-03
1.046670556068420410e+00
1.367712378501892090e+00
7.630815505981445312e-01
1.196903139352798462e-01
-1.959205865859985352e-01
2.531138062477111816e-01
8.471807241439819336e-01
7.547049522399902344e-01
8.665970563888549805e-01
1.030230641365051270e+00
1.272973537445068359e+00
3.992762565612792969e-01
4.680362343788146973e-01
2.733373045921325684e-01
2.607499957084655762e-01
6.885330677032470703e-01
5.273073911666870117e-01
-2.038590312004089355e-01
-1.174179762601852417e-01
7.277081012725830078e-01
6.859753727912902832e-01
9.503073692321777344e-01
8.225381970405578613e-01
1.805484443902969360e-01
9.857307672500610352e-01
1.242222040891647339e-01
-3.405306339263916016e-01
1.158519089221954346e-02
3.409490585327148438e-01
5.486608147621154785e-01
5.317757725715637207e-01
2.806082963943481445e-01
5.433863401412963867e-01
8.492778539657592773e-01
-2.205882221460342407e-01
3.107237815856933594e-01
4.678672552108764648e-01
4.309450387954711914e-01
3.974455595016479492e-01
3.335605859756469727e-01
1.141717582941055298e-01
-1.426450461149215698e-01
-8.606410026550292969e-02
-1.965603232383728027e-02
-6.699668616056442261e-02
-7.512995600700378418e-02
-1.997556537389755249e-01
6.048239469528198242e-01
4.885087013244628906e-01
3.810316324234008789e-01
-1.533036530017852783e-01
-3.091329932212829590e-01
1.191949099302291870e-01
5.062072277069091797e-01
6.008172035217285156e-01
3.033018708229064941e-01
-6.461859494447708130e-02
1.916640549898147583e-01
3.127073049545288086e-01
2.616186738014221191e-01
6.016581058502197266e-01
1.002038240432739258e+00
9.820524454116821289e-01
1.193219542503356934e+00
1.110785365104675293e+00
8.452678918838500977e-01
6.910322904586791992e-01
1.602409332990646362e-01
4.076870679855346680e-01
1.337356925010681152e+00
1.154365897178649902e+00
1.924095600843429565e-01
-1.831072866916656494e-01
2.429630905389785767e-01
4.275205731391906738e-01
7.691708803176879883e-01
7.378121018409729004e-01
1.052815556526184082e+00
1.090365767478942871e+00
1.345998167991638184e+00
1.032133102416992188e+00
8.704639673233032227e-01
7.652758359909057617e-01
2.339283078908920288e-01
-1.831443756818771362e-01
-3.460791110992431641e-01
1.092061400413513184e-03
3.685179352760314941e-01
3.488568067550659180e-01
1.044760704040527344e+00
7.001026272773742676e-01
8.563843965530395508e-01
1.010830521583557129e+00
6.637891530990600586e-01
4.879860877990722656e-01
1.048700958490371704e-01
-1.681309342384338379e-01
1.183558255434036255e-01
5.633627176284790039e-01
1.263262152671813965e+00
9.573756456375122070e-01
9.115637540817260742e-01
1.029597401618957520e+00
3.781425952911376953e-01
2.929268479347229004e-01
6.096986532211303711e-01
9.231697320938110352e-01
1.107040047645568848e+00
2.119414061307907104e-01
8.236886262893676758e-01
1.287358999252319336e+00
1.542496562004089355e+00
6.779873371124267578e-01
1.010486245155334473e+00
3.822281360626220703e-01
1.400187849998474121e+00
1.237316966056823730e+00
5.398006439208984375e-01
9.950417280197143555e-01
6.375960111618041992e-01
4.528563618659973145e-01
1.085881143808364868e-01
-2.599667310714721680e-01
5.365400314331054688e-01
2.375873178243637085e-01
7.192292213439941406e-01
6.742060184478759766e-01
1.036423802375793457e+00
1.007574349641799927e-01
-2.972568273544311523e-01
-2.599050402641296387e-01
1.810700744390487671e-01
6.139667630195617676e-01
9.972296953201293945e-01
2.534580230712890625e-01
8.768416941165924072e-02
4.851721227169036865e-02
6.573161482810974121e-02
1.608518511056900024e-01
1.645342260599136353e-01
3.024311661720275879e-01
7.201175093650817871e-01
8.336781263351440430e-01
4.395841360092163086e-01
2.232774347066879272e-01
1.981840878725051880e-01
2.587851881980895996e-01
3.455786705017089844e-01
1.632462888956069946e-01
8.035941421985626221e-02
1.667042523622512817e-01
3.042035102844238281e-01
3.748542070388793945e-01
1.771509796380996704e-01
8.564957380294799805e-01
-2.943816781044006348e-02
2.166036516427993774e-01
3.016402721405029297e-01
4.890380501747131348e-01
6.093040108680725098e-01
5.718124508857727051e-01
5.237014591693878174e-02
1.292216926813125610e-01
1.064205318689346313e-01
-1.740406006574630737e-01
3.471583127975463867e-03
-1.596108078956604004e-03
-7.370912283658981323e-02
1.275753527879714966e-01
2.959421277046203613e-01
8.232145011425018311e-02
3.367002010345458984e-01
-2.679572999477386475e-02
-3.752283751964569092e-01
4.111662507057189941e-03
2.499981671571731567e-01
-4.916431009769439697e-02
3.429836034774780273e-01
2.660788893699645996e-01
-1.485165357589721680e-01
4.037327766418457031e-01
2.381077557802200317e-01
3.021998703479766846e-02
9.136529266834259033e-02
1.542764455080032349e-01
-4.270194768905639648e-01
-1.657749861478805542e-01
4.547239542007446289e-01
9.579960107803344727e-01
1.090532422065734863e+00
6.131629347801208496e-01
8.247236013412475586e-01
6.456557512283325195e-01
6.522342562675476074e-01
5.571616291999816895e-01
3.101956844329833984e-01
4.279614686965942383e-01
7.764581441879272461e-01
5.501232743263244629e-01
8.440146446228027344e-01
6.305478811264038086e-01
9.988790750503540039e-01
1.002560615539550781e+00
8.416275978088378906e-01
8.534330129623413086e-01
8.392983675003051758e-01
7.794026136398315430e-01
1.335633546113967896e-01
-2.001822143793106079e-01
1.633535176515579224e-01
8.177534341812133789e-01
1.338359236717224121e+00
1.122790217399597168e+00
1.548923611640930176e+00
5.122656822204589844e-01
9.570395946502685547e-01
3.961611390113830566e-01
5.110652744770050049e-02
5.128059983253479004e-01
2.891921997070312500e-01
6.259835362434387207e-01
-1.624066084623336792e-01
-1.338971704244613647e-01
-3.257904052734375000e-01
1.003520369529724121e+00
-1.015044152736663818e-01
4.060070514678955078e-01
1.371032148599624634e-01
4.555931091308593750e-01
3.945598006248474121e-01
7.934588789939880371e-01
9.435529708862304688e-01
6.515245437622070312e-01
5.538245439529418945e-01
5.097452402114868164e-01
5.012808442115783691e-01
9.720259904861450195e-01
1.236346125602722168e+00
9.465087652206420898e-01
4.423764348030090332e-01
7.281768918037414551e-01
5.977834463119506836e-01
3.708605766296386719e-01
8.133020997047424316e-01
1.266498684883117676e+00
1.366413116455078125e+00
1.154468178749084473e+00
1.096449732780456543e+00
1.249699711799621582e+00
5.484097003936767578e-01
9.153940677642822266e-01
1.118157982826232910e+00
7.379838228225708008e-01
8.313241004943847656e-01
8.188627362251281738e-01
6.383655071258544922e-01
1.179908990859985352e+00
1.008687376976013184e+00
6.936466693878173828e-01
1.077594161033630371e+00
1.221605300903320312e+00
8.991787433624267578e-01
8.590614795684814453e-01
-4.123589992523193359e-01
7.972230017185211182e-02
5.628347396850585938e-01
6.650996804237365723e-01
2.303362041711807251e-01
5.700356364250183105e-01
7.932224869728088379e-01
7.326298952102661133e-01
7.928289771080017090e-01
5.616881847381591797e-01
8.762019872665405273e-01
9.259326457977294922e-01
1.209190845489501953e+00
9.532279968261718750e-01
8.237468004226684570e-01
2.905443310737609863e-01
9.690700769424438477e-01
4.817945957183837891e-01
1.762719452381134033e-02
9.810711443424224854e-02
1.269119262695312500e+00
9.298275709152221680e-01
1.011606335639953613e+00
6.341844201087951660e-01
9.624336957931518555e-01
1.104931235313415527e+00
8.455487489700317383e-01
5.437363386154174805e-01
5.307598114013671875e-01
-1.857572197914123535e-01
-5.599297881126403809e-01
-1.386026293039321899e-01
4.157409667968750000e-01
2.308313399553298950e-01
-2.468679547309875488e-01
-5.807535648345947266e-01
-1.628239303827285767e-01
-1.190946549177169800e-01
-1.266533285379409790e-01
3.508086502552032471e-02
-6.456528604030609131e-02
6.590771675109863281e-02
6.654987335205078125e-01
4.261835813522338867e-01
8.861640691757202148e-01
1.039727807044982910e+00
1.011488676071166992e+00
6.822543144226074219e-01
5.321019887924194336e-01
6.741319894790649414e-01
9.105708599090576172e-01
4.451828002929687500e-01
5.830479860305786133e-01
3.421624004840850830e-02
2.361492663621902466e-01
2.778760790824890137e-01
5.716691911220550537e-02
-2.507145702838897705e-02
1.165592521429061890e-01
1.050435155630111694e-01
8.253231644630432129e-03
-1.254802793264389038e-01
1.688454598188400269e-01
-6.306548118591308594e-01
3.335633873939514160e-01
1.061889529228210449e-02
-6.094357371330261230e-01
-4.800142645835876465e-01
3.778191804885864258e-01
4.226210117340087891e-01
7.838892936706542969e-01
9.001255035400390625e-01
1.453742384910583496e+00
1.196848988533020020e+00
2.793440222740173340e-01
-1.342396587133407593e-01
-2.078170180320739746e-01
7.518021762371063232e-02
4.178237915039062500e-01
6.616340875625610352e-01
1.017219781875610352e+00
1.420099586248397827e-01
3.781627416610717773e-01
-6.528566777706146240e-02
9.144530296325683594e-01
3.452513217926025391e-01
3.340674042701721191e-01
9.671415388584136963e-02
2.077622860670089722e-01
1.438449472188949585e-01
7.731917500495910645e-01
7.664283514022827148e-01
6.290590167045593262e-01
8.690363168716430664e-01
3.734874725341796875e-01
-8.061929941177368164e-01
3.943114876747131348e-01
-1.144349202513694763e-01
2.110686749219894409e-01
-2.350442111492156982e-02
5.884155035018920898e-01
2.989870905876159668e-01
3.289135694503784180e-01
-1.889784783124923706e-01
-5.259753763675689697e-02
3.758646845817565918e-01
1.003040432929992676e+00
1.395836591720581055e+00
1.278398633003234863e+00
1.073376536369323730e+00
1.006422877311706543e+00
6.832722425460815430e-01
8.580013513565063477e-01
8.453717231750488281e-01
1.081091642379760742e+00
1.247252345085144043e+00
1.601312756538391113e+00
1.024058103561401367e+00
2.829171419143676758e-01
9.220980107784271240e-02
-4.038286805152893066e-01
1.286386400461196899e-01
3.303617238998413086e-01
-3.845925927162170410e-01
4.153504967689514160e-01
8.054023981094360352e-01
3.698036670684814453e-01
-2.275796234607696533e-02
1.835026890039443970e-01
5.341610908508300781e-01
5.317230224609375000e-01
3.468785285949707031e-01
-8.638653159141540527e-02
4.007281064987182617e-01
4.663906097412109375e-01
3.272085189819335938e-01
2.977272868156433105e-01
3.813088536262512207e-01
5.002489686012268066e-01
3.847702145576477051e-01
-3.836069107055664062e-01
-1.597730070352554321e-01
-5.849404633045196533e-02
-1.648451089859008789e-01
1.763208061456680298e-01
1.419824212789535522e-01
8.780087530612945557e-02
-2.942667603492736816e-01
-2.493329644203186035e-01
1.660639196634292603e-01
-1.795684248208999634e-01
7.411760687828063965e-01
1.081080079078674316e+00
3.372886180877685547e-01
9.538699388504028320e-01
4.742437005043029785e-01
6.287971735000610352e-01
-7.082156836986541748e-02
-1.239787936210632324e-01
3.013887405395507812e-01
2.554920911788940430e-01
2.065287083387374878e-01
-2.670962214469909668e-01
-3.023340106010437012e-01
3.460440635681152344e-01
4.796798229217529297e-01
6.473811268806457520e-01
5.018080472946166992e-01
5.487059354782104492e-01
-1.404744088649749756e-01
-1.930875629186630249e-01
-3.872045874595642090e-01
-4.208212494850158691e-01
3.528606891632080078e-01
1.869690865278244019e-01
3.011903762817382812e-01
4.873239994049072266e-01
1.419029086828231812e-01
5.421055555343627930e-01
-2.648063004016876221e-02
9.727244079113006592e-02
3.643132746219635010e-02
4.517381191253662109e-01
5.643842220306396484e-01
3.787903785705566406e-01
3.099746108055114746e-01
9.052784740924835205e-02
4.755100011825561523e-01
1.424697190523147583e-01
-1.520013958215713501e-01
3.949185609817504883e-01
1.449786275625228882e-01
8.039726316928863525e-02
2.441870123147964478e-01
3.075798153877258301e-01
-2.347537130117416382e-01
-1.743324697017669678e-01
1.173447519540786743e-01
4.100089073181152344e-01
4.396860599517822266e-01
5.365256071090698242e-01
1.276580810546875000e+00
5.768606662750244141e-01
4.569567441940307617e-01
7.765668630599975586e-01
4.059997200965881348e-01
1.033012419939041138e-01
-2.043217420578002930e-03
2.290989309549331665e-01
4.160206019878387451e-02
3.795106709003448486e-02
-3.118021488189697266e-01
1.793599873781204224e-01
-2.789478003978729248e-02
-1.449428498744964600e-02
7.910881638526916504e-01
2.072893530130386353e-01
3.770810365676879883e-01
7.184937596321105957e-03
3.592010140419006348e-01
4.706421494483947754e-01
-1.425825059413909912e-01
1.272889226675033569e-01
-6.627815961837768555e-01
-2.678980827331542969e-01
-1.825654655694961548e-01
7.174056768417358398e-02
3.464615345001220703e-01
6.563712358474731445e-01
6.064622402191162109e-01
1.114388257265090942e-01
1.778944283723831177e-01
3.377453684806823730e-01
6.365655064582824707e-01
2.706484198570251465e-01
9.569211304187774658e-02
5.244091749191284180e-01
5.797734260559082031e-01
4.872390031814575195e-01
7.420972585678100586e-01
8.529663085937500000e-01
1.182361245155334473e+00
7.868878841400146484e-01
2.784250974655151367e-01
9.170788526535034180e-01
1.199727892875671387e+00
7.478810548782348633e-01
6.421289443969726562e-01
1.135852932929992676e+00
9.729053974151611328e-01
3.786709904670715332e-01
4.176911711692810059e-01
9.226590394973754883e-01
1.057971954345703125e+00
8.132825493812561035e-01
5.272917449474334717e-02
2.188731729984283447e-02
3.277191519737243652e-02
3.844530582427978516e-01
7.999774813652038574e-01
-4.760308563709259033e-02
4.733860492706298828e-01
-1.462458074092864990e-02
8.067182302474975586e-01
5.718595981597900391e-01
1.708265393972396851e-01
2.330425232648849487e-01
7.283316850662231445e-01
-2.026211470365524292e-01
3.554630875587463379e-01
9.576986730098724365e-02
1.167245507240295410e+00
1.539773583412170410e+00
1.033945441246032715e+00
8.433552980422973633e-01
7.294149398803710938e-01
2.451243549585342407e-01
6.272447109222412109e-01
7.800242304801940918e-01
6.574316024780273438e-01
1.446264535188674927e-01
3.065113723278045654e-02
-1.876357197761535645e-01
2.993043661117553711e-01
6.762399673461914062e-01
9.329820871353149414e-01
1.123703360557556152e+00
1.077432274818420410e+00
7.901518940925598145e-01
3.457008600234985352e-01
1.525692582130432129e+00
1.323337435722351074e+00
9.815289974212646484e-01
9.818807840347290039e-01
1.159958720207214355e+00
1.371419191360473633e+00
9.765564203262329102e-01
1.046856999397277832e+00
1.280892014503479004e+00
1.124763488769531250e+00
-2.722883224487304688e-01
5.188044309616088867e-01
5.847023725509643555e-01
-8.451895415782928467e-02
1.256911873817443848e+00
1.252941966056823730e+00
9.900766611099243164e-01
6.113273501396179199e-01
1.008265852928161621e+00
1.151196837425231934e+00
5.602616071701049805e-01
6.835002303123474121e-01
7.873732447624206543e-01
5.939394235610961914e-01
3.991575837135314941e-01
4.608025550842285156e-01
5.499652624130249023e-01
3.485950231552124023e-01
5.202272534370422363e-02
2.566263675689697266e-01
5.805742740631103516e-01
4.798060655593872070e-01
2.361853867769241333e-01
-8.281739056110382080e-02
-1.527022272348403931e-01
-4.749534726142883301e-01
-6.074191629886627197e-02
1.097344309091567993e-01
-2.926269769668579102e-01
-2.075416892766952515e-01
-2.563929557800292969e-02
-2.285698205232620239e-01
-9.143386781215667725e-02
-1.481819301843643188e-01
-2.579866349697113037e-02
-2.333506494760513306e-01
-9.218640625476837158e-02
3.167140483856201172e-01
3.873195648193359375e-01
5.102436542510986328e-01
6.373032927513122559e-01
6.707796454429626465e-01
1.040653347969055176e+00
2.803926467895507812e-01
1.631827205419540405e-01
3.027783036231994629e-01
8.458805084228515625e-01
5.344398617744445801e-01
5.003748536109924316e-01
-9.039081633090972900e-02
-1.858477443456649780e-01
1.974128931760787964e-01
1.784764230251312256e-02
1.565077453851699829e-01
7.642884552478790283e-02
-2.004869282245635986e-02
-4.078800082206726074e-01
2.052694112062454224e-01
1.416698843240737915e-01
9.188891947269439697e-02
-9.447128325700759888e-02
6.710968017578125000e-01
5.140464305877685547e-01
-8.054055273532867432e-02
2.797658443450927734e-01
7.163218259811401367e-01
5.837374925613403320e-01
2.143157273530960083e-01
3.310301303863525391e-01
-1.317410618066787720e-01
-2.095390707254409790e-01
1.601804643869400024e-01
-3.793866038322448730e-01
-5.147339701652526855e-01
-2.247859239578247070e-01
-4.044814407825469971e-02
-3.417029976844787598e-03
3.223671019077301025e-02
7.353821396827697754e-02
-1.209040805697441101e-01
2.119666188955307007e-01
1.800934970378875732e-02
-1.581795513629913330e-02
6.111052632331848145e-02
-4.905784130096435547e-02
-4.093153774738311768e-02
-1.253136843442916870e-01
-2.775203585624694824e-01
1.159635931253433228e-01
-7.811586558818817139e-02
9.979493916034698486e-02
-4.540354013442993164e-02
2.471129447221755981e-01
1.313483268022537231e-01
4.741786718368530273e-01
5.063552260398864746e-01
4.548068642616271973e-01
3.386127948760986328e-01
2.581737935543060303e-02
-4.622662067413330078e-02
-4.915064573287963867e-02
-3.839175403118133545e-02
-3.881989419460296631e-02
-1.583650708198547363e-03
-1.419608294963836670e-02
-1.444374024868011475e-02
-3.264471888542175293e-03
-2.654826641082763672e-02
-4.375985264778137207e-02
-3.219379484653472900e-02
1.806198060512542725e-02
1.237641423940658569e-01
2.036368399858474731e-01
2.373863607645034790e-01
2.522500157356262207e-01
-5.142837762832641602e-02
2.792547345161437988e-01
3.711248040199279785e-01
6.295751333236694336e-01
9.244312047958374023e-01
7.427859306335449219e-01
9.017440080642700195e-01
8.749634027481079102e-01
8.730908632278442383e-01
9.081679582595825195e-01
9.516688585281372070e-01
9.762483835220336914e-01
9.759135246276855469e-01
9.739065170288085938e-01
9.046243429183959961e-01
9.472795724868774414e-01
7.128458023071289062e-01
5.377898812294006348e-01
8.574730157852172852e-01
7.412431240081787109e-01
6.682375073432922363e-01
3.211444616317749023e-01
2.350850850343704224e-01
3.953382968902587891e-01
7.408954203128814697e-02
4.737752676010131836e-01
9.881016016006469727e-01
8.999794721603393555e-01
1.267701148986816406e+00
3.150840997695922852e-01
-1.872414350509643555e-02
-4.049355387687683105e-01
-5.352447926998138428e-02
6.049551367759704590e-01
6.171954870223999023e-01
3.609927296638488770e-01
2.482272535562515259e-01
6.258386373519897461e-01
8.371468782424926758e-01
-3.302150964736938477e-01
-6.970922350883483887e-01
-7.302098274230957031e-01
-2.911453843116760254e-01
-6.686992645263671875e-01
-4.856442213058471680e-01
-4.874443411827087402e-01
8.591547608375549316e-03
-2.501807212829589844e-01
-2.483560293912887573e-01
3.260959684848785400e-02
7.624348998069763184e-01
9.487686157226562500e-01
6.261646747589111328e-03
-7.741071283817291260e-02
-1.040484160184860229e-01
-2.441279441118240356e-01
3.967662155628204346e-02
1.450321525335311890e-01
-2.101935297250747681e-01
-2.056466788053512573e-01
3.491100072860717773e-01
4.017297923564910889e-02
-1.441399902105331421e-01
-7.880151271820068359e-01
8.454395532608032227e-01
5.211158394813537598e-01
1.217599272727966309e+00
1.155170440673828125e+00
1.140428543090820312e+00
1.048215985298156738e+00
9.878618717193603516e-01
6.651513576507568359e-01
1.078379631042480469e+00
1.041985750198364258e+00
8.831299543380737305e-01
5.074498653411865234e-01
1.049312949180603027e+00
1.057128787040710449e+00
9.186580181121826172e-01
3.204693794250488281e-01
6.263698339462280273e-01
7.629140615463256836e-01
3.106324076652526855e-01
2.765125036239624023e-01
1.497773081064224243e-01
2.770213484764099121e-01
3.419204950332641602e-01
7.385230064392089844e-01
7.458015680313110352e-01
1.227493405342102051e+00
1.034628987312316895e+00
1.119610190391540527e+00
8.997379541397094727e-01
1.323097229003906250e+00
7.367502450942993164e-01
5.750105381011962891e-01
2.418156713247299194e-01
7.224284410476684570e-01
5.453411936759948730e-01
9.829761981964111328e-01
4.560894370079040527e-01
2.987185120582580566e-01
3.303701281547546387e-01
3.892130255699157715e-01
4.484719634056091309e-01
3.290052413940429688e-01
2.473388463258743286e-01
1.665674149990081787e-02
-1.077334582805633545e-02
6.573756039142608643e-02
9.850667417049407959e-02
9.428806602954864502e-02
8.628149032592773438e-01
-1.956325471401214600e-01
6.228228211402893066e-01
4.769895672798156738e-01
3.815325498580932617e-01
6.745871305465698242e-01
-4.686255753040313721e-02
1.185082793235778809e+00
6.200017929077148438e-01
8.398319482803344727e-01
6.457971930503845215e-01
3.982244431972503662e-02
2.864313721656799316e-01
8.227948546409606934e-01
6.888302564620971680e-01
5.368120074272155762e-01
1.154285073280334473e+00
6.782898306846618652e-01
-3.249481320381164551e-03
2.921483516693115234e-01
-2.399452924728393555e-01
7.296062707901000977e-01
8.813627958297729492e-01
1.032534122467041016e+00
1.016332983970642090e+00
1.267547726631164551e+00
4.705726504325866699e-01
7.529807090759277344e-01
5.651504993438720703e-01
2.274483591318130493e-01
1.615235358476638794e-01
2.341503649950027466e-01
1.383716911077499390e-01
2.095519006252288818e-02
1.121620833873748779e-02
1.779495924711227417e-01
1.168392539024353027e+00
8.538438081741333008e-01
8.492693901062011719e-01
9.845055341720581055e-01
9.235121011734008789e-01
6.678504943847656250e-01
7.329230308532714844e-01
5.739640593528747559e-01
5.122447013854980469e-01
5.202847123146057129e-01
6.481534242630004883e-01
6.966480612754821777e-01
7.057941555976867676e-01
7.320428490638732910e-01
7.408015727996826172e-01
5.584316253662109375e-01
9.943155050277709961e-01
1.774706721305847168e+00
5.147036314010620117e-01
4.661315083503723145e-01
1.039700746536254883e+00
1.042099952697753906e+00
2.944748401641845703e-01
8.016057014465332031e-01
9.181472063064575195e-01
1.283246874809265137e+00
1.120697498321533203e+00
5.867112874984741211e-01
7.804388403892517090e-01
5.990220308303833008e-01
3.738855123519897461e-01
5.742353200912475586e-01
1.555060267448425293e+00
7.621711492538452148e-01
9.746460616588592529e-02
8.454074859619140625e-01
6.194410324096679688e-01
8.991063833236694336e-01
1.040412783622741699e+00
7.011415362358093262e-01
9.117509126663208008e-01
9.215794801712036133e-01
5.467352867126464844e-01
6.313742399215698242e-01
1.054954409599304199e+00
7.108890414237976074e-01
8.176892399787902832e-01
1.185391783714294434e+00
9.629241228103637695e-01
9.647297859191894531e-01
3.915352225303649902e-01
7.003370523452758789e-01
1.349708795547485352e+00
1.336715340614318848e+00
1.199143767356872559e+00
1.349676370620727539e+00
1.099534988403320312e+00
8.880037069320678711e-01
1.161911129951477051e+00
8.259304761886596680e-01
7.544839978218078613e-01
5.771830677986145020e-01
2.319105714559555054e-01
-3.071106970310211182e-02
-3.984661400318145752e-02
7.326720654964447021e-02
6.365597248077392578e-02
8.244056999683380127e-02
8.071739971637725830e-02
-1.433086097240447998e-01
-4.820363223552703857e-02
-5.316832661628723145e-02
6.273555755615234375e-02
3.080551326274871826e-02
2.431921660900115967e-02
-3.416804075241088867e-01
-1.910218596458435059e-01
-1.362052559852600098e-02
-1.501226425170898438e-02
1.004702895879745483e-01
7.074229419231414795e-02
1.298914849758148193e-02
1.393159776926040649e-01
-2.533031105995178223e-01
-1.529898345470428467e-01
1.450188905000686646e-01
5.585362911224365234e-01
6.162002682685852051e-01
6.116862893104553223e-01
8.150357007980346680e-01
6.930090785026550293e-01
7.426660656929016113e-01
8.617182970046997070e-01
9.828261137008666992e-01
8.380490541458129883e-01
8.702455759048461914e-01
1.103559136390686035e+00
5.995255708694458008e-01
9.709318876266479492e-01
4.903715848922729492e-01
8.358236551284790039e-01
1.231435179710388184e+00
7.166594266891479492e-01
2.995577454566955566e-02
4.861201047897338867e-01
3.840161561965942383e-01
-1.642049551010131836e-01
4.887683987617492676e-01
3.848503530025482178e-02
5.275843739509582520e-01
6.827012300491333008e-01
1.058532595634460449e+00
1.316515326499938965e+00
6.419952511787414551e-01
7.390209436416625977e-01
1.090749621391296387e+00
1.004630565643310547e+00
9.344680309295654297e-01
-5.195818841457366943e-02
-8.490870893001556396e-02
1.422361880540847778e-01
2.132073044776916504e-03
1.126379817724227905e-01
8.619903028011322021e-02
8.875399827957153320e-01
5.422469377517700195e-01
6.750637292861938477e-01
5.980404615402221680e-01
4.569270610809326172e-01
3.290735483169555664e-01
1.308443784713745117e+00
-1.362966746091842651e-01
-7.684379220008850098e-01
-6.899724006652832031e-01
-5.786255598068237305e-01
-7.046219706535339355e-01
-8.991904556751251221e-02
3.461211919784545898e-01
4.853806495666503906e-01
5.735801160335540771e-02
4.749027490615844727e-01
5.521090328693389893e-02
9.866707324981689453e-01
1.020559430122375488e+00
2.733226418495178223e-01
8.921536207199096680e-01
8.895441293716430664e-01
3.999999165534973145e-01
7.584817409515380859e-01
7.379973530769348145e-01
8.914786577224731445e-01
1.090463042259216309e+00
1.201783299446105957e+00
1.151144146919250488e+00
1.002257943153381348e+00
7.070394158363342285e-01
8.695886135101318359e-01
7.985133528709411621e-01
6.907643377780914307e-02
1.462556272745132446e-01
3.008762001991271973e-01
1.202846318483352661e-01
5.214555263519287109e-01
4.690150618553161621e-01
4.139675498008728027e-01
3.781881928443908691e-01
3.074213862419128418e-01
1.732885390520095825e-01
5.738365054130554199e-01
5.546091794967651367e-01
2.617514133453369141e-01
-6.646036505699157715e-01
-9.707063436508178711e-01
1.919893473386764526e-01
6.956165432929992676e-01
1.121555924415588379e+00
1.191923499107360840e+00
1.230868458747863770e+00
1.120057106018066406e+00
1.125816583633422852e+00
1.492789626121520996e+00
1.320829868316650391e+00
1.264242172241210938e+00
1.299098491668701172e+00
1.218607902526855469e+00
7.518948316574096680e-01
6.075509190559387207e-01
-3.954623639583587646e-02
1.568284779787063599e-01
-4.125951230525970459e-02
-4.007508754730224609e-01
8.364455401897430420e-02
-9.109616279602050781e-02
4.213441908359527588e-02
2.732001543045043945e-01
3.918048739433288574e-01
-3.160812854766845703e-01
2.604763507843017578e-01
4.978590011596679688e-01
4.768632054328918457e-01
5.722068548202514648e-01
6.474002003669738770e-01
8.758506774902343750e-01
4.674559235572814941e-01
3.830637335777282715e-01
7.815017700195312500e-01
6.996893882751464844e-01
8.741458654403686523e-01
6.061300635337829590e-01
7.064697742462158203e-01
8.190703988075256348e-01
3.179311752319335938e-01
1.323431253433227539e+00
9.469534158706665039e-01
5.765895247459411621e-01
1.893868893384933472e-01
4.405760765075683594e-01
5.401198267936706543e-01
9.007608890533447266e-01
1.008152723312377930e+00
5.569374561309814453e-01
5.199866294860839844e-01
6.609816551208496094e-01
9.481555223464965820e-01
6.221146881580352783e-02
-7.097317278385162354e-02
-2.747535705566406250e-01
7.008981108665466309e-01
6.298823356628417969e-01
6.064607501029968262e-01
9.140642881393432617e-01
6.578315496444702148e-01
-1.038607358932495117e-01
9.108093976974487305e-01
3.889873623847961426e-01
3.391851186752319336e-01
2.952198386192321777e-01
5.230410397052764893e-02
-3.246694207191467285e-01
-3.206943273544311523e-01
3.584417104721069336e-01
1.599981933832168579e-01
7.154030799865722656e-01
3.820145130157470703e-01
9.248288869857788086e-01
2.126066237688064575e-01
4.752445220947265625e-01
3.597181439399719238e-01
9.988647699356079102e-01
6.600587368011474609e-01
9.039894342422485352e-01
7.599297761917114258e-01
9.393513202667236328e-01
1.395557284355163574e+00
1.066653132438659668e+00
1.099485397338867188e+00
1.472972273826599121e+00
9.235650300979614258e-01
2.775284647941589355e-01
1.015877366065979004e+00
8.132223486900329590e-01
5.291114449501037598e-01
1.345188170671463013e-01
7.472225427627563477e-01
2.349845618009567261e-01
3.357459902763366699e-01
5.464794039726257324e-01
1.093514800071716309e+00
4.054538011550903320e-01
2.194809466600418091e-01
4.752806425094604492e-01
2.525275349617004395e-01
5.731001496315002441e-01
4.738058447837829590e-01
5.189061164855957031e-01
1.042295813560485840e+00
8.442187309265136719e-01
2.293072789907455444e-01
8.360363245010375977e-01
5.055559873580932617e-01
-1.840916574001312256e-01
-1.651859432458877563e-01
4.838415980339050293e-02
-4.659801721572875977e-03
4.614416360855102539e-01
1.436128467321395874e-01
1.310520172119140625e+00
1.369430184364318848e+00
1.366135954856872559e+00
9.177768230438232422e-01
7.212337851524353027e-01
9.124001264572143555e-01
2.091838866472244263e-01
2.308447510004043579e-01
2.107049077749252319e-01
6.667883992195129395e-01
3.205617666244506836e-01
8.688923120498657227e-01
5.657652616500854492e-01
3.496319651603698730e-01
3.280022740364074707e-01
1.228575825691223145e+00
9.485231637954711914e-01
1.201673865318298340e+00
7.831864953041076660e-01
5.773946642875671387e-01
6.780191659927368164e-01
6.336489319801330566e-01
3.654841780662536621e-01
3.656324744224548340e-01
1.941952854394912720e-01
8.253314495086669922e-01
6.893530488014221191e-01
5.306533575057983398e-01
6.662411689758300781e-01
6.949750185012817383e-01
6.941248178482055664e-01
6.998384594917297363e-01
8.212094306945800781e-01
6.761857271194458008e-01
5.749314427375793457e-01
4.561448097229003906e-01
2.787520885467529297e-01
6.891796588897705078e-01
4.096256196498870850e-02
-5.054026246070861816e-01
3.207870125770568848e-01
2.874613404273986816e-01
1.492899775505065918e+00
1.372600436210632324e+00
7.823399305343627930e-01
9.413557052612304688e-01
6.457806825637817383e-01
7.453148365020751953e-01
5.361864566802978516e-01
-6.712009012699127197e-02
6.259657144546508789e-01
1.076172947883605957e+00
1.182935357093811035e+00
9.128633737564086914e-01
4.036355018615722656e-01
4.592459201812744141e-01
1.339934468269348145e+00
9.358376264572143555e-01
1.111008882522583008e+00
1.036890149116516113e+00
1.015117287635803223e+00
6.967934370040893555e-01
8.890863656997680664e-01
8.253296613693237305e-01
1.207683682441711426e+00
7.469339370727539062e-01
6.405682563781738281e-01
4.387171268463134766e-01
-1.683304607868194580e-01
4.344923496246337891e-01
6.176829338073730469e-01
6.555725634098052979e-02
4.994681477546691895e-01
1.118500709533691406e+00
8.931909799575805664e-01
1.061525940895080566e+00
2.928380966186523438e-01
1.019540190696716309e+00
4.386041164398193359e-01
1.750637441873550415e-01
8.397828340530395508e-01
5.532127022743225098e-01
7.082892656326293945e-01
3.429296016693115234e-01
3.641921877861022949e-01
-4.247250556945800781e-01
-2.602191567420959473e-01
2.220736443996429443e-02
-5.614785850048065186e-02
6.657997369766235352e-01
7.288643121719360352e-01
8.911041021347045898e-01
1.010661721229553223e+00
4.317500591278076172e-01
9.728227853775024414e-01
1.886111348867416382e-01
4.911577701568603516e-01
6.124112606048583984e-01
6.816900968551635742e-01
3.492777347564697266e-01
1.978062242269515991e-01
7.558791041374206543e-01
1.009038090705871582e+00
6.459094882011413574e-01
2.579725980758666992e-01
5.699037313461303711e-01
1.872180849313735962e-01
-2.843239903450012207e-01
2.532520294189453125e-01
4.534717202186584473e-01
3.552373647689819336e-01
2.359641939401626587e-01
5.546922683715820312e-01
8.663853406906127930e-01
7.301254272460937500e-01
5.609613656997680664e-01
5.991466343402862549e-02
3.282450437545776367e-01
1.384005695581436157e-01
5.666838884353637695e-01
4.025778770446777344e-01
6.532545089721679688e-01
9.108607470989227295e-02
5.536541938781738281e-01
3.607061505317687988e-01
7.208430767059326172e-01
5.770359039306640625e-01
4.147616624832153320e-01
1.007691770792007446e-01
5.982534587383270264e-02
2.049308866262435913e-01
2.042342871427536011e-01
4.093690216541290283e-02
4.945872426033020020e-01
2.259177714586257935e-01
9.900392591953277588e-02
-6.567554175853729248e-02
-3.205642998218536377e-01
-2.199348062276840210e-01
2.547694444656372070e-01
2.723147869110107422e-01
-2.524760365486145020e-02
-5.172359943389892578e-02
-6.637774407863616943e-02
-1.223093271255493164e-02
9.213368892669677734e-01
6.636382937431335449e-01
1.252787113189697266e+00
1.024056434631347656e+00
1.133539676666259766e+00
1.412582516670227051e+00
1.132929086685180664e+00
1.671690583229064941e+00
1.702622771263122559e+00
1.593073368072509766e+00
1.285953998565673828e+00
8.081200122833251953e-01
1.166568875312805176e+00
7.698436975479125977e-01
2.565795183181762695e-01
1.044341176748275757e-01
6.089641153812408447e-02
-1.206590235233306885e-02
-3.487001359462738037e-02
2.157465666532516479e-01
2.638907432556152344e-01
3.977309465408325195e-01
6.148148775100708008e-01
3.893402218818664551e-01
-1.136302500963211060e-01
3.311552107334136963e-02
3.608256578445434570e-01
5.578024983406066895e-01
2.011215239763259888e-01
1.202738523483276367e+00
1.240257740020751953e+00
1.343264341354370117e+00
1.141720056533813477e+00
1.047802448272705078e+00
8.034611344337463379e-01
7.900196909904479980e-01
1.261130690574645996e+00
6.747956275939941406e-01
4.672060608863830566e-01
1.171655535697937012e+00
8.445712327957153320e-01
3.907377719879150391e-01
1.338662356138229370e-01
-2.235783934593200684e-01
-5.677936673164367676e-01
2.445164322853088379e-02
1.427218556404113770e+00
1.131030201911926270e+00
8.364324569702148438e-01
6.313315629959106445e-01
3.710408210754394531e-01
5.055422186851501465e-01
6.593396663665771484e-01
-3.341735005378723145e-01
5.514644980430603027e-01
5.201269984245300293e-01
6.200038194656372070e-01
3.287781476974487305e-01
4.313297867774963379e-01
6.783510446548461914e-01
6.753356456756591797e-01
8.887628316879272461e-01
1.308275818824768066e+00
1.106913328170776367e+00
4.532251358032226562e-01
-3.916238546371459961e-01
-1.887120157480239868e-01
3.923760652542114258e-01
-1.969577670097351074e-01
7.601693272590637207e-01
2.911254763603210449e-01
1.078621268272399902e+00
5.758478641510009766e-01
4.366891384124755859e-01
3.732135891914367676e-01
7.380813360214233398e-01
5.158897638320922852e-01
8.251770734786987305e-01
7.583297491073608398e-01
6.840877532958984375e-01
1.034119009971618652e+00
3.710258007049560547e-01
5.736078023910522461e-01
7.079461812973022461e-01
2.432757169008255005e-01
2.954632043838500977e-01
9.164253473281860352e-01
1.026196360588073730e+00
1.044004321098327637e+00
2.968904972076416016e-01
-3.139508962631225586e-01
-1.914041042327880859e-01
2.050385624170303345e-01
2.181300967931747437e-01
6.694970726966857910e-01
5.810314416885375977e-01
4.001523256301879883e-01
-9.908510744571685791e-02
3.784888982772827148e-01
8.849281072616577148e-01
3.956129550933837891e-01
3.363634645938873291e-02
3.031198382377624512e-01
1.068991780281066895e+00
4.240663647651672363e-01
7.078636884689331055e-01
7.729079723358154297e-01
9.374645948410034180e-01
7.082844376564025879e-01
1.072064757347106934e+00
9.895031452178955078e-01
1.089714884757995605e+00
1.141725420951843262e+00
7.662671804428100586e-01
-5.617827177047729492e-03
3.235144019126892090e-01
4.558383226394653320e-01
8.056368827819824219e-01
5.325449109077453613e-01
1.156496554613113403e-01
-1.003760695457458496e-01
-1.359147876501083374e-01
5.228181481361389160e-01
5.463572740554809570e-01
3.090347647666931152e-01
8.910616636276245117e-01
2.885216474533081055e-01
9.682049751281738281e-01
8.682016134262084961e-01
8.607705831527709961e-01
1.978749483823776245e-01
8.638288974761962891e-01
6.961182355880737305e-01
1.076512575149536133e+00
6.068458557128906250e-01
4.207535386085510254e-01
8.446611166000366211e-01
1.024585366249084473e+00
1.037061333656311035e+00
4.511131048202514648e-01
3.059933781623840332e-01
4.777391552925109863e-01
1.165697932243347168e+00
6.618301868438720703e-01
1.777792125940322876e-01
-3.250126838684082031e-01
2.312644869089126587e-01
1.070853829383850098e+00
-3.485033512115478516e-01
3.180431723594665527e-01
5.837963223457336426e-01
3.692981004714965820e-01
7.630156874656677246e-01
1.416182667016983032e-01
1.056756377220153809e+00
1.363055258989334106e-01
-2.487249821424484253e-01
4.983755350112915039e-01
1.705095320940017700e-01
1.039922475814819336e+00
8.400331735610961914e-01
1.103044629096984863e+00
1.368589520454406738e+00
9.744586944580078125e-01
1.376796603202819824e+00
1.248804688453674316e+00
1.105257749557495117e+00
6.787165403366088867e-01
1.368035435676574707e+00
1.195945143699645996e+00
1.051037669181823730e+00
8.333913087844848633e-01
4.439610838890075684e-01
6.387302875518798828e-01
7.519944906234741211e-01
1.214874148368835449e+00
8.008739352226257324e-01
2.985776662826538086e-01
1.387197226285934448e-01
-6.177600622177124023e-01
4.420893192291259766e-01
3.918354511260986328e-01
9.022767543792724609e-01
7.060422897338867188e-01
-1.644363254308700562e-01
1.664662361145019531e-02
6.711690127849578857e-02
-5.425856113433837891e-01
-4.362171292304992676e-01
1.740970760583877563e-01
5.963300466537475586e-01
8.477624654769897461e-01
3.964731693267822266e-01
6.791137456893920898e-01
-3.124048709869384766e-01
9.989843368530273438e-01
1.956927329301834106e-01
5.546675920486450195e-01
-2.609053552150726318e-01
-6.891634464263916016e-01
-2.557457387447357178e-01
2.211654931306838989e-01
-5.079661309719085693e-02
-5.984836816787719727e-02
-7.369416952133178711e-01
-4.127684235572814941e-01
-8.836421966552734375e-01
-5.764418840408325195e-01
-5.594774484634399414e-01
-2.317822724580764771e-01
3.050830960273742676e-02
-6.903996467590332031e-01
-1.146035045385360718e-01
7.557772397994995117e-01
3.453832268714904785e-01
2.162803560495376587e-01
2.844945788383483887e-01
7.159918546676635742e-02
5.897091627120971680e-01
1.024122118949890137e+00
5.029126405715942383e-01
7.599937915802001953e-01
4.393251538276672363e-01
2.638189792633056641e-01
-4.945931434631347656e-01
9.154464304447174072e-02
3.556098937988281250e-01
3.154094517230987549e-02
3.217223286628723145e-01
-1.038437932729721069e-01
2.708641290664672852e-01
4.013834893703460693e-02
-1.291159987449645996e-01
1.861337870359420776e-01
1.658121496438980103e-01
4.320037364959716797e-01
-1.278170049190521240e-01
-6.258849799633026123e-02
5.592159032821655273e-01
-3.418447077274322510e-02
-2.347600907087326050e-01
-1.061344593763351440e-01
2.002825587987899780e-01
-6.975004673004150391e-01
4.379295706748962402e-01
1.765028089284896851e-01
1.989779025316238403e-01
4.826477169990539551e-02
3.764979541301727295e-02
-9.044979512691497803e-02
-7.688438892364501953e-02
-1.450172066688537598e-01
9.847690165042877197e-02
4.016407132148742676e-01
6.744937896728515625e-01
3.845540285110473633e-01
-4.510444402694702148e-02
-6.685042381286621094e-02
-2.199055254459381104e-02
1.407583057880401611e-02
8.513991534709930420e-02
2.483151406049728394e-01
-7.411890625953674316e-01
2.653626799583435059e-01
3.881607055664062500e-01
1.977469474077224731e-01
-1.974260956048965454e-01
9.635435044765472412e-02
3.242603540420532227e-01
3.515076637268066406e-01
4.775363206863403320e-01
6.631315946578979492e-01
4.797862768173217773e-01
7.059762477874755859e-01
4.041454792022705078e-01
2.544919252395629883e-01
4.790782332420349121e-01
1.218857645988464355e+00
1.209300875663757324e+00
8.869611024856567383e-01
9.003095626831054688e-01
9.685660600662231445e-01
1.531369537115097046e-01
2.610090374946594238e-01
8.246939182281494141e-01
9.270061254501342773e-01
9.304808378219604492e-01
2.653472423553466797e-01
-1.187615990638732910e-01
5.139751732349395752e-02
7.041224241256713867e-01
2.778285741806030273e-01
7.261044979095458984e-01
1.055301666259765625e+00
9.219075441360473633e-01
8.855566382408142090e-03
1.032978743314743042e-01
1.725714355707168579e-01
3.731494545936584473e-01
2.502469718456268311e-02
1.794020086526870728e-01
4.683620929718017578e-01
-2.061380594968795776e-01
-6.490341424942016602e-01
-2.799675464630126953e-01
-2.488580197095870972e-01
4.171218872070312500e-01
4.027416706085205078e-01
2.637894749641418457e-01
4.776736497879028320e-01
4.923776984214782715e-01
3.673467636108398438e-01
1.230621784925460815e-01
-2.201539129018783569e-01
-2.134792506694793701e-02
2.535399794578552246e-01
3.466340303421020508e-01
7.050938010215759277e-01
-2.516881823539733887e-01
-2.553516030311584473e-01
1.641368418931961060e-01
8.907655477523803711e-01
1.054928421974182129e+00
-3.156902790069580078e-01
-2.901723980903625488e-01
-3.607712984085083008e-01
7.058168947696685791e-02
3.699307143688201904e-02
-3.226101398468017578e-01
1.248061507940292358e-01
-1.919533610343933105e-01
4.096165299415588379e-01
9.003456830978393555e-01
1.120961904525756836e+00
5.476334691047668457e-01
7.908419966697692871e-01
1.189499497413635254e+00
8.395408391952514648e-01
7.653779983520507812e-01
8.699978590011596680e-01
9.691458940505981445e-01
9.575833082199096680e-01
9.046796560287475586e-01
1.262020349502563477e+00
6.548365354537963867e-01
3.085856437683105469e-01
3.796920776367187500e-01
3.848011493682861328e-01
4.222140908241271973e-01
3.539176583290100098e-01
3.873651027679443359e-01
3.651331067085266113e-01
4.637392759323120117e-01
2.245410829782485962e-01
3.038873076438903809e-01
3.526165485382080078e-01
1.317724734544754028e-01
7.317844033241271973e-02
2.602359652519226074e-02
-5.344709753990173340e-01
-7.881435751914978027e-02
-4.327113628387451172e-01
-1.233130544424057007e-01
-2.036186307668685913e-01
-1.080876588821411133e-01
-5.920794606208801270e-02
2.634685039520263672e-01
3.801592588424682617e-01
3.151205778121948242e-01
3.449358940124511719e-01
-2.890625000000000000e-01
2.901523113250732422e-01
3.644044399261474609e-01
1.187799125909805298e-01
2.418230324983596802e-01
1.398596614599227905e-01
6.241564154624938965e-01
9.123522043228149414e-01
9.856642484664916992e-01
4.693498015403747559e-01
6.776316761970520020e-01
3.157814741134643555e-01
5.545265674591064453e-01
9.614931344985961914e-01
1.025291323661804199e+00
1.228519320487976074e+00
7.468803524971008301e-01
1.226613074541091919e-01
6.261013746261596680e-01
1.065487027168273926e+00
4.210741817951202393e-02
7.860319018363952637e-01
4.443681240081787109e-01
4.406328499317169189e-02
4.950088262557983398e-01
7.210275530815124512e-02
2.779628634452819824e-01
5.143351852893829346e-02
3.427296876907348633e-01
-1.570289582014083862e-01
5.335245728492736816e-01
6.587134003639221191e-01
9.714316129684448242e-01
4.521273970603942871e-01
4.519039392471313477e-01
8.194648027420043945e-01
1.319267600774765015e-01
2.176329642534255981e-01
5.643110871315002441e-01
-1.798429638147354126e-01
2.208426594734191895e-03
7.066260278224945068e-02
4.450792670249938965e-01
1.501487642526626587e-01
4.482785463333129883e-01
4.951770901679992676e-01
7.159056663513183594e-01
7.166038751602172852e-01
7.758928537368774414e-01
1.117744922637939453e+00
7.048289179801940918e-01
5.410364270210266113e-01
2.230730205774307251e-01
3.428420424461364746e-01
-6.995023488998413086e-01
2.272456884384155273e-02
-8.643858134746551514e-02
5.701294541358947754e-01
1.210140734910964966e-01
5.746806859970092773e-01
1.280906558036804199e+00
6.497006416320800781e-01
4.415016174316406250e-01
-4.965439438819885254e-02
-4.607760310173034668e-01
-6.558624505996704102e-01
1.368581503629684448e-01
3.760895729064941406e-01
4.500820636749267578e-01
-4.175016283988952637e-02
-2.859814465045928955e-02
3.632816076278686523e-01
-2.946700155735015869e-02
-6.270073354244232178e-02
1.780784279108047485e-01
4.322815537452697754e-01
-1.024900078773498535e-01
1.248461157083511353e-01
-3.330483436584472656e-01
2.208743989467620850e-02
-2.814607024192810059e-01
-3.135210275650024414e-01
-8.382821083068847656e-02
-7.321342825889587402e-03
-5.625928640365600586e-01
-3.511120676994323730e-01
-1.888559013605117798e-01
-1.221971660852432251e-01
-4.916396737098693848e-01
-3.884874284267425537e-02
1.324744969606399536e-01
4.638697504997253418e-01
4.610580205917358398e-01
4.180827140808105469e-01
-2.629219889640808105e-01
-3.841902017593383789e-01
-2.466213256120681763e-01
-2.115558087825775146e-02
5.278199911117553711e-03
-1.471208930015563965e-01
-1.674946993589401245e-01
-2.139959037303924561e-01
4.686459898948669434e-03
6.567225456237792969e-01
7.360328435897827148e-01
1.450315117835998535e-03
-5.347679257392883301e-01
-4.233542084693908691e-01
-4.547918438911437988e-01
-2.801941633224487305e-01
-4.734976887702941895e-01
-4.222872853279113770e-01
-2.680737972259521484e-01
3.153796792030334473e-01
1.924276798963546753e-01
5.930688977241516113e-02
6.129354834556579590e-01
6.137205362319946289e-01
6.181596517562866211e-01
2.644792199134826660e-01
2.820263504981994629e-01
5.783032774925231934e-01
1.042006134986877441e+00
1.020197272300720215e+00
4.848088622093200684e-01
3.214223980903625488e-01
8.797285556793212891e-01
1.067987799644470215e+00
1.113055109977722168e+00
1.102416515350341797e+00
1.045220255851745605e+00
9.161995649337768555e-01
1.696038842201232910e+00
8.175489306449890137e-01
9.605535268783569336e-01
4.866421818733215332e-01
5.230386257171630859e-01
6.788918972015380859e-01
1.392007023096084595e-01
-1.922100782394409180e-01
7.578119635581970215e-03
5.687413215637207031e-01
-1.173215359449386597e-01
1.060180783271789551e+00
9.478915929794311523e-01
8.324069976806640625e-01
7.880649566650390625e-01
-7.399214804172515869e-02
7.657377719879150391e-01
1.111229658126831055e+00
9.828743934631347656e-01
4.656999111175537109e-01
9.238129854202270508e-01
-1.978588849306106567e-01
4.303298890590667725e-02
-1.448682695627212524e-01
4.481217265129089355e-01
8.488969802856445312e-01
1.169458866119384766e+00
1.195640563964843750e+00
1.023760676383972168e+00
7.483548521995544434e-01
9.159626960754394531e-01
9.188159704208374023e-01
5.781485438346862793e-01
6.035886406898498535e-01
2.442550212144851685e-01
3.282793164253234863e-01
-1.524851471185684204e-01
7.477067112922668457e-01
4.609878659248352051e-01
1.663401275873184204e-01
4.695096015930175781e-01
2.911805510520935059e-01
4.744263887405395508e-01
7.724340260028839111e-02
-2.017372548580169678e-01
4.963232278823852539e-01
2.174435108900070190e-01
3.905976414680480957e-01
-2.238875478506088257e-01
3.335399031639099121e-01
6.480174064636230469e-01
4.989879131317138672e-01
-4.095478355884552002e-02
1.012910842895507812e+00
1.077039599418640137e+00
7.119656801223754883e-01
1.382856488227844238e+00
8.911584615707397461e-01
1.011393189430236816e+00
9.563080072402954102e-01
7.683970928192138672e-01
5.605539083480834961e-01
3.117864131927490234e-01
6.653444766998291016e-01
7.800226211547851562e-01
-5.910676121711730957e-01
-6.865262985229492188e-04
-2.813728153705596924e-02
-2.577425539493560791e-02
1.043547540903091431e-01
4.139497280120849609e-01
3.884512186050415039e-01
5.090373754501342773e-01
-2.250626981258392334e-01
4.851686358451843262e-01
8.113901317119598389e-02
8.358372449874877930e-01
8.103049993515014648e-01
5.980656147003173828e-01
2.986541986465454102e-01
9.330142736434936523e-01
-1.929082870483398438e-01
-2.777263522148132324e-03
-2.688012123107910156e-01
-1.420385092496871948e-01
-6.289726495742797852e-01
-1.499653309583663940e-01
-3.854370117187500000e-01
1.302993297576904297e-02
-2.613152861595153809e-01
3.634212911128997803e-02
7.272669672966003418e-01
2.681980729103088379e-01
6.768060922622680664e-01
-1.645255088806152344e-02
7.023023068904876709e-02
-5.991375446319580078e-02
-1.813743114471435547e-01
2.388417869806289673e-01
6.708116531372070312e-01
8.581515550613403320e-01
5.007553696632385254e-01
9.123069047927856445e-01
2.558850049972534180e-01
5.308847427368164062e-01
1.015133976936340332e+00
1.239265441894531250e+00
1.542832493782043457e+00
8.987718820571899414e-01
9.204391241073608398e-01
1.008960604667663574e+00
1.074365735054016113e+00
1.019971489906311035e+00
8.269208669662475586e-01
2.407397776842117310e-01
-1.394710838794708252e-01
5.095981359481811523e-01
8.928719758987426758e-01
3.961957097053527832e-01
3.531398773193359375e-01
2.529913187026977539e-01
-3.799559473991394043e-01
-4.758823513984680176e-01
-1.627138108015060425e-01
-5.092523694038391113e-01
6.393380463123321533e-02
-3.441046476364135742e-01
-2.595943212509155273e-01
3.117661178112030029e-02
-1.554435640573501587e-01
-6.176403164863586426e-02
-8.589086681604385376e-02
-1.123648583889007568e-01
-1.926673203706741333e-01
-2.040590494871139526e-01
-1.555261760950088501e-01
-1.136779859662055969e-01
-2.721781134605407715e-01
5.501998662948608398e-01
2.685075998306274414e-01
3.531200885772705078e-01
1.755767315626144409e-01
3.787183761596679688e-01
2.015136033296585083e-01
8.894647657871246338e-02
1.173250824213027954e-01
3.369119763374328613e-02
3.094572424888610840e-01
2.776902914047241211e-01
2.011505216360092163e-01
-7.963816821575164795e-02
-3.427973389625549316e-02
-2.087291330099105835e-01
7.573182880878448486e-02
2.924451828002929688e-01
8.100111484527587891e-01
-4.365930557250976562e-01
4.734032154083251953e-01
3.126594424247741699e-01
2.517934143543243408e-02
6.941923499107360840e-02
-2.278767824172973633e-01
-4.312378764152526855e-01
-1.087628155946731567e-01
-7.929401099681854248e-02
-4.270959496498107910e-01
1.198433786630630493e-01
-7.623670995235443115e-02
-2.290826439857482910e-01
-3.558506667613983154e-01
-4.641180038452148438e-01
-2.996022999286651611e-01
-2.732758522033691406e-01
3.489654064178466797e-01
2.932864427566528320e-01
6.641112565994262695e-01
8.655916452407836914e-01
7.119824886322021484e-01
1.041642665863037109e+00
6.730624437332153320e-01
1.359976172447204590e+00
1.224278330802917480e+00
9.237698316574096680e-01
9.072855710983276367e-01
6.977875232696533203e-01
8.504327535629272461e-01
-9.743175655603408813e-02
2.138646990060806274e-01
6.804361939430236816e-03
5.472865104675292969e-01
6.472061872482299805e-01
1.488272428512573242e+00
4.585479497909545898e-01
4.992052912712097168e-01
8.151798248291015625e-01
7.858719825744628906e-01
1.029807925224304199e+00
8.752605915069580078e-01
9.491721391677856445e-01
8.807729482650756836e-01
7.096147537231445312e-01
1.062090516090393066e+00
-7.508419454097747803e-02
1.327465623617172241e-01
5.426263213157653809e-01
7.999769449234008789e-01
7.993894219398498535e-01
2.766697108745574951e-02
6.643664836883544922e-01
6.858658790588378906e-01
7.230657339096069336e-01
3.479729294776916504e-01
6.479779481887817383e-01
7.319588661193847656e-01
4.810186624526977539e-01
4.713225364685058594e-01
4.077452421188354492e-01
2.374510318040847778e-01
5.472776889801025391e-01
2.037916332483291626e-01
6.178858876228332520e-02
6.853451728820800781e-01
2.363413125276565552e-01
1.528853327035903931e-01
5.669144392013549805e-01
7.270061373710632324e-01
3.345499038696289062e-01
4.024770259857177734e-01
2.147967368364334106e-01
-2.043643295764923096e-01
3.688591718673706055e-01
-4.189029932022094727e-01
-1.854798048734664917e-01
-7.279373705387115479e-02
-9.430493414402008057e-02
-6.267395615577697754e-02
-1.146687567234039307e-01
-1.900186687707901001e-01
-4.021489620208740234e-02
-2.088244557380676270e-01
-1.251663267612457275e-01
-2.256485819816589355e-02
-3.827752172946929932e-02
2.840812802314758301e-01
2.062930613756179810e-01
8.282600343227386475e-02
4.101436734199523926e-01
9.720249474048614502e-02
4.461121559143066406e-01
2.631070017814636230e-01
4.932819604873657227e-01
-8.192422986030578613e-02
4.505032300949096680e-01
