1.019809365272521973e+00
1.172130227088928223e+00
1.228464841842651367e+00
8.880602717399597168e-01
9.496266245841979980e-01
9.772753715515136719e-01
9.572315216064453125e-01
1.031476736068725586e+00
9.956815838813781738e-01
9.932425618171691895e-01
1.035639047622680664e+00
1.062414765357971191e+00
1.062821626663208008e+00
1.056432485580444336e+00
1.066352963447570801e+00
1.074093461036682129e+00
1.072033643722534180e+00
1.066332459449768066e+00
1.059911251068115234e+00
1.050796747207641602e+00
1.037496566772460938e+00
1.022205591201782227e+00
1.008332967758178711e+00
9.992203712463378906e-01
9.950504899024963379e-01
9.945024847984313965e-01
9.973090887069702148e-01
1.000146627426147461e+00
1.004205226898193359e+00
1.008655428886413574e+00
1.012909054756164551e+00
1.016550779342651367e+00
1.019480347633361816e+00
1.021678328514099121e+00
1.024893999099731445e+00
1.026066422462463379e+00
1.102813839912414551e+00
1.072950601577758789e+00
9.025305509567260742e-01
1.051187038421630859e+00
1.058476567268371582e+00
1.004078507423400879e+00
8.502465486526489258e-01
8.908072710037231445e-01
8.888355493545532227e-01
9.251374006271362305e-01
9.314339160919189453e-01
9.515125751495361328e-01
9.596336483955383301e-01
9.587534666061401367e-01
9.730777740478515625e-01
8.690488338470458984e-01
8.593863248825073242e-01
8.771634697914123535e-01
8.878746628761291504e-01
9.357008934020996094e-01
9.045216441154479980e-01
9.353505373001098633e-01
9.160305857658386230e-01
8.946214914321899414e-01
8.792014122009277344e-01
8.666720390319824219e-01
8.745315074920654297e-01
8.697253465652465820e-01
7.227177619934082031e-01
6.317856907844543457e-01
5.968021750450134277e-01
5.674398541450500488e-01
5.683867335319519043e-01
6.261216998100280762e-01
5.830692648887634277e-01
5.875011682510375977e-01
6.230115294456481934e-01
5.332192182540893555e-01
5.163077116012573242e-01
4.995768666267395020e-01
4.424075484275817871e-01
4.756501913070678711e-01
5.404477119445800781e-01
5.294625759124755859e-01
5.304176807403564453e-01
5.337442755699157715e-01
4.853765368461608887e-01
4.474446773529052734e-01
4.494901299476623535e-01
4.541496038436889648e-01
4.590807557106018066e-01
4.647414088249206543e-01
4.662939906120300293e-01
5.040892958641052246e-01
5.057936310768127441e-01
5.029600858688354492e-01
5.106472373008728027e-01
5.194525122642517090e-01
5.310459733009338379e-01
5.591243505477905273e-01
6.057075262069702148e-01
8.183892965316772461e-01
8.693251013755798340e-01
8.829786777496337891e-01
8.900189995765686035e-01
8.312427997589111328e-01
8.400503396987915039e-01
8.766413927078247070e-01
8.490414619445800781e-01
8.793911337852478027e-01
8.854686021804809570e-01
9.054117202758789062e-01
9.230973124504089355e-01
9.248583316802978516e-01
9.298515319824218750e-01
9.352511167526245117e-01
9.333877563476562500e-01
9.079796075820922852e-01
9.373797774314880371e-01
9.385614395141601562e-01
9.302310347557067871e-01
8.911621570587158203e-01
8.021328449249267578e-01
7.107810974121093750e-01
6.635578870773315430e-01
6.610156297683715820e-01
7.025172710418701172e-01
8.689204454421997070e-01
9.230317473411560059e-01
9.383378028869628906e-01
9.279003739356994629e-01
9.102668762207031250e-01
9.110075831413269043e-01
9.199326038360595703e-01
9.410259723663330078e-01
9.367114305496215820e-01
9.258184432983398438e-01
9.086686372756958008e-01
9.073615670204162598e-01
9.049891233444213867e-01
8.982579708099365234e-01
8.916862010955810547e-01
8.821454644203186035e-01
8.699578046798706055e-01
8.854494094848632812e-01
8.844218850135803223e-01
8.799197077751159668e-01
8.742289543151855469e-01
8.663491606712341309e-01
8.590629100799560547e-01
8.521649241447448730e-01
8.460829257965087891e-01
8.407026529312133789e-01
8.363896012306213379e-01
8.365142345428466797e-01
8.590272665023803711e-01
8.637728691101074219e-01
8.578926324844360352e-01
8.528049588203430176e-01
8.689340949058532715e-01
8.657029867172241211e-01
8.613212108612060547e-01
8.626421689987182617e-01
8.659266233444213867e-01
8.476674556732177734e-01
8.697685003280639648e-01
8.588515520095825195e-01
8.146841526031494141e-01
7.806048393249511719e-01
8.090910911560058594e-01
7.860003709793090820e-01
7.645678520202636719e-01
7.900733947753906250e-01
7.704756259918212891e-01
7.595854401588439941e-01
7.680155038833618164e-01
8.475168943405151367e-01
8.559758663177490234e-01
8.081024289131164551e-01
8.463538289070129395e-01
8.582059144973754883e-01
8.031190037727355957e-01
8.451703190803527832e-01
8.531569242477416992e-01
8.592921495437622070e-01
8.444641828536987305e-01
8.583531379699707031e-01
8.541678190231323242e-01
8.522812128067016602e-01
8.145098090171813965e-01
8.335260152816772461e-01
7.951945066452026367e-01
7.979615926742553711e-01
7.202994227409362793e-01
7.117527723312377930e-01
7.180585861206054688e-01
7.468472719192504883e-01
6.306281685829162598e-01
5.540521740913391113e-01
5.242602825164794922e-01
4.967114329338073730e-01
4.706254005432128906e-01
4.631527066230773926e-01
4.953169226646423340e-01
6.112070679664611816e-01
6.674548387527465820e-01
6.999178528785705566e-01
6.856479644775390625e-01
6.691551208496093750e-01
6.682693958282470703e-01
6.663631796836853027e-01
6.497690677642822266e-01
6.349743008613586426e-01
6.132277250289916992e-01
6.374757289886474609e-01
6.873998045921325684e-01
7.417562007904052734e-01
8.120912909507751465e-01
9.573384523391723633e-01
1.100226163864135742e+00
1.164675116539001465e+00
1.250059723854064941e+00
1.309546232223510742e+00
1.360288023948669434e+00
1.383699178695678711e+00
1.255168914794921875e+00
1.154549360275268555e+00
1.112132549285888672e+00
1.025304436683654785e+00
1.048400163650512695e+00
1.049720644950866699e+00
1.074796915054321289e+00
1.071293473243713379e+00
1.088443160057067871e+00
1.089427351951599121e+00
1.084708929061889648e+00
1.072659611701965332e+00
1.077921748161315918e+00
1.061305284500122070e+00
1.052209138870239258e+00
1.040664315223693848e+00
1.025968313217163086e+00
1.011047959327697754e+00
1.025436401367187500e+00
1.014602661132812500e+00
9.833440780639648438e-01
9.771994352340698242e-01
9.782093167304992676e-01
9.851762056350708008e-01
9.859956502914428711e-01
1.323946952819824219e+00
1.250521779060363770e+00
1.204255104064941406e+00
1.174009323120117188e+00
1.140441775321960449e+00
1.099022984504699707e+00
9.771246910095214844e-01
1.087142586708068848e+00
1.214989066123962402e+00
1.220716714859008789e+00
1.244532465934753418e+00
1.230186223983764648e+00
1.223295688629150391e+00
1.264022827148437500e+00
1.204532265663146973e+00
1.213120222091674805e+00
1.210590600967407227e+00
1.153858065605163574e+00
1.118606805801391602e+00
9.770842790603637695e-01
8.742493391036987305e-01
9.825091361999511719e-01
8.495043516159057617e-01
9.177332520484924316e-01
1.029858112335205078e+00
1.054658174514770508e+00
1.087445855140686035e+00
1.009905338287353516e+00
9.612029790878295898e-01
8.933614492416381836e-01
8.325108289718627930e-01
7.892794013023376465e-01
7.528858184814453125e-01
7.249780893325805664e-01
7.076834440231323242e-01
6.931957006454467773e-01
6.889603137969970703e-01
5.885348916053771973e-01
5.003244876861572266e-01
4.795818924903869629e-01
4.825984239578247070e-01
4.834923744201660156e-01
4.847811460494995117e-01
4.875891804695129395e-01
4.996191263198852539e-01
5.157340764999389648e-01
5.487385392189025879e-01
5.965867638587951660e-01
6.136398315429687500e-01
6.068194508552551270e-01
4.774875640869140625e-01
5.882131457328796387e-01
6.214703321456909180e-01
5.320673584938049316e-01
5.881050229072570801e-01
6.133363246917724609e-01
6.204505562782287598e-01
6.270213723182678223e-01
6.290900111198425293e-01
6.295852661132812500e-01
6.264824867248535156e-01
6.095535755157470703e-01
5.506163835525512695e-01
5.697351098060607910e-01
5.689501166343688965e-01
5.658146739006042480e-01
5.502729415893554688e-01
5.643839240074157715e-01
5.675170421600341797e-01
5.681754350662231445e-01
5.681875944137573242e-01
5.669496059417724609e-01
5.540262460708618164e-01
5.664728283882141113e-01
5.649082660675048828e-01
5.643811821937561035e-01
5.647485256195068359e-01
5.655351877212524414e-01
5.667216777801513672e-01
5.671539902687072754e-01
5.461581349372863770e-01
5.492762327194213867e-01
5.309278368949890137e-01
5.418540835380554199e-01
5.376846194267272949e-01
5.417670607566833496e-01
5.392525196075439453e-01
5.432800650596618652e-01
5.488559603691101074e-01
5.518063306808471680e-01
5.536183118820190430e-01
5.529987215995788574e-01
5.541483163833618164e-01
5.576651692390441895e-01
5.652899146080017090e-01
5.843903422355651855e-01
5.210986733436584473e-01
4.693818092346191406e-01
4.372289776802062988e-01
4.520902633666992188e-01
4.159318804740905762e-01
4.652981162071228027e-01
5.256455540657043457e-01
4.674865603446960449e-01
4.097200036048889160e-01
5.563368797302246094e-01
4.411194920539855957e-01
4.453297257423400879e-01
4.737678170204162598e-01
4.519932270050048828e-01
4.477378726005554199e-01
4.274360537528991699e-01
3.994416296482086182e-01
4.416868686676025391e-01
5.282630920410156250e-01
5.355947017669677734e-01
5.873795151710510254e-01
5.924820303916931152e-01
5.959388613700866699e-01
5.976442098617553711e-01
5.967324972152709961e-01
5.863263607025146484e-01
5.653752088546752930e-01
5.695768594741821289e-01
6.010484099388122559e-01
5.983701944351196289e-01
5.931357741355895996e-01
5.895555019378662109e-01
5.893730521202087402e-01
6.076335310935974121e-01
6.093527674674987793e-01
6.145102977752685547e-01
6.263869404792785645e-01
6.401873230934143066e-01
6.629174947738647461e-01
6.520348191261291504e-01
6.521335840225219727e-01
6.610169410705566406e-01
6.593996286392211914e-01
6.514471769332885742e-01
6.523996591567993164e-01
6.554098725318908691e-01
6.495331525802612305e-01
6.447756886482238770e-01
6.459556221961975098e-01
6.391369700431823730e-01
6.352018117904663086e-01
6.374123096466064453e-01
6.352179050445556641e-01
6.295565366744995117e-01
6.235654950141906738e-01
6.173499822616577148e-01
6.132594943046569824e-01
6.084101200103759766e-01
6.029139161109924316e-01
5.994979739189147949e-01
5.986238121986389160e-01
5.975677371025085449e-01
5.968740582466125488e-01
6.100057363510131836e-01
6.030989289283752441e-01
5.865066051483154297e-01
5.856902003288269043e-01
5.839139819145202637e-01
5.824564695358276367e-01
5.757139921188354492e-01
5.711132287979125977e-01
5.668652057647705078e-01
5.629999637603759766e-01
5.593827366828918457e-01
5.558925867080688477e-01
5.524966716766357422e-01
5.491971373558044434e-01
5.459029078483581543e-01
5.429788231849670410e-01
5.400137305259704590e-01
5.373185276985168457e-01
5.350331664085388184e-01
5.343555212020874023e-01
5.309598445892333984e-01
5.463669300079345703e-01
5.280920267105102539e-01
4.693707823753356934e-01
4.203612208366394043e-01
4.142032861709594727e-01
4.094462394714355469e-01
4.269306063652038574e-01
4.742410182952880859e-01
4.985514283180236816e-01
4.975049495697021484e-01
4.480791687965393066e-01
4.168465733528137207e-01
4.762855768203735352e-01
4.970241785049438477e-01
4.291232228279113770e-01
4.754443764686584473e-01
5.612559914588928223e-01
5.925410389900207520e-01
6.182662844657897949e-01
6.357962489128112793e-01
5.394932031631469727e-01
5.060765147209167480e-01
5.005712509155273438e-01
4.465945959091186523e-01
4.586129188537597656e-01
4.609001278877258301e-01
4.384452700614929199e-01
4.300588369369506836e-01
5.273312330245971680e-01
5.856875181198120117e-01
6.099927425384521484e-01
6.242405176162719727e-01
6.297053098678588867e-01
6.030091047286987305e-01
6.406922936439514160e-01
5.870440006256103516e-01
5.514532923698425293e-01
5.431548357009887695e-01
5.409198999404907227e-01
5.319549441337585449e-01
6.219434142112731934e-01
5.745862722396850586e-01
5.136277079582214355e-01
5.189676880836486816e-01
4.781838655471801758e-01
4.393568038940429688e-01
4.495838284492492676e-01
4.373871088027954102e-01
4.181345701217651367e-01
4.936673045158386230e-01
5.886623859405517578e-01
6.110690832138061523e-01
5.609760880470275879e-01
5.512631535530090332e-01
5.444629192352294922e-01
5.406937003135681152e-01
6.069626808166503906e-01
5.859361290931701660e-01
5.869601964950561523e-01
6.016894578933715820e-01
6.023592352867126465e-01
5.895676612854003906e-01
5.824718475341796875e-01
5.774838328361511230e-01
5.738241672515869141e-01
5.729024410247802734e-01
5.729042291641235352e-01
5.915347933769226074e-01
5.916563272476196289e-01
5.752264857292175293e-01
5.993818044662475586e-01
6.206762194633483887e-01
5.897721648216247559e-01
5.434879660606384277e-01
4.991858601570129395e-01
5.499486327171325684e-01
5.827528834342956543e-01
5.677098035812377930e-01
5.483481884002685547e-01
5.503699779510498047e-01
5.658077597618103027e-01
5.656685829162597656e-01
5.566604137420654297e-01
5.260268449783325195e-01
5.385178327560424805e-01
5.547803044319152832e-01
5.532727837562561035e-01
5.244101285934448242e-01
4.798910617828369141e-01
5.120250582695007324e-01
5.246560573577880859e-01
5.202148556709289551e-01
5.333021283149719238e-01
5.317124724388122559e-01
4.597389698028564453e-01
4.664915204048156738e-01
4.828373193740844727e-01
4.941183924674987793e-01
5.040333867073059082e-01
5.241699218750000000e-01
5.307670235633850098e-01
5.273640155792236328e-01
5.167884826660156250e-01
5.046662092208862305e-01
4.987899065017700195e-01
4.820116162300109863e-01
5.142603516578674316e-01
5.067352056503295898e-01
4.813922643661499023e-01
4.768296480178833008e-01
4.893393516540527344e-01
4.993328452110290527e-01
6.105209589004516602e-01
6.181733012199401855e-01
6.268460154533386230e-01
6.514050960540771484e-01
5.939996242523193359e-01
5.902546048164367676e-01
6.090259552001953125e-01
6.353287100791931152e-01
6.657194495201110840e-01
6.952922344207763672e-01
7.107956409454345703e-01
6.553210020065307617e-01
5.620434880256652832e-01
5.440748929977416992e-01
5.856849551200866699e-01
7.132073640823364258e-01
7.872065901756286621e-01
7.948298454284667969e-01
7.500824928283691406e-01
7.153379321098327637e-01
7.440605163574218750e-01
7.336409091949462891e-01
7.062749862670898438e-01
8.273599743843078613e-01
8.663178682327270508e-01
6.931815147399902344e-01
8.062347173690795898e-01
7.736045122146606445e-01
7.193698287010192871e-01
8.117422461509704590e-01
8.777383565902709961e-01
8.946299552917480469e-01
6.581575870513916016e-01
5.654378533363342285e-01
6.916623711585998535e-01
7.309451103210449219e-01
6.669214367866516113e-01
6.803463697433471680e-01
6.782675385475158691e-01
5.910308957099914551e-01
6.314682960510253906e-01
6.714574098587036133e-01
6.955941319465637207e-01
6.830589771270751953e-01
7.944455742835998535e-01
7.446663379669189453e-01
7.322006225585937500e-01
7.607328891754150391e-01
7.823852300643920898e-01
7.541033625602722168e-01
7.793168425559997559e-01
4.911705255508422852e-01
4.581678509712219238e-01
5.810914039611816406e-01
7.146929502487182617e-01
6.510965824127197266e-01
6.997238993644714355e-01
7.488344907760620117e-01
7.632038593292236328e-01
7.808350324630737305e-01
7.985383868217468262e-01
8.159554600715637207e-01
8.254238963127136230e-01
7.919525504112243652e-01
7.912264466285705566e-01
8.008432388305664062e-01
7.992603778839111328e-01
8.066666126251220703e-01
8.051803708076477051e-01
8.000670671463012695e-01
7.949237823486328125e-01
7.869584560394287109e-01
7.780087590217590332e-01
7.628594040870666504e-01
7.556192278861999512e-01
7.470477819442749023e-01
7.391232252120971680e-01
7.341369986534118652e-01
7.189266681671142578e-01
7.108535766601562500e-01
7.051740288734436035e-01
6.999304294586181641e-01
6.951290369033813477e-01
7.055925130844116211e-01
6.881871223449707031e-01
6.827080845832824707e-01
6.908560991287231445e-01
6.994168162345886230e-01
6.793901920318603516e-01
6.768864393234252930e-01
6.797048449516296387e-01
6.796712279319763184e-01
6.796323060989379883e-01
6.780968904495239258e-01
6.750289201736450195e-01
6.612861156463623047e-01
6.477105617523193359e-01
6.463122963905334473e-01
6.467612981796264648e-01
6.513805985450744629e-01
6.463099122047424316e-01
6.469635963439941406e-01
6.443683505058288574e-01
6.428342461585998535e-01
6.414411067962646484e-01
6.396281123161315918e-01
6.371012926101684570e-01
6.389892697334289551e-01
6.286129355430603027e-01
6.229967474937438965e-01
6.181443929672241211e-01
6.073446869850158691e-01
5.978447198867797852e-01
6.004569530487060547e-01
6.164864897727966309e-01
5.155022144317626953e-01
5.068544149398803711e-01
5.183706879615783691e-01
4.898266792297363281e-01
4.872951507568359375e-01
4.891912937164306641e-01
4.916850924491882324e-01
5.073785185813903809e-01
5.339172482490539551e-01
5.600789189338684082e-01
5.768944025039672852e-01
5.829326510429382324e-01
5.841336846351623535e-01
5.795786380767822266e-01
5.459412932395935059e-01
5.431607365608215332e-01
4.857965707778930664e-01
5.911092758178710938e-01
6.409825086593627930e-01
6.621832251548767090e-01
6.756562590599060059e-01
6.887682676315307617e-01
7.040197849273681641e-01
7.113316059112548828e-01
7.191388607025146484e-01
7.370997667312622070e-01
7.574190497398376465e-01
7.678844332695007324e-01
7.404085397720336914e-01
5.212180018424987793e-01
5.347559452056884766e-01
5.500149130821228027e-01
5.598626136779785156e-01
4.825597405433654785e-01
5.354539155960083008e-01
6.835203766822814941e-01
8.001613616943359375e-01
8.325928449630737305e-01
6.690563559532165527e-01
7.779701948165893555e-01
7.142946124076843262e-01
7.846363782882690430e-01
8.621706962585449219e-01
8.940753936767578125e-01
8.516401052474975586e-01
8.262678980827331543e-01
8.763912320137023926e-01
7.871115207672119141e-01
7.488642930984497070e-01
7.718064188957214355e-01
7.555963993072509766e-01
7.320855855941772461e-01
7.361574172973632812e-01
7.725037336349487305e-01
7.441997528076171875e-01
7.415909767150878906e-01
8.337191343307495117e-01
8.500437736511230469e-01
8.739793300628662109e-01
8.757904767990112305e-01
8.406305313110351562e-01
8.856652975082397461e-01
8.395493030548095703e-01
7.920030355453491211e-01
8.777650594711303711e-01
9.630339741706848145e-01
9.650979042053222656e-01
1.020472645759582520e+00
1.008379220962524414e+00
9.978781342506408691e-01
1.009343862533569336e+00
1.022840380668640137e+00
1.047494530677795410e+00
1.094299077987670898e+00
1.052068829536437988e+00
1.003306746482849121e+00
9.636521339416503906e-01
9.563952684402465820e-01
9.742553234100341797e-01
1.028861761093139648e+00
1.079789161682128906e+00
1.080145835876464844e+00
1.034454703330993652e+00
1.054302692413330078e+00
1.000077247619628906e+00
1.037722826004028320e+00
1.039716720581054688e+00
1.045096278190612793e+00
1.041301369667053223e+00
1.034103870391845703e+00
1.083053588867187500e+00
1.084034681320190430e+00
1.050238132476806641e+00
1.080671906471252441e+00
8.308464288711547852e-01
7.722226381301879883e-01
8.054380416870117188e-01
7.690312266349792480e-01
7.513664364814758301e-01
7.661294937133789062e-01
7.770446538925170898e-01
8.119765520095825195e-01
7.902505397796630859e-01
7.676758766174316406e-01
7.660200595855712891e-01
7.734500169754028320e-01
7.919540405273437500e-01
8.134030103683471680e-01
7.552645802497863770e-01
8.141109943389892578e-01
7.913784980773925781e-01
7.834002971649169922e-01
7.574123740196228027e-01
7.400592565536499023e-01
7.268058061599731445e-01
7.286152839660644531e-01
6.987119317054748535e-01
7.416639328002929688e-01
7.165523767471313477e-01
7.210564613342285156e-01
7.178313732147216797e-01
7.336972951889038086e-01
7.399585247039794922e-01
7.400307655334472656e-01
7.408509254455566406e-01
7.400801777839660645e-01
7.305327057838439941e-01
7.115930318832397461e-01
7.001652717590332031e-01
6.929454803466796875e-01
6.879055500030517578e-01
6.832343339920043945e-01
6.822611093521118164e-01
6.683609485626220703e-01
6.625013351440429688e-01
6.645513772964477539e-01
7.243330478668212891e-01
7.233640551567077637e-01
6.504065394401550293e-01
6.465645432472229004e-01
6.785682439804077148e-01
7.526852488517761230e-01
5.154982805252075195e-01
5.252881050109863281e-01
4.681029319763183594e-01
4.396714568138122559e-01
4.442353248596191406e-01
4.532830715179443359e-01
4.743698239326477051e-01
5.269120335578918457e-01
5.730671286582946777e-01
5.823441743850708008e-01
5.713678598403930664e-01
5.859192609786987305e-01
5.843939781188964844e-01
6.978257894515991211e-01
8.088230490684509277e-01
6.002163290977478027e-01
3.779349327087402344e-01
4.058495759963989258e-01
5.073638558387756348e-01
5.834698677062988281e-01
6.552862524986267090e-01
6.911059617996215820e-01
7.309854030609130859e-01
7.454274296760559082e-01
7.491673231124877930e-01
7.562373280525207520e-01
7.535582184791564941e-01
7.660862803459167480e-01
7.599219083786010742e-01
7.547643780708312988e-01
7.494436502456665039e-01
7.505384683609008789e-01
7.137957811355590820e-01
7.042500376701354980e-01
7.513357400894165039e-01
7.298966050148010254e-01
6.996940374374389648e-01
7.186487913131713867e-01
8.153310418128967285e-01
7.527114152908325195e-01
7.534059882164001465e-01
7.613765597343444824e-01
7.372517585754394531e-01
6.954931020736694336e-01
5.964863300323486328e-01
5.821855664253234863e-01
7.033296227455139160e-01
7.945341467857360840e-01
8.465592265129089355e-01
8.594505190849304199e-01
5.841259360313415527e-01
5.851629972457885742e-01
6.790878176689147949e-01
7.712965607643127441e-01
7.764607667922973633e-01
7.830936312675476074e-01
7.672830224037170410e-01
6.701393127441406250e-01
6.567041277885437012e-01
6.758717298507690430e-01
6.693811416625976562e-01
6.602778434753417969e-01
6.534240841865539551e-01
6.475123763084411621e-01
6.414381265640258789e-01
6.356419324874877930e-01
6.327424645423889160e-01
6.400820612907409668e-01
6.403579115867614746e-01
5.725938081741333008e-01
5.185257792472839355e-01
5.051499605178833008e-01
4.486482143402099609e-01
4.267681241035461426e-01
4.382830858230590820e-01
4.321891069412231445e-01
4.299634695053100586e-01
4.314301013946533203e-01
4.287583827972412109e-01
4.216020107269287109e-01
4.294971227645874023e-01
4.144819378852844238e-01
4.191245436668395996e-01
4.274499416351318359e-01
4.264167547225952148e-01
4.321633577346801758e-01
4.335131645202636719e-01
4.405558109283447266e-01
4.555220007896423340e-01
4.680141210556030273e-01
4.779163002967834473e-01
4.968418478965759277e-01
5.286079049110412598e-01
6.269520521163940430e-01
7.065013647079467773e-01
7.099805474281311035e-01
6.966074705123901367e-01
7.133935093879699707e-01
6.955832839012145996e-01
7.062691450119018555e-01
6.888923645019531250e-01
7.190512418746948242e-01
6.440262794494628906e-01
6.215823888778686523e-01
6.773248314857482910e-01
6.558346748352050781e-01
6.306840777397155762e-01
7.141371369361877441e-01
7.075258493423461914e-01
6.898260712623596191e-01
6.765847206115722656e-01
6.675156354904174805e-01
6.633453369140625000e-01
6.610108613967895508e-01
6.442199349403381348e-01
6.382105946540832520e-01
6.304268240928649902e-01
6.522190570831298828e-01
6.925009489059448242e-01
6.870952248573303223e-01
7.052452564239501953e-01
7.079073190689086914e-01
7.183623909950256348e-01
7.077541351318359375e-01
6.984124779701232910e-01
7.109811902046203613e-01
6.965849995613098145e-01
6.806985139846801758e-01
6.811352968215942383e-01
6.799294948577880859e-01
7.126646637916564941e-01
6.511919498443603516e-01
6.593784093856811523e-01
6.373471021652221680e-01
6.351302266120910645e-01
6.455031633377075195e-01
6.377823948860168457e-01
6.380231380462646484e-01
6.397921442985534668e-01
6.582388281822204590e-01
6.398684382438659668e-01
6.504430174827575684e-01
6.435504555702209473e-01
6.458979249000549316e-01
6.495941877365112305e-01
6.521307229995727539e-01
6.420450210571289062e-01
6.390975713729858398e-01
6.510598659515380859e-01
6.700277328491210938e-01
6.499776840209960938e-01
6.623079776763916016e-01
6.905831694602966309e-01
6.620839834213256836e-01
5.999564528465270996e-01
5.909202098846435547e-01
5.927446484565734863e-01
5.994776487350463867e-01
5.870140194892883301e-01
5.848041176795959473e-01
6.018369197845458984e-01
6.181679964065551758e-01
5.904152989387512207e-01
5.753956437110900879e-01
5.626817345619201660e-01
5.595664978027343750e-01
5.929764509201049805e-01
6.190456151962280273e-01
5.884557366371154785e-01
5.964798927307128906e-01
5.860804319381713867e-01
5.875629186630249023e-01
5.869140028953552246e-01
5.852036476135253906e-01
5.769844651222229004e-01
5.843194127082824707e-01
5.848138332366943359e-01
5.820655822753906250e-01
5.793488621711730957e-01
5.707148313522338867e-01
4.927521944046020508e-01
4.928898811340332031e-01
5.134456753730773926e-01
5.179469585418701172e-01
6.247216463088989258e-01
6.643089652061462402e-01
5.249476432800292969e-01
4.702246785163879395e-01
4.706291556358337402e-01
4.670110344886779785e-01
4.271708726882934570e-01
4.862987995147705078e-01
4.816466569900512695e-01
5.668651461601257324e-01
4.578834176063537598e-01
4.634009003639221191e-01
4.728164672851562500e-01
4.888655543327331543e-01
4.506334662437438965e-01
4.408991336822509766e-01
4.273348450660705566e-01
5.784815549850463867e-01
4.508378505706787109e-01
4.403010606765747070e-01
4.478530287742614746e-01
4.510412216186523438e-01
4.465805292129516602e-01
6.528977155685424805e-01
4.985696673393249512e-01
4.536885023117065430e-01
5.350431799888610840e-01
4.606253504753112793e-01
4.944619536399841309e-01
6.718407273292541504e-01
8.090053796768188477e-01
6.842744946479797363e-01
6.447511911392211914e-01
7.200084924697875977e-01
6.714576482772827148e-01
7.355420589447021484e-01
7.191100716590881348e-01
7.227639555931091309e-01
7.559834718704223633e-01
7.584040760993957520e-01
7.352837324142456055e-01
7.417659163475036621e-01
7.066356539726257324e-01
6.880627870559692383e-01
5.982093214988708496e-01
6.426681876182556152e-01
6.105743646621704102e-01
6.111804842948913574e-01
4.790925383567810059e-01
5.577850341796875000e-01
5.738012790679931641e-01
7.099093198776245117e-01
7.192642688751220703e-01
7.309647202491760254e-01
7.270392775535583496e-01
7.177621126174926758e-01
6.928249597549438477e-01
7.286461591720581055e-01
8.545254468917846680e-01
8.567644953727722168e-01
6.796236634254455566e-01
7.531850337982177734e-01
6.704456210136413574e-01
8.402987718582153320e-01
8.778916597366333008e-01
8.740926384925842285e-01
8.764103651046752930e-01
7.337388992309570312e-01
7.399637103080749512e-01
7.561169266700744629e-01
8.166209459304809570e-01
6.328906416893005371e-01
4.532384276390075684e-01
4.023155570030212402e-01
3.942849636077880859e-01
3.827026784420013428e-01
3.920217752456665039e-01
3.977975845336914062e-01
4.067246615886688232e-01
4.406228661537170410e-01
4.848191738128662109e-01
5.316628217697143555e-01
5.552156567573547363e-01
6.071451902389526367e-01
4.845838546752929688e-01
5.035393238067626953e-01
5.254284143447875977e-01
5.302562117576599121e-01
5.265625119209289551e-01
5.558944344520568848e-01
5.704707503318786621e-01
5.728534460067749023e-01
5.726590156555175781e-01
5.620983242988586426e-01
5.515477061271667480e-01
5.674468874931335449e-01
5.686202645301818848e-01
5.688569545745849609e-01
5.700721740722656250e-01
5.782102346420288086e-01
5.788395404815673828e-01
5.777190327644348145e-01
5.768967866897583008e-01
5.757730603218078613e-01
5.648404359817504883e-01
5.472348928451538086e-01
5.417594909667968750e-01
5.413005948066711426e-01
5.415619611740112305e-01
5.438489317893981934e-01
5.689834356307983398e-01
5.542929768562316895e-01
5.518544316291809082e-01
5.546098947525024414e-01
5.554941296577453613e-01
5.543918609619140625e-01
5.510906577110290527e-01
5.480014085769653320e-01
5.339889526367187500e-01
5.314334034919738770e-01
5.306407809257507324e-01
5.298978090286254883e-01
5.287375450134277344e-01
5.298283100128173828e-01
5.237681865692138672e-01
5.197635293006896973e-01
5.154318809509277344e-01
5.110247731208801270e-01
5.362585186958312988e-01
4.609184265136718750e-01
4.208557605743408203e-01
3.926402330398559570e-01
3.647580146789550781e-01
3.432525694370269775e-01
3.684300780296325684e-01
4.020607471466064453e-01
4.342371821403503418e-01
4.611977338790893555e-01
4.722042083740234375e-01
4.764513969421386719e-01
4.754363894462585449e-01
4.553035497665405273e-01
4.369863867759704590e-01
4.315703511238098145e-01
4.310719370841979980e-01
4.350460171699523926e-01
4.424838423728942871e-01
4.376671314239501953e-01
4.563801288604736328e-01
4.601514935493469238e-01
4.629507660865783691e-01
4.719967246055603027e-01
4.748752117156982422e-01
4.747069478034973145e-01
4.754946231842041016e-01
4.769383668899536133e-01
4.810487031936645508e-01
4.814882278442382812e-01
4.791900515556335449e-01
4.803848266601562500e-01
4.781069755554199219e-01
4.733733534812927246e-01
4.670596718788146973e-01
4.544906020164489746e-01
3.942566215991973877e-01
3.949261307716369629e-01
3.962526917457580566e-01
3.966911137104034424e-01
3.967084586620330811e-01
3.966130018234252930e-01
3.963797092437744141e-01
3.961861729621887207e-01
3.959667086601257324e-01
3.957634568214416504e-01
3.955875933170318604e-01
3.954317569732666016e-01
3.952861428260803223e-01
3.951269388198852539e-01
3.948885202407836914e-01
3.943714499473571777e-01
3.929489850997924805e-01
3.889769911766052246e-01
3.807617425918579102e-01
3.720220625400543213e-01
3.677160143852233887e-01
4.763010144233703613e-01
5.152043104171752930e-01
5.103350877761840820e-01
5.062876343727111816e-01
5.074024200439453125e-01
5.133731961250305176e-01
5.200383663177490234e-01
5.238468050956726074e-01
5.246736407279968262e-01
5.238270759582519531e-01
5.226368308067321777e-01
5.218740701675415039e-01
5.220678448677062988e-01
5.238854885101318359e-01
5.283740162849426270e-01
5.796484947204589844e-01
6.319005489349365234e-01
6.833919286727905273e-01
7.340117692947387695e-01
6.440817117691040039e-01
4.949529767036437988e-01
5.037103891372680664e-01
5.165576934814453125e-01
4.265868663787841797e-01
4.180643558502197266e-01
4.742928743362426758e-01
5.113339424133300781e-01
5.252528190612792969e-01
5.324769616127014160e-01
5.271342396736145020e-01
5.162216424942016602e-01
5.122863054275512695e-01
5.118137001991271973e-01
5.075470209121704102e-01
5.292499065399169922e-01
5.268993377685546875e-01
5.552765130996704102e-01
5.620875358581542969e-01
5.455003380775451660e-01
5.415279269218444824e-01
5.437943935394287109e-01
5.582171082496643066e-01
5.761107206344604492e-01
5.933422446250915527e-01
6.038803458213806152e-01
6.303145289421081543e-01
6.878150701522827148e-01
7.494500875473022461e-01
7.949926853179931641e-01
7.189866900444030762e-01
6.958488821983337402e-01
7.288972139358520508e-01
7.562869191169738770e-01
8.432091474533081055e-01
8.987535834312438965e-01
9.390054941177368164e-01
9.713128805160522461e-01
1.004274606704711914e+00
1.013567686080932617e+00
1.016659259796142578e+00
1.020962476730346680e+00
1.018238186836242676e+00
9.987978935241699219e-01
9.735595583915710449e-01
9.028515219688415527e-01
8.725405335426330566e-01
8.313620686531066895e-01
7.385097146034240723e-01
7.432839870452880859e-01
7.143100500106811523e-01
6.981135606765747070e-01
7.181822061538696289e-01
7.066906094551086426e-01
7.181567549705505371e-01
7.512785196304321289e-01
6.866741776466369629e-01
7.888178825378417969e-01
7.834205627441406250e-01
6.988278031349182129e-01
7.327507138252258301e-01
7.535634636878967285e-01
7.510342597961425781e-01
8.083966970443725586e-01
8.159524202346801758e-01
8.038115501403808594e-01
8.042337298393249512e-01
7.898910045623779297e-01
7.579411268234252930e-01
7.243826985359191895e-01
6.829935312271118164e-01
6.593803763389587402e-01
6.335480809211730957e-01
6.189113855361938477e-01
6.391860246658325195e-01
5.874425768852233887e-01
5.820923447608947754e-01
5.834828019142150879e-01
5.746918916702270508e-01
5.678516626358032227e-01
5.642893910408020020e-01
5.646627545356750488e-01
5.676851868629455566e-01
5.699546933174133301e-01
5.696698427200317383e-01
5.676575899124145508e-01
5.652602910995483398e-01
5.630506873130798340e-01
5.610113739967346191e-01
5.589669346809387207e-01
4.790014624595642090e-01
5.888996124267578125e-01
5.592133402824401855e-01
6.143642663955688477e-01
6.756310462951660156e-01
4.485245347023010254e-01
3.926305770874023438e-01
4.788027405738830566e-01
4.045724272727966309e-01
3.803722262382507324e-01
3.961651921272277832e-01
4.755055904388427734e-01
5.383540391921997070e-01
5.464976429939270020e-01
5.687187314033508301e-01
6.043388843536376953e-01
6.203926205635070801e-01
5.714340209960937500e-01
5.735517740249633789e-01
5.905590057373046875e-01
5.939934253692626953e-01
5.496385693550109863e-01
5.843723416328430176e-01
5.690808296203613281e-01
5.728129744529724121e-01
5.770553946495056152e-01
5.712263584136962891e-01
5.625682473182678223e-01
5.597273111343383789e-01
5.583732128143310547e-01
5.577014684677124023e-01
5.573833584785461426e-01
5.569806098937988281e-01
5.567516088485717773e-01
5.564146637916564941e-01
5.601741671562194824e-01
5.265973806381225586e-01
5.589281320571899414e-01
5.446246266365051270e-01
5.461777448654174805e-01
5.534355640411376953e-01
5.655636787414550781e-01
5.826650261878967285e-01
6.052522063255310059e-01
6.321097016334533691e-01
6.602387428283691406e-01
6.854884028434753418e-01
7.043430209159851074e-01
7.141420841217041016e-01
7.149289846420288086e-01
6.242177486419677734e-01
5.323507189750671387e-01
7.534129023551940918e-01
6.478313207626342773e-01
5.496264696121215820e-01
5.165709853172302246e-01
5.804829597473144531e-01
5.912324786186218262e-01
6.084637045860290527e-01
6.144105792045593262e-01
6.147065758705139160e-01
6.095575690269470215e-01
6.169406771659851074e-01
6.092444062232971191e-01
5.948849916458129883e-01
4.437873363494873047e-01
4.865063428878784180e-01
5.141556262969970703e-01
4.643438458442687988e-01
5.153865814208984375e-01
5.938924551010131836e-01
5.831348299980163574e-01
5.918323397636413574e-01
5.639075040817260742e-01
5.633448362350463867e-01
5.807518959045410156e-01
5.867763161659240723e-01
5.691308975219726562e-01
5.604590773582458496e-01
5.536848306655883789e-01
5.414098501205444336e-01
5.378320217132568359e-01
5.381908416748046875e-01
5.313218832015991211e-01
5.285885334014892578e-01
5.307366847991943359e-01
5.327885150909423828e-01
5.295360684394836426e-01
5.271121263504028320e-01
5.264334082603454590e-01
5.269241929054260254e-01
5.273188948631286621e-01
5.272760391235351562e-01
5.269831418991088867e-01
5.266770124435424805e-01
5.250214934349060059e-01
5.234994292259216309e-01
5.215525627136230469e-01
5.190522670745849609e-01
5.158950686454772949e-01
5.119491815567016602e-01
5.070218443870544434e-01
5.008757114410400391e-01
4.932540059089660645e-01
4.839276075363159180e-01
4.758033156394958496e-01
4.672102928161621094e-01
4.366666078567504883e-01
4.249387383460998535e-01
4.199514985084533691e-01
4.157971143722534180e-01
4.077565073966979980e-01
4.034724831581115723e-01
4.013708829879760742e-01
4.003056287765502930e-01
3.996081352233886719e-01
3.991466760635375977e-01
3.987995088100433350e-01
4.101198315620422363e-01
4.039487838745117188e-01
3.875031173229217529e-01
4.730277061462402344e-01
5.445058345794677734e-01
5.354322791099548340e-01
5.310919880867004395e-01
5.339276194572448730e-01
5.459929704666137695e-01
5.822267532348632812e-01
4.544671177864074707e-01
4.322603344917297363e-01
4.364739060401916504e-01
4.055346250534057617e-01
3.762560784816741943e-01
3.535603284835815430e-01
3.591842949390411377e-01
3.585700392723083496e-01
3.570727705955505371e-01
3.614521026611328125e-01
4.000419974327087402e-01
4.605892300605773926e-01
4.607881903648376465e-01
4.628927111625671387e-01
4.624885916709899902e-01
4.656410217285156250e-01
4.644890427589416504e-01
4.787779450416564941e-01
4.857333302497863770e-01
5.168504118919372559e-01
5.582288503646850586e-01
5.777391791343688965e-01
5.709698200225830078e-01
5.895256400108337402e-01
5.980424284934997559e-01
5.956896543502807617e-01
5.930730104446411133e-01
5.986388325691223145e-01
5.998392105102539062e-01
5.978913903236389160e-01
5.954509377479553223e-01
5.601155161857604980e-01
5.029051303863525391e-01
4.573389887809753418e-01
4.575715661048889160e-01
4.917437434196472168e-01
4.992392659187316895e-01
4.870234727859497070e-01
4.948781728744506836e-01
5.117189288139343262e-01
5.212052464485168457e-01
5.265057086944580078e-01
5.481985807418823242e-01
5.664274692535400391e-01
5.177258849143981934e-01
4.792006015777587891e-01
4.659750461578369141e-01
4.673599004745483398e-01
4.689455628395080566e-01
4.881969094276428223e-01
5.718215703964233398e-01
5.817215442657470703e-01
5.616179704666137695e-01
5.140109062194824219e-01
4.480416178703308105e-01
4.172453880310058594e-01
4.021078944206237793e-01
3.868058323860168457e-01
4.905280470848083496e-01
5.643512010574340820e-01
5.766208171844482422e-01
5.967137813568115234e-01
6.513008475303649902e-01
3.972700834274291992e-01
3.686087727546691895e-01
3.915810883045196533e-01
4.102250933647155762e-01
4.367249608039855957e-01
3.997855186462402344e-01
3.911526203155517578e-01
4.706158041954040527e-01
6.774173974990844727e-01
6.967958211898803711e-01
7.128454446792602539e-01
7.135537266731262207e-01
7.026687860488891602e-01
5.482676625251770020e-01
7.102129459381103516e-01
8.190721273422241211e-01
7.881700992584228516e-01
7.456750273704528809e-01
7.095847725868225098e-01
6.797242760658264160e-01
6.502657532691955566e-01
6.313950419425964355e-01
6.251687407493591309e-01
6.249338984489440918e-01
6.201661825180053711e-01
6.063088178634643555e-01
6.029192805290222168e-01
6.043465733528137207e-01
5.871079564094543457e-01
5.791690945625305176e-01
5.224201083183288574e-01
5.018770694732666016e-01
5.349422693252563477e-01
5.502126812934875488e-01
5.557298660278320312e-01
5.024205446243286133e-01
4.410822391510009766e-01
4.548693895339965820e-01
4.775302410125732422e-01
4.621948599815368652e-01
4.824067354202270508e-01
5.522396564483642578e-01
5.819122195243835449e-01
5.637678503990173340e-01
5.570334792137145996e-01
5.435873866081237793e-01
5.710746645927429199e-01
5.632601976394653320e-01
5.814421772956848145e-01
5.316458344459533691e-01
4.965253472328186035e-01
5.008329749107360840e-01
5.301476120948791504e-01
5.704115629196166992e-01
6.025372147560119629e-01
5.110481977462768555e-01
4.506313204765319824e-01
6.159505248069763184e-01
6.178578138351440430e-01
6.206620335578918457e-01
6.675648093223571777e-01
6.513781547546386719e-01
6.315079927444458008e-01
6.287823915481567383e-01
6.260233521461486816e-01
6.366856694221496582e-01
6.158210039138793945e-01
6.342487931251525879e-01
6.219677329063415527e-01
6.218931078910827637e-01
6.163659691810607910e-01
6.076940298080444336e-01
5.983830094337463379e-01
5.893745422363281250e-01
5.778234601020812988e-01
5.053247213363647461e-01
4.474834799766540527e-01
4.464212059974670410e-01
5.292800664901733398e-01
4.786422252655029297e-01
4.727330803871154785e-01
4.474293589591979980e-01
4.559874534606933594e-01
4.587418437004089355e-01
4.606801271438598633e-01
4.580368995666503906e-01
5.585627555847167969e-01
6.053141951560974121e-01
5.334310531616210938e-01
5.172978639602661133e-01
5.544406771659851074e-01
6.443224549293518066e-01
6.335291862487792969e-01
5.958058238029479980e-01
6.022517681121826172e-01
5.820711255073547363e-01
6.153798103332519531e-01
6.142788529396057129e-01
5.759900808334350586e-01
6.058783531188964844e-01
5.963441133499145508e-01
5.918389558792114258e-01
5.914323329925537109e-01
5.875093936920166016e-01
5.842515826225280762e-01
6.066574454307556152e-01
5.882051587104797363e-01
5.795422196388244629e-01
5.853043794631958008e-01
5.687199831008911133e-01
5.571801066398620605e-01
5.534798502922058105e-01
5.704679489135742188e-01
5.995596051216125488e-01
5.485729575157165527e-01
4.921567440032958984e-01
4.014599323272705078e-01
3.939756751060485840e-01
4.047781825065612793e-01
4.126958847045898438e-01
4.065814018249511719e-01
4.412171840667724609e-01
4.204295873641967773e-01
4.462887644767761230e-01
5.095422267913818359e-01
5.474261045455932617e-01
5.769675970077514648e-01
5.856806039810180664e-01
5.888018012046813965e-01
5.971029400825500488e-01
6.319642066955566406e-01
6.190179586410522461e-01
5.976427793502807617e-01
6.361984610557556152e-01
4.963487982749938965e-01
5.139531493186950684e-01
5.927855968475341797e-01
6.031263470649719238e-01
5.621865987777709961e-01
6.163951158523559570e-01
6.163427829742431641e-01
5.596102476119995117e-01
5.679560303688049316e-01
5.753739476203918457e-01
5.840559005737304688e-01
6.044032573699951172e-01
6.277812123298645020e-01
5.696595311164855957e-01
5.214527845382690430e-01
5.026774406433105469e-01
4.889640808105468750e-01
4.778673648834228516e-01
4.740838408470153809e-01
6.136326789855957031e-01
6.085565090179443359e-01
5.619779825210571289e-01
6.304863095283508301e-01
6.142141222953796387e-01
6.971268653869628906e-01
7.462033629417419434e-01
7.599582672119140625e-01
7.523027658462524414e-01
7.303454875946044922e-01
7.033475041389465332e-01
6.789705157279968262e-01
6.485696434974670410e-01
6.247473955154418945e-01
7.169760465621948242e-01
8.229413032531738281e-01
7.151955962181091309e-01
8.002733588218688965e-01
7.679015994071960449e-01
7.406606674194335938e-01
8.144917488098144531e-01
8.710780143737792969e-01
8.264343142509460449e-01
6.650568246841430664e-01
6.271539330482482910e-01
6.945849657058715820e-01
7.749090790748596191e-01
7.799215316772460938e-01
8.449794650077819824e-01
8.290060758590698242e-01
5.127272009849548340e-01
3.983394503593444824e-01
4.229561686515808105e-01
6.308268308639526367e-01
7.627017498016357422e-01
7.871730327606201172e-01
7.828775048255920410e-01
7.960330843925476074e-01
4.281089305877685547e-01
3.218845725059509277e-01
3.320587575435638428e-01
6.584630012512207031e-01
7.393159866333007812e-01
6.693044900894165039e-01
6.008987426757812500e-01
6.418753862380981445e-01
6.997954845428466797e-01
7.440239787101745605e-01
7.369741201400756836e-01
7.070481181144714355e-01
7.227019667625427246e-01
6.457706093788146973e-01
6.509932279586791992e-01
6.440500617027282715e-01
6.676017642021179199e-01
6.327251195907592773e-01
6.437699794769287109e-01
6.278175115585327148e-01
6.346589326858520508e-01
6.539527773857116699e-01
5.952418446540832520e-01
5.454483032226562500e-01
4.884965419769287109e-01
5.982118844985961914e-01
6.270788311958312988e-01
6.277161836624145508e-01
6.245636343955993652e-01
6.251476407051086426e-01
6.180577278137207031e-01
6.123222112655639648e-01
6.155206561088562012e-01
6.058818101882934570e-01
6.211688518524169922e-01
6.216192245483398438e-01
6.219742894172668457e-01
6.223801374435424805e-01
6.222324371337890625e-01
6.217176914215087891e-01
6.113719940185546875e-01
6.239180564880371094e-01
6.237531900405883789e-01
6.246585845947265625e-01
6.251711845397949219e-01
6.253759264945983887e-01
6.246526837348937988e-01
6.254818439483642578e-01
6.241787672042846680e-01
6.240108013153076172e-01
6.230466365814208984e-01
6.146333217620849609e-01
5.806295871734619141e-01
5.738708972930908203e-01
5.736828446388244629e-01
5.759814977645874023e-01
5.848789811134338379e-01
5.750755071640014648e-01
5.730844736099243164e-01
5.778428912162780762e-01
5.182492733001708984e-01
4.833825826644897461e-01
4.740560650825500488e-01
4.927749633789062500e-01
5.739993453025817871e-01
5.334079861640930176e-01
5.334495306015014648e-01
5.351125597953796387e-01
5.348021388053894043e-01
5.330539345741271973e-01
5.403688549995422363e-01
5.652129054069519043e-01
5.612139105796813965e-01
4.743205904960632324e-01
4.529600739479064941e-01
4.429805874824523926e-01
4.376346468925476074e-01
4.353440403938293457e-01
5.242547392845153809e-01
5.258095264434814453e-01
4.689975976943969727e-01
4.548611044883728027e-01
4.587100148200988770e-01
4.606261849403381348e-01
4.283826947212219238e-01
5.904263854026794434e-01
5.780231952667236328e-01
5.797820091247558594e-01
5.773805379867553711e-01
5.917664766311645508e-01
6.123142838478088379e-01
6.388649940490722656e-01
7.091881036758422852e-01
7.390736937522888184e-01
7.578395605087280273e-01
7.425732612609863281e-01
6.351362466812133789e-01
6.239249110221862793e-01
5.752694010734558105e-01
5.429039597511291504e-01
5.351312160491943359e-01
5.388029813766479492e-01
5.454136133193969727e-01
5.558282732963562012e-01
5.713981986045837402e-01
6.195148825645446777e-01
7.467892169952392578e-01
8.120895624160766602e-01
8.524733781814575195e-01
8.025005459785461426e-01
7.520409822463989258e-01
7.689223289489746094e-01
7.868478298187255859e-01
8.062226772308349609e-01
7.282096147537231445e-01
7.154700756072998047e-01
7.479090690612792969e-01
7.707202434539794922e-01
7.830874323844909668e-01
7.789686918258666992e-01
6.895137429237365723e-01
7.584117054939270020e-01
8.139811754226684570e-01
7.917692661285400391e-01
7.444425225257873535e-01
8.450471758842468262e-01
8.368874192237854004e-01
7.627452611923217773e-01
7.507399916648864746e-01
7.895914316177368164e-01
7.540273070335388184e-01
7.393463253974914551e-01
8.049650788307189941e-01
7.919406294822692871e-01
7.938960194587707520e-01
8.011143803596496582e-01
8.137374520301818848e-01
8.275692462921142578e-01
8.806879520416259766e-01
8.814948797225952148e-01
8.865359425544738770e-01
8.990248441696166992e-01
8.574595451354980469e-01
9.266198873519897461e-01
8.713873624801635742e-01
5.713589191436767578e-01
4.083918333053588867e-01
5.358482599258422852e-01
7.316874265670776367e-01
8.011988401412963867e-01
7.822089791297912598e-01
7.245447635650634766e-01
4.774777889251708984e-01
7.405611276626586914e-01
6.475318074226379395e-01
7.778777480125427246e-01
8.158454895019531250e-01
7.864308953285217285e-01
7.556838989257812500e-01
7.247614264488220215e-01
6.529299616813659668e-01
6.886098384857177734e-01
6.453491449356079102e-01
6.226432323455810547e-01
6.350094079971313477e-01
6.686756014823913574e-01
6.917948722839355469e-01
5.825915336608886719e-01
6.389651298522949219e-01
6.450491547584533691e-01
6.250631809234619141e-01
6.733116507530212402e-01
6.005852222442626953e-01
6.246833801269531250e-01
6.875984668731689453e-01
6.860481500625610352e-01
6.797269582748413086e-01
6.671102046966552734e-01
6.520751714706420898e-01
6.424006819725036621e-01
6.372306346893310547e-01
6.334066390991210938e-01
6.303724646568298340e-01
6.281251311302185059e-01
6.259489655494689941e-01
6.242366433143615723e-01
6.239868402481079102e-01
6.688242554664611816e-01
6.239247918128967285e-01
5.781609416007995605e-01
5.810061097145080566e-01
6.278311014175415039e-01
6.103010177612304688e-01
6.014365553855895996e-01
5.781184434890747070e-01
5.724692344665527344e-01
5.989458560943603516e-01
7.347907423973083496e-01
7.600045204162597656e-01
6.094067692756652832e-01
5.236757397651672363e-01
5.168695449829101562e-01
4.304401278495788574e-01
5.546619892120361328e-01
6.790772676467895508e-01
6.970729827880859375e-01
6.298294663429260254e-01
5.916274189949035645e-01
7.494454383850097656e-01
7.029916048049926758e-01
6.723027825355529785e-01
6.671637892723083496e-01
6.578772664070129395e-01
6.628066897392272949e-01
6.620227098464965820e-01
6.554094552993774414e-01
6.534345746040344238e-01
6.488425135612487793e-01
6.263509988784790039e-01
6.336704492568969727e-01
6.267587542533874512e-01
6.156616210937500000e-01
6.097195744514465332e-01
6.078106760978698730e-01
5.216920375823974609e-01
4.415689110755920410e-01
4.555422663688659668e-01
4.890874624252319336e-01
4.772743582725524902e-01
4.299126863479614258e-01
4.434891939163208008e-01
4.334853887557983398e-01
4.805566668510437012e-01
5.720543861389160156e-01
5.396299362182617188e-01
5.278291702270507812e-01
5.374239087104797363e-01
5.152570605278015137e-01
5.360140800476074219e-01
5.488340854644775391e-01
5.433586835861206055e-01
5.375350713729858398e-01
5.390527844429016113e-01
5.538712739944458008e-01
5.433707237243652344e-01
5.419362187385559082e-01
5.827397108078002930e-01
4.909609556198120117e-01
5.690612792968750000e-01
5.499278903007507324e-01
5.568629503250122070e-01
5.719839334487915039e-01
5.052869319915771484e-01
4.088848829269409180e-01
3.820746541023254395e-01
4.394446611404418945e-01
4.580258727073669434e-01
4.470915794372558594e-01
4.050464630126953125e-01
4.077380299568176270e-01
3.866250514984130859e-01
4.982393383979797363e-01
5.728682279586791992e-01
6.038454174995422363e-01
6.207559704780578613e-01
6.120589375495910645e-01
6.344319581985473633e-01
6.504247784614562988e-01
6.385498046875000000e-01
6.458507180213928223e-01
6.275026202201843262e-01
6.476426124572753906e-01
6.388424038887023926e-01
6.584384441375732422e-01
6.353685855865478516e-01
6.097946166992187500e-01
6.418508887290954590e-01
6.764358282089233398e-01
6.640600562095642090e-01
6.503244042396545410e-01
5.938391685485839844e-01
6.318455338478088379e-01
6.500681042671203613e-01
6.269960403442382812e-01
6.609062552452087402e-01
6.532259583473205566e-01
6.072008013725280762e-01
6.625286936759948730e-01
6.752838492393493652e-01
6.589537262916564941e-01
6.811492443084716797e-01
6.822515726089477539e-01
6.643326878547668457e-01
6.723728179931640625e-01
6.714320182800292969e-01
6.832298040390014648e-01
6.572315096855163574e-01
6.683365106582641602e-01
5.929799079895019531e-01
6.171370148658752441e-01
5.894742012023925781e-01
5.780417919158935547e-01
5.696824789047241211e-01
6.054883599281311035e-01
6.407826542854309082e-01
6.146925091743469238e-01
6.298592686653137207e-01
6.210393905639648438e-01
6.363205909729003906e-01
5.991599559783935547e-01
5.957244038581848145e-01
6.001366376876831055e-01
6.026737093925476074e-01
6.065502762794494629e-01
5.953781604766845703e-01
5.940137505531311035e-01
5.952907204627990723e-01
5.960961580276489258e-01
6.171262264251708984e-01
6.585392951965332031e-01
6.198898553848266602e-01
5.700032711029052734e-01
5.122119188308715820e-01
4.894077777862548828e-01
5.472403764724731445e-01
5.682809352874755859e-01
5.670985579490661621e-01
5.677805542945861816e-01
5.620936155319213867e-01
5.737605690956115723e-01
5.668348073959350586e-01
5.700706243515014648e-01
5.689386725425720215e-01
5.703365206718444824e-01
5.717970132827758789e-01
5.728837847709655762e-01
5.746988058090209961e-01
5.814621448516845703e-01
5.849862694740295410e-01
5.684832334518432617e-01
5.705539584159851074e-01
5.759618282318115234e-01
5.756504535675048828e-01
5.739615559577941895e-01
5.717265009880065918e-01
5.711219906806945801e-01
5.681037902832031250e-01
5.115412473678588867e-01
5.812950730323791504e-01
5.247910618782043457e-01
4.862088561058044434e-01
4.852265119552612305e-01
4.963917136192321777e-01
5.006037950515747070e-01
4.966948628425598145e-01
4.843139052391052246e-01
5.842208862304687500e-01
6.887494921684265137e-01
7.031967043876647949e-01
4.489148259162902832e-01
4.517825841903686523e-01
4.561035037040710449e-01
4.211426973342895508e-01
4.209969639778137207e-01
4.811519980430603027e-01
4.980208873748779297e-01
4.704046249389648438e-01
5.401776432991027832e-01
5.502982735633850098e-01
4.613330364227294922e-01
4.538463950157165527e-01
4.633244276046752930e-01
5.650695562362670898e-01
6.885389089584350586e-01
5.686385035514831543e-01
5.074549913406372070e-01
5.426713824272155762e-01
5.600004792213439941e-01
7.866334319114685059e-01
8.276210427284240723e-01
8.594723343849182129e-01
8.574255108833312988e-01
8.477166891098022461e-01
8.621359467506408691e-01
8.620483279228210449e-01
8.588352203369140625e-01
8.783874511718750000e-01
8.936004042625427246e-01
8.979973793029785156e-01
9.006496667861938477e-01
8.504253625869750977e-01
6.957942247390747070e-01
7.241164445877075195e-01
8.364025354385375977e-01
7.704018354415893555e-01
7.528407573699951172e-01
7.076271772384643555e-01
7.378850579261779785e-01
8.044044971466064453e-01
8.887794613838195801e-01
9.378106594085693359e-01
9.721112251281738281e-01
9.981767535209655762e-01
1.013447880744934082e+00
1.032678365707397461e+00
1.115087389945983887e+00
1.066714525222778320e+00
1.038061738014221191e+00
1.027013063430786133e+00
1.003279805183410645e+00
8.975845575332641602e-01
8.861459493637084961e-01
8.731913566589355469e-01
8.558807373046875000e-01
7.884314656257629395e-01
7.849842309951782227e-01
6.474361419677734375e-01
6.088880896568298340e-01
6.353009939193725586e-01
6.375609040260314941e-01
6.439073681831359863e-01
6.374509930610656738e-01
6.259301900863647461e-01
6.078693866729736328e-01
5.857094526290893555e-01
5.763096809387207031e-01
6.029856801033020020e-01
6.516538858413696289e-01
7.398819327354431152e-01
5.973714590072631836e-01
4.882839918136596680e-01
4.991151094436645508e-01
5.151586532592773438e-01
5.258591771125793457e-01
5.374462008476257324e-01
5.612841248512268066e-01
5.679601430892944336e-01
5.453372597694396973e-01
5.224584937095642090e-01
4.912127852439880371e-01
4.594218134880065918e-01
4.307229518890380859e-01
4.451444745063781738e-01
5.231738686561584473e-01
5.810340642929077148e-01
5.947701930999755859e-01
5.927601456642150879e-01
5.429416298866271973e-01
5.224330425262451172e-01
5.001437067985534668e-01
4.837148189544677734e-01
4.573588967323303223e-01
4.317187070846557617e-01
4.303586483001708984e-01
5.057441592216491699e-01
5.300835371017456055e-01
5.649031996726989746e-01
5.374155044555664062e-01
5.189818739891052246e-01
5.765550136566162109e-01
5.242415070533752441e-01
4.528918862342834473e-01
4.165377020835876465e-01
4.715213179588317871e-01
4.374009370803833008e-01
4.084844589233398438e-01
3.993569612503051758e-01
4.069842100143432617e-01
4.116020202636718750e-01
4.078078866004943848e-01
4.180749654769897461e-01
5.036641359329223633e-01
4.713875651359558105e-01
4.404453635215759277e-01
4.098237156867980957e-01
4.021478891372680664e-01
4.019075632095336914e-01
4.452698230743408203e-01
4.414428472518920898e-01
4.449043273925781250e-01
4.725024700164794922e-01
4.899352788925170898e-01
5.159823298454284668e-01
4.843018054962158203e-01
5.295245647430419922e-01
5.576126575469970703e-01
5.610436201095581055e-01
5.714138746261596680e-01
5.715108513832092285e-01
6.678199768066406250e-01
7.038398981094360352e-01
6.545629501342773438e-01
6.292826533317565918e-01
6.710001826286315918e-01
7.309038043022155762e-01
7.109619379043579102e-01
7.003952860832214355e-01
6.897537708282470703e-01
6.843923330307006836e-01
6.938700675964355469e-01
6.926677227020263672e-01
6.835297942161560059e-01
5.990139245986938477e-01
5.606068968772888184e-01
5.206761360168457031e-01
5.296630859375000000e-01
5.346969366073608398e-01
5.334914922714233398e-01
5.219900012016296387e-01
5.158600211143493652e-01
5.650596022605895996e-01
6.533384323120117188e-01
6.666300892829895020e-01
6.626190543174743652e-01
6.848621964454650879e-01
6.968481540679931641e-01
7.041180729866027832e-01
6.884375214576721191e-01
6.846234202384948730e-01
6.726116538047790527e-01
6.527821421623229980e-01
6.265364289283752441e-01
6.509101390838623047e-01
6.988765001296997070e-01
6.971142292022705078e-01
6.631875038146972656e-01
6.634191274642944336e-01
7.048555612564086914e-01
6.796404123306274414e-01
6.437753438949584961e-01
6.221303939819335938e-01
6.798231601715087891e-01
7.300438284873962402e-01
7.085953950881958008e-01
7.137559056282043457e-01
6.925595998764038086e-01
6.981953978538513184e-01
7.192775011062622070e-01
7.311540842056274414e-01
7.056746482849121094e-01
6.914517879486083984e-01
6.858180165290832520e-01
6.784065961837768555e-01
6.657397150993347168e-01
6.576985120773315430e-01
6.571057438850402832e-01
6.635072827339172363e-01
6.745633482933044434e-01
7.250476479530334473e-01
7.210153937339782715e-01
7.277873158454895020e-01
7.279964089393615723e-01
7.100332379341125488e-01
7.023557424545288086e-01
7.068741321563720703e-01
7.046825289726257324e-01
7.154963612556457520e-01
6.569611430168151855e-01
6.046145558357238770e-01
6.097095012664794922e-01
6.596847772598266602e-01
6.906875371932983398e-01
6.911106705665588379e-01
6.914222240447998047e-01
6.921032667160034180e-01
6.922408938407897949e-01
6.980781555175781250e-01
6.742151379585266113e-01
5.515555143356323242e-01
6.833518743515014648e-01
6.760880947113037109e-01
6.260355710983276367e-01
6.205053925514221191e-01
6.603844165802001953e-01
5.552590489387512207e-01
6.802631020545959473e-01
6.877154707908630371e-01
7.372494935989379883e-01
7.435093522071838379e-01
6.971791982650756836e-01
5.405420660972595215e-01
5.504417419433593750e-01
5.227101445198059082e-01
7.112331390380859375e-01
8.387506604194641113e-01
8.219155669212341309e-01
8.157914876937866211e-01
8.160719871520996094e-01
7.973798513412475586e-01
7.476433515548706055e-01
6.892410516738891602e-01
5.896432995796203613e-01
6.685873270034790039e-01
6.894229650497436523e-01
6.262802481651306152e-01
8.407736420631408691e-01
7.996206283569335938e-01
7.319274544715881348e-01
7.452592849731445312e-01
7.816871404647827148e-01
8.000115752220153809e-01
7.995261549949645996e-01
8.518527746200561523e-01
8.423266410827636719e-01
8.117142319679260254e-01
5.876930356025695801e-01
5.794435143470764160e-01
6.712227463722229004e-01
6.862314939498901367e-01
6.508706808090209961e-01
6.418346762657165527e-01
6.655104756355285645e-01
6.904317140579223633e-01
6.972880363464355469e-01
6.980861425399780273e-01
6.942681074142456055e-01
6.984039545059204102e-01
6.805954575538635254e-01
6.893724799156188965e-01
6.294521689414978027e-01
5.479863286018371582e-01
6.071060895919799805e-01
6.707682609558105469e-01
6.694424748420715332e-01
6.796509027481079102e-01
6.808301806449890137e-01
6.628410816192626953e-01
6.427581906318664551e-01
6.345927119255065918e-01
6.423245668411254883e-01
6.324148774147033691e-01
6.275933980941772461e-01
6.379739642143249512e-01
6.794160008430480957e-01
6.366546750068664551e-01
6.286662220954895020e-01
6.333988904953002930e-01
6.435700058937072754e-01
6.344204545021057129e-01
6.346630454063415527e-01
6.223679184913635254e-01
6.049956679344177246e-01
5.425858497619628906e-01
5.457891225814819336e-01
5.049158334732055664e-01
4.813566803932189941e-01
5.224933624267578125e-01
5.573192238807678223e-01
5.915560722351074219e-01
5.988968610763549805e-01
5.701636075973510742e-01
5.175163149833679199e-01
5.203520059585571289e-01
5.002742409706115723e-01
4.729663729667663574e-01
5.404847860336303711e-01
5.904335975646972656e-01
6.082575321197509766e-01
6.176442503929138184e-01
6.337837576866149902e-01
6.161592006683349609e-01
6.638041734695434570e-01
6.533328890800476074e-01
6.382771730422973633e-01
6.382265686988830566e-01
6.393632888793945312e-01
6.516363024711608887e-01
6.865959167480468750e-01
6.975148916244506836e-01
6.639369726181030273e-01
6.874644756317138672e-01
6.840262413024902344e-01
6.919182538986206055e-01
6.893848180770874023e-01
6.380744576454162598e-01
6.755930781364440918e-01
6.349011063575744629e-01
6.306779384613037109e-01
6.344904303550720215e-01
6.795554161071777344e-01
6.640447378158569336e-01
6.488183140754699707e-01
6.356945633888244629e-01
6.238484382629394531e-01
6.108711361885070801e-01
5.618119239807128906e-01
4.885525107383728027e-01
4.735088348388671875e-01
5.374536514282226562e-01
5.737808942794799805e-01
5.595793128013610840e-01
5.113707184791564941e-01
5.470349192619323730e-01
5.268411636352539062e-01
5.209220647811889648e-01
4.598206281661987305e-01
5.041401982307434082e-01
5.377379059791564941e-01
5.454852581024169922e-01
5.452731847763061523e-01
5.739114880561828613e-01
5.761716961860656738e-01
5.707173347473144531e-01
5.672790408134460449e-01
5.512338280677795410e-01
5.720181465148925781e-01
5.713942646980285645e-01
5.699687600135803223e-01
5.684611797332763672e-01
5.749247074127197266e-01
5.806738138198852539e-01
5.858229994773864746e-01
5.915458202362060547e-01
5.887220501899719238e-01
6.017120480537414551e-01
6.083658337593078613e-01
6.148864626884460449e-01
6.208647489547729492e-01
6.263357996940612793e-01
6.314226388931274414e-01
6.362102627754211426e-01
6.408148407936096191e-01
6.451327204704284668e-01
6.504778265953063965e-01
6.545246839523315430e-01
6.553254723548889160e-01
6.563587188720703125e-01
6.444211006164550781e-01
6.161325573921203613e-01
6.157575845718383789e-01
6.207604408264160156e-01
6.240205764770507812e-01
6.255671977996826172e-01
6.259737014770507812e-01
6.298277974128723145e-01
6.780149340629577637e-01
6.942700743675231934e-01
6.819204688072204590e-01
6.813432574272155762e-01
6.835699677467346191e-01
6.648397445678710938e-01
6.604201793670654297e-01
6.637838482856750488e-01
6.473782062530517578e-01
6.582354307174682617e-01
6.523873805999755859e-01
6.371337771415710449e-01
6.424093842506408691e-01
6.444621682167053223e-01
6.418650150299072266e-01
6.377351284027099609e-01
6.107094883918762207e-01
5.732991695404052734e-01
5.237115025520324707e-01
5.145760178565979004e-01
5.305044054985046387e-01
5.384443998336791992e-01
6.283581256866455078e-01
7.012603282928466797e-01
7.137067914009094238e-01
6.665757298469543457e-01
4.949209690093994141e-01
4.942289590835571289e-01
4.821840524673461914e-01
4.677318930625915527e-01
5.326684713363647461e-01
5.469603538513183594e-01
5.321797132492065430e-01
5.669226050376892090e-01
5.584388375282287598e-01
5.569133162498474121e-01
4.793401956558227539e-01
4.517537951469421387e-01
4.794927835464477539e-01
5.817248821258544922e-01
7.395660877227783203e-01
7.700140476226806641e-01
7.764115333557128906e-01
7.781761288642883301e-01
7.835823893547058105e-01
7.880191206932067871e-01
7.786429524421691895e-01
7.721911668777465820e-01
7.698456048965454102e-01
7.576019763946533203e-01
7.331887483596801758e-01
7.065222263336181641e-01
7.045776844024658203e-01
7.008287906646728516e-01
6.987454295158386230e-01
6.747063398361206055e-01
6.717102527618408203e-01
6.706157326698303223e-01
6.781564354896545410e-01
6.773071885108947754e-01
6.516934037208557129e-01
6.524279117584228516e-01
6.604484319686889648e-01
6.654767990112304688e-01
6.518863439559936523e-01
6.467759609222412109e-01
6.530629396438598633e-01
6.838318705558776855e-01
6.798251867294311523e-01
6.471694707870483398e-01
6.825578212738037109e-01
6.815419793128967285e-01
6.596947908401489258e-01
6.855803728103637695e-01
6.756447553634643555e-01
6.719225645065307617e-01
6.889766454696655273e-01
6.746174693107604980e-01
6.883866190910339355e-01
6.820859909057617188e-01
6.702628731727600098e-01
6.321730017662048340e-01
6.349555850028991699e-01
6.297413110733032227e-01
6.279034018516540527e-01
6.257285475730895996e-01
6.224804520606994629e-01
6.177338361740112305e-01
6.115033030509948730e-01
6.105388998985290527e-01
6.017774343490600586e-01
5.793547034263610840e-01
5.683226585388183594e-01
5.559006333351135254e-01
5.608657598495483398e-01
5.425056219100952148e-01
5.848259925842285156e-01
5.464583635330200195e-01
5.061202645301818848e-01
4.976775050163269043e-01
