7.613202333450317383e-01
7.613319158554077148e-01
7.612434625625610352e-01
1.036025047302246094e+00
1.026354670524597168e+00
9.921757578849792480e-01
1.021743893623352051e+00
9.953055977821350098e-01
9.585570693016052246e-01
9.953750371932983398e-01
9.953761696815490723e-01
9.953763484954833984e-01
9.953763484954833984e-01
9.953763484954833984e-01
9.953763484954833984e-01
9.953879117965698242e-01
9.996312856674194336e-01
9.644653797149658203e-01
9.640523195266723633e-01
9.640644788742065430e-01
9.174618124961853027e-01
8.104310035705566406e-01
8.103884458541870117e-01
8.103884458541870117e-01
8.103884458541870117e-01
8.103867769241333008e-01
7.379501461982727051e-01
6.745102405548095703e-01
6.745103001594543457e-01
6.745114922523498535e-01
7.000676393508911133e-01
8.952519893646240234e-01
1.002490878105163574e+00
1.015608787536621094e+00
1.004464030265808105e+00
1.003554940223693848e+00
9.135774970054626465e-01
9.170395731925964355e-01
1.002559661865234375e+00
1.161097288131713867e+00
1.162832260131835938e+00
9.193443059921264648e-01
1.132729768753051758e+00
9.718904495239257812e-01
9.972889423370361328e-01
9.968966245651245117e-01
1.024159431457519531e+00
7.265805006027221680e-01
7.282032370567321777e-01
7.148957252502441406e-01
7.147215008735656738e-01
7.463371753692626953e-01
6.017769575119018555e-01
5.898161530494689941e-01
5.667020678520202637e-01
5.526644587516784668e-01
5.075352191925048828e-01
5.070940256118774414e-01
4.446738660335540771e-01
2.897894978523254395e-01
3.648986816406250000e-01
3.611343502998352051e-01
2.426482886075973511e-01
5.803108215332031250e-01
1.110796928405761719e-01
1.004812121391296387e-01
9.885674715042114258e-02
9.682476520538330078e-02
1.664525866508483887e-01
2.183305621147155762e-01
2.221127301454544067e-01
1.895735412836074829e-01
-2.540464401245117188e-01
-2.331798076629638672e-01
-3.355210423469543457e-01
-3.008176684379577637e-01
1.259731054306030273e-01
1.258989572525024414e-01
1.513490676879882812e-01
1.520646810531616211e-01
1.521607041358947754e-01
1.521737575531005859e-01
1.521737575531005859e-01
1.521737575531005859e-01
1.521737575531005859e-01
1.521737575531005859e-01
1.571940183639526367e-01
5.961123704910278320e-01
6.965721845626831055e-01
6.965721845626831055e-01
6.965721845626831055e-01
6.965721845626831055e-01
6.965721845626831055e-01
6.965721845626831055e-01
6.965719461441040039e-01
6.907653808593750000e-01
6.965726017951965332e-01
1.044605135917663574e+00
8.490143418312072754e-01
6.255846619606018066e-01
9.790845513343811035e-01
1.190145611763000488e+00
1.081375122070312500e+00
1.077015280723571777e+00
1.076620221138000488e+00
1.274657368659973145e+00
1.275284528732299805e+00
1.275370121002197266e+00
1.275381326675415039e+00
1.082303524017333984e+00
8.278671503067016602e-01
8.278602361679077148e-01
7.950594425201416016e-01
7.061598896980285645e-01
7.061645984649658203e-01
7.061513662338256836e-01
7.061512470245361328e-01
6.177521347999572754e-01
5.993239879608154297e-01
6.011950969696044922e-01
4.503743946552276611e-01
6.672350168228149414e-01
6.879457235336303711e-01
6.852191686630249023e-01
6.864609122276306152e-01
6.928292512893676758e-01
6.759576797485351562e-01
7.408633828163146973e-01
7.417308092117309570e-01
6.540591120719909668e-01
6.537915468215942383e-01
5.861279964447021484e-01
5.660334825515747070e-01
6.508401632308959961e-01
6.535205841064453125e-01
6.538898944854736328e-01
6.539399623870849609e-01
6.539462804794311523e-01
6.537717580795288086e-01
6.526376008987426758e-01
1.217238306999206543e-01
1.897290945053100586e-01
4.208654463291168213e-01
4.614476263523101807e-01
2.198305130004882812e-01
1.895440518856048584e-01
1.894485354423522949e-01
1.870401799678802490e-01
1.372020840644836426e-01
-6.373405456542968750e-03
-2.555710077285766602e-02
1.729806363582611084e-01
1.885992288589477539e-01
2.220884561538696289e-01
1.582654118537902832e-01
1.287406682968139648e-02
2.061811685562133789e-01
1.301063001155853271e-01
-2.766019105911254883e-02
5.120337009429931641e-03
9.389740228652954102e-02
-5.873593688011169434e-02
-5.694049596786499023e-02
-3.723835945129394531e-01
1.422166824340820312e-01
9.955722093582153320e-02
1.760821938514709473e-01
1.432881653308868408e-01
7.406717538833618164e-02
-3.501672744750976562e-01
7.122212648391723633e-02
7.546889781951904297e-02
1.895375847816467285e-01
9.988287091255187988e-02
-2.765843272209167480e-02
1.891003251075744629e-01
1.894851922988891602e-01
2.262973785400390625e-02
1.770436763763427734e-01
-9.850218892097473145e-02
-4.948514699935913086e-01
-1.545556485652923584e-01
-5.508295893669128418e-01
-5.345163345336914062e-01
-4.954963922500610352e-03
-2.646695375442504883e-01
-5.878889560699462891e-02
-3.356301188468933105e-01
2.880861759185791016e-01
2.768353521823883057e-01
1.762532591819763184e-01
1.922667026519775391e-01
1.922667026519775391e-01
1.712282896041870117e-01
6.197226047515869141e-01
5.955055952072143555e-01
8.962268829345703125e-01
1.117144942283630371e+00
1.095747590065002441e+00
1.092063903808593750e+00
1.143712043762207031e+00
1.143643379211425781e+00
1.165483593940734863e+00
1.035086750984191895e+00
7.359341382980346680e-01
7.359368801116943359e-01
9.434431791305541992e-01
1.015875577926635742e+00
7.991748452186584473e-01
1.020439863204956055e+00
1.037745475769042969e+00
8.580377697944641113e-01
8.580377697944641113e-01
8.580377697944641113e-01
7.857719063758850098e-01
7.852910757064819336e-01
9.985159039497375488e-01
8.585159778594970703e-01
8.585151433944702148e-01
8.585151433944702148e-01
8.585151433944702148e-01
1.007045745849609375e+00
8.284130096435546875e-01
8.272209763526916504e-01
9.954971075057983398e-01
9.953823089599609375e-01
1.079982519149780273e+00
9.953764677047729492e-01
9.953763484954833984e-01
9.367915391921997070e-01
1.000244617462158203e+00
9.953764081001281738e-01
9.994429349899291992e-01
9.745591282844543457e-01
9.640613794326782227e-01
9.640645980834960938e-01
9.640648365020751953e-01
9.167596101760864258e-01
8.103886842727661133e-01
8.103884458541870117e-01
8.103884458541870117e-01
8.103883266448974609e-01
7.369463443756103516e-01
6.821551322937011719e-01
6.745103001594543457e-01
6.745103001594543457e-01
1.076787590980529785e+00
1.076838493347167969e+00
1.077083468437194824e+00
1.076459288597106934e+00
1.076455950736999512e+00
9.791091084480285645e-01
9.990961551666259766e-01
7.556886076927185059e-01
7.446115016937255859e-01
7.622763514518737793e-01
9.280602931976318359e-01
9.269059896469116211e-01
9.237447977066040039e-01
9.318015575408935547e-01
1.054897785186767578e+00
9.618172645568847656e-01
9.970687031745910645e-01
9.972485303878784180e-01
9.332673549652099609e-01
8.735884428024291992e-01
5.882058143615722656e-01
8.610535860061645508e-01
8.049475550651550293e-01
8.859918117523193359e-01
1.274398088455200195e+00
1.086981534957885742e+00
1.184003829956054688e+00
9.476770162582397461e-01
9.539894461631774902e-01
9.595666527748107910e-01
9.885341525077819824e-01
9.890270233154296875e-01
1.014683842658996582e+00
6.681723594665527344e-01
5.070482492446899414e-01
8.212006688117980957e-01
6.155452728271484375e-01
5.944522023200988770e-01
5.548590421676635742e-01
5.444262027740478516e-01
5.432168245315551758e-01
5.432103872299194336e-01
5.431705713272094727e-01
5.427448153495788574e-01
5.427442193031311035e-01
5.427442193031311035e-01
5.427938699722290039e-01
6.280522346496582031e-01
6.307325959205627441e-01
6.104158759117126465e-01
5.257087945938110352e-02
6.279067993164062500e-01
3.519963622093200684e-01
1.666438877582550049e-01
5.633276700973510742e-01
4.110277295112609863e-01
4.132179021835327148e-01
-2.810743451118469238e-02
-4.487013816833496094e-02
-4.938381910324096680e-02
-5.055651068687438965e-02
-5.055707693099975586e-02
-2.818435430526733398e-02
-1.067488789558410645e-01
-9.308481216430664062e-02
-1.242280006408691406e-01
-5.246713757514953613e-01
-6.245923042297363281e-01
-6.246377825736999512e-01
-5.573088526725769043e-01
-5.574269294738769531e-01
-5.574355721473693848e-01
-5.574367046356201172e-01
-5.574362874031066895e-01
-5.574370026588439941e-01
-5.574371218681335449e-01
-5.574371218681335449e-01
-5.574371218681335449e-01
-5.574371218681335449e-01
-5.574371218681335449e-01
-5.574371218681335449e-01
-5.574371218681335449e-01
-6.164073944091796875e-01
-5.885213017463684082e-01
-5.885213017463684082e-01
-5.885213017463684082e-01
-5.576340556144714355e-01
-5.574371218681335449e-01
-5.574371218681335449e-01
-5.574371218681335449e-01
-5.574371218681335449e-01
-5.574371218681335449e-01
-6.251314282417297363e-01
-6.250281929969787598e-01
-5.574371218681335449e-01
-5.574371218681335449e-01
-6.085112690925598145e-01
-3.599748611450195312e-01
-3.723292946815490723e-01
-5.749235749244689941e-01
-3.585523366928100586e-01
-5.885211825370788574e-01
-5.884095430374145508e-01
-5.885212421417236328e-01
-3.585523366928100586e-01
-3.172760009765625000e-01
-3.136208057403564453e-01
1.519193053245544434e-01
-2.816259860992431641e-03
1.645231544971466064e-01
-2.516833543777465820e-01
-8.171135187149047852e-02
1.370881199836730957e-01
1.554826796054840088e-01
4.922748506069183350e-01
2.144165933132171631e-01
-3.550440073013305664e-02
-3.550037741661071777e-02
-1.779093146324157715e-01
-2.385348081588745117e-01
-2.417722940444946289e-01
-2.416613698005676270e-01
-3.872130513191223145e-01
-6.858133673667907715e-01
-7.072492837905883789e-01
-7.072502374649047852e-01
-7.072502374649047852e-01
-7.072502374649047852e-01
-7.072502374649047852e-01
-7.660959959030151367e-01
-8.301290273666381836e-01
-8.301501274108886719e-01
-6.062837839126586914e-01
-6.063354611396789551e-01
-5.525605082511901855e-01
-6.162872314453125000e-01
-6.088858842849731445e-01
-6.240336298942565918e-01
-6.550285220146179199e-01
-6.483845114707946777e-01
-6.614117026329040527e-01
-6.615179181098937988e-01
-6.487561464309692383e-01
-6.379695534706115723e-01
-5.837830901145935059e-01
-5.821850895881652832e-01
-6.195481419563293457e-01
-6.521666646003723145e-01
-6.601715087890625000e-01
-6.613489389419555664e-01
-6.615097522735595703e-01
-6.615315079689025879e-01
-6.615344882011413574e-01
-6.615348458290100098e-01
-6.615349650382995605e-01
-6.615349650382995605e-01
-6.615349650382995605e-01
-6.615349650382995605e-01
-6.615349650382995605e-01
-6.615349650382995605e-01
-6.487632393836975098e-01
-6.287344098091125488e-01
-6.287344098091125488e-01
-6.615349650382995605e-01
-6.615349650382995605e-01
-6.615349650382995605e-01
-6.615349650382995605e-01
-6.615349650382995605e-01
-6.615349650382995605e-01
-6.615349650382995605e-01
-6.615349650382995605e-01
-6.615349650382995605e-01
-6.615347266197204590e-01
-6.615328192710876465e-01
-6.615122556686401367e-01
-6.613464951515197754e-01
-6.600701808929443359e-01
-6.430620551109313965e-01
-6.419196724891662598e-01
-6.593961119651794434e-01
-6.483244895935058594e-01
-5.551946163177490234e-01
-4.633722305297851562e-01
-3.785004615783691406e-01
-2.696400880813598633e-01
-5.606963634490966797e-01
-5.606945157051086426e-01
-5.734661221504211426e-01
-5.734662413597106934e-01
-5.734662413597106934e-01
-5.606945157051086426e-01
-2.844754457473754883e-01
-5.606945157051086426e-01
-7.383362054824829102e-01
-7.635716199874877930e-01
-8.220673799514770508e-01
-6.821537613868713379e-01
1.881392598152160645e-01
3.229977488517761230e-01
3.230822086334228516e-01
2.124926745891571045e-01
-1.119680404663085938e-01
-1.120273470878601074e-01
1.175348758697509766e-01
1.449206471443176270e-01
1.015320718288421631e-01
1.179140806198120117e-01
2.080201208591461182e-01
-2.194833755493164062e-02
-2.967816591262817383e-02
-8.095997571945190430e-02
-2.195435762405395508e-02
-2.604615688323974609e-02
1.487920582294464111e-01
-7.909637689590454102e-02
-2.283506393432617188e-01
-2.256702184677124023e-01
-2.253009080886840820e-01
-2.252508401870727539e-01
-2.252440452575683594e-01
-8.097067475318908691e-02
-1.320753693580627441e-01
1.441353559494018555e-01
1.769356429576873779e-01
1.769359111785888672e-01
1.769359111785888672e-01
1.769359111785888672e-01
1.780681014060974121e-01
2.408200502395629883e-01
2.199760675430297852e-01
2.470702528953552246e-01
1.087668538093566895e-02
1.843466311693191528e-01
1.911100000143051147e-01
3.154641389846801758e-02
-2.252508401870727539e-01
-2.130428552627563477e-01
-2.594348192214965820e-01
-2.567543983459472656e-01
-2.564272880554199219e-01
-2.769230604171752930e-01
-3.096925020217895508e-01
-2.531272768974304199e-01
-3.060855865478515625e-01
-3.505318164825439453e-01
-3.641142249107360840e-01
-3.650223612785339355e-01
-4.239996671676635742e-01
-4.225389957427978516e-01
-3.909111618995666504e-01
-4.240135550498962402e-01
-2.016074061393737793e-01
-1.545952558517456055e-01
-1.008569002151489258e-01
-9.930077195167541504e-02
-1.243658959865570068e-01
-3.252083063125610352e-01
-3.427126407623291016e-01
-1.191486120223999023e-01
-3.427500128746032715e-01
-3.601644039154052734e-01
-3.924604654312133789e-01
-3.972115516662597656e-01
-4.306626915931701660e-01
-4.307508468627929688e-01
-4.307627677917480469e-01
-1.940933763980865479e-01
-1.940727829933166504e-01
-1.613024175167083740e-01
-1.740741133689880371e-01
-1.740741133689880371e-01
-1.740741133689880371e-01
-3.957858681678771973e-01
-3.979641199111938477e-01
-3.979641199111938477e-01
-4.307646751403808594e-01
-4.307646751403808594e-01
-4.307646751403808594e-01
-3.979641199111938477e-01
-3.979641199111938477e-01
-3.979641199111938477e-01
-3.979787826538085938e-01
-4.307587146759033203e-01
-4.307219386100769043e-01
-3.492143154144287109e-01
-3.431490063667297363e-01
-3.497930169105529785e-01
-5.413478612899780273e-02
-5.413478612899780273e-02
-5.401241779327392578e-02
1.630634665489196777e-01
1.630641818046569824e-01
2.341683804988861084e-01
3.094182014465332031e-01
3.743574917316436768e-01
3.743579387664794922e-01
3.743579387664794922e-01
3.743085265159606934e-01
2.807893157005310059e-01
2.807893157005310059e-01
2.807893157005310059e-01
2.807893157005310059e-01
2.807893157005310059e-01
2.787718176841735840e-01
1.486182212829589844e-01
1.486182212829589844e-01
6.909801959991455078e-01
7.584217190742492676e-01
7.584373354911804199e-01
6.709939837455749512e-01
6.709377765655517578e-01
2.403762340545654297e-01
2.403741776943206787e-01
6.840741634368896484e-01
6.237972974777221680e-01
1.010878682136535645e+00
1.013652801513671875e+00
6.841522455215454102e-01
6.841462254524230957e-01
7.447680234909057617e-01
7.051127552986145020e-01
8.960179090499877930e-01
1.011073946952819824e+00
9.998421072959899902e-01
1.175014257431030273e+00
1.172293305397033691e+00
1.070216655731201172e+00
1.060743689537048340e+00
1.187198400497436523e+00
1.215229034423828125e+00
6.575178503990173340e-01
6.329200267791748047e-01
5.926706194877624512e-01
6.530238389968872070e-01
6.261026859283447266e-01
8.778095841407775879e-01
1.033203125000000000e+00
1.054440736770629883e+00
1.022343039512634277e+00
1.021709442138671875e+00
1.235245227813720703e+00
1.051642417907714844e+00
1.275423765182495117e+00
1.218958497047424316e+00
1.147235751152038574e+00
1.304994940757751465e+00
1.159110069274902344e+00
1.207638859748840332e+00
1.207613110542297363e+00
1.160837650299072266e+00
1.160712599754333496e+00
1.184788465499877930e+00
8.573167324066162109e-01
7.794036865234375000e-01
7.404547333717346191e-01
7.384104132652282715e-01
7.513093352317810059e-01
8.157060146331787109e-01
6.909161806106567383e-01
7.232685089111328125e-01
7.232892513275146484e-01
7.232892513275146484e-01
7.232891321182250977e-01
6.999709010124206543e-01
6.742287278175354004e-01
6.904830932617187500e-01
4.765752553939819336e-01
4.746241569519042969e-01
4.732914566993713379e-01
8.921086788177490234e-03
3.531068563461303711e-02
2.976077795028686523e-02
2.945560216903686523e-02
2.950549125671386719e-02
2.951222658157348633e-02
8.917450904846191406e-03
2.640527486801147461e-02
2.908605337142944336e-02
8.917450904846191406e-03
-3.190338611602783203e-03
8.917689323425292969e-03
-2.211165428161621094e-02
-2.216678857803344727e-02
-2.216708660125732422e-02
-5.496764183044433594e-02
-9.310027956962585449e-02
-7.588505744934082031e-02
-1.156643033027648926e-01
-1.094690859317779541e-01
-1.101318895816802979e-01
-1.324123144149780273e-01
-1.692553758621215820e-01
-1.294164061546325684e-01
-1.692572236061096191e-01
-1.692572534084320068e-01
-1.692572534084320068e-01
-1.692572534084320068e-01
-1.692572534084320068e-01
-1.692572236061096191e-01
-1.692572534084320068e-01
-1.364567279815673828e-01
-1.364566981792449951e-01
-1.673273444175720215e-01
-6.699845194816589355e-02
-6.682437658309936523e-02
-7.480019330978393555e-02
-7.568860054016113281e-02
-6.291693449020385742e-02
-3.011637926101684570e-02
-4.288804531097412109e-02
-3.011637926101684570e-02
-3.011637926101684570e-02
-3.011637926101684570e-02
-3.011637926101684570e-02
-3.023064136505126953e-02
-4.288804531097412109e-02
-4.288804531097412109e-02
-7.568860054016113281e-02
-7.568860054016113281e-02
-7.568860054016113281e-02
-1.155584454536437988e-01
-1.028211116790771484e-01
-8.275997638702392578e-02
-2.156186103820800781e-02
-2.170258760452270508e-02
3.348084688186645508e-01
3.347924351692199707e-01
3.572558164596557617e-01
2.894764840602874756e-01
3.104739189147949219e-01
3.743587136268615723e-01
3.743587136268615723e-01
3.743587136268615723e-01
3.743587136268615723e-01
3.743584752082824707e-01
3.504935204982757568e-01
1.577098965644836426e-01
1.577098965644836426e-01
1.577098965644836426e-01
1.510155200958251953e-01
6.935628652572631836e-01
6.803477406501770020e-01
1.020069956779479980e+00
1.022745370864868164e+00
1.023113965988159180e+00
6.722077131271362305e-01
6.893106698989868164e-01
6.932439804077148438e-01
1.020035743713378906e+00
1.216033697128295898e+00
1.194598436355590820e+00
1.162836313247680664e+00
1.098531126976013184e+00
1.162322402000427246e+00
1.127674460411071777e+00
9.499751925468444824e-01
1.118918657302856445e+00
1.041889905929565430e+00
1.085322260856628418e+00
1.084862232208251953e+00
1.182154178619384766e+00
1.084791302680969238e+00
8.836842775344848633e-01
1.267839431762695312e+00
1.121369481086730957e+00
1.161628723144531250e+00
1.075956821441650391e+00
8.040693998336791992e-01
5.427962541580200195e-01
9.961733818054199219e-01
8.708544373512268066e-01
1.007489919662475586e+00
9.083728790283203125e-01
1.215923547744750977e+00
9.077497720718383789e-01
7.592699527740478516e-01
8.013322353363037109e-01
9.540289640426635742e-01
9.786825180053710938e-01
9.931572079658508301e-01
1.110552787780761719e+00
9.949544668197631836e-01
9.933290481567382812e-01
1.038719892501831055e+00
1.140600442886352539e+00
1.197707533836364746e+00
1.137582182884216309e+00
1.139302968978881836e+00
1.126724004745483398e+00
1.181632518768310547e+00
1.168465971946716309e+00
8.584707975387573242e-01
9.968442916870117188e-01
1.010151624679565430e+00
9.772044420242309570e-01
8.476612567901611328e-01
1.003232598304748535e+00
9.085088968276977539e-01
9.979196786880493164e-01
1.067750573158264160e+00
9.280934333801269531e-01
1.052244186401367188e+00
1.173214912414550781e+00
1.143599987030029297e+00
1.185207128524780273e+00
1.189502239227294922e+00
1.176648497581481934e+00
1.005726695060729980e+00
1.094329118728637695e+00
1.034358978271484375e+00
9.814023375511169434e-01
7.913221120834350586e-01
7.743322849273681641e-01
7.743321061134338379e-01
6.176186203956604004e-01
5.611135959625244141e-01
6.752471923828125000e-01
6.779301762580871582e-01
6.782969236373901367e-01
6.783469915390014648e-01
6.783537268638610840e-01
6.454197764396667480e-01
6.455470919609069824e-01
5.262806415557861328e-01
6.455653905868530273e-01
6.577524542808532715e-01
6.752471923828125000e-01
6.779276132583618164e-01
6.249682903289794922e-01
6.210081577301025391e-01
1.932275295257568359e-01
1.811803281307220459e-01
1.811803281307220459e-01
1.811837553977966309e-01
1.808335185050964355e-01
1.385993361473083496e-01
-2.850377559661865234e-02
-3.596687316894531250e-02
-3.601652383804321289e-02
-3.601691126823425293e-02
-3.600734472274780273e-02
-3.804397583007812500e-02
-3.608095645904541016e-02
-4.807183146476745605e-01
3.695530593395233154e-01
3.693292737007141113e-01
2.757573723793029785e-01
2.757261097431182861e-01
2.757255733013153076e-01
1.441146731376647949e-01
1.435543894767761230e-01
1.435543894767761230e-01
1.435553431510925293e-01
3.615531325340270996e-01
6.547139883041381836e-01
6.476623415946960449e-01
5.787880420684814453e-01
5.788770914077758789e-01
5.877178907394409180e-01
6.286857724189758301e-01
6.509692668914794922e-01
6.242312788963317871e-01
8.447412252426147461e-01
9.726890325546264648e-01
1.177245020866394043e+00
1.165448188781738281e+00
1.132735490798950195e+00
1.142240762710571289e+00
1.161860466003417969e+00
1.057257890701293945e+00
1.187036752700805664e+00
1.196384668350219727e+00
1.213238000869750977e+00
7.369377613067626953e-01
7.282335162162780762e-01
7.736963033676147461e-01
7.316046953201293945e-01
8.068675398826599121e-01
7.740669846534729004e-01
7.740668654441833496e-01
6.870415210723876953e-01
6.851588487625122070e-01
6.851588487625122070e-01
7.179348468780517578e-01
6.851588487625122070e-01
6.851588487625122070e-01
6.851588487625122070e-01
2.790807187557220459e-01
2.684833407402038574e-01
2.754131853580474854e-01
3.386738002300262451e-01
3.479494452476501465e-01
3.480076193809509277e-01
6.533022522926330566e-01
6.511521339416503906e-01
8.931156396865844727e-01
1.036116123199462891e+00
1.041954636573791504e+00
1.181482076644897461e+00
1.183509826660156250e+00
1.182915449142456055e+00
1.063807845115661621e+00
9.998552203178405762e-01
1.024754166603088379e+00
1.030235171318054199e+00
1.170388102531433105e+00
1.177784442901611328e+00
1.126717567443847656e+00
8.035597801208496094e-01
7.366922497749328613e-01
7.470511794090270996e-01
7.245509028434753418e-01
7.754583358764648438e-01
7.789565920829772949e-01
6.900209188461303711e-01
6.876198053359985352e-01
6.901639699935913086e-01
6.901956796646118164e-01
2.667488455772399902e-01
1.181321740150451660e-01
1.075346469879150391e-01
5.966019630432128906e-02
1.272562742233276367e-01
1.976299285888671875e-01
1.600565910339355469e-01
1.272661685943603516e-01
1.272567510604858398e-01
1.272258758544921875e-01
1.172449588775634766e-01
1.862390637397766113e-01
1.580043435096740723e-01
1.273279190063476562e-01
1.802779436111450195e-01
1.187383532524108887e-01
1.394615769386291504e-01
1.394615769386291504e-01
1.394615769386291504e-01
2.072814106941223145e-01
2.397877275943756104e-01
6.628013849258422852e-01
6.500499248504638672e-01
6.500499248504638672e-01
6.675381660461425781e-01
6.702185869216918945e-01
6.377933621406555176e-01
6.378374099731445312e-01
6.372852325439453125e-01
6.378450989723205566e-01
6.378452181816101074e-01
6.172493696212768555e-01
6.675381660461425781e-01
6.579550504684448242e-01
1.600216627120971680e-01
6.500499248504638672e-01
6.500499248504638672e-01
6.282265186309814453e-01
6.675381660461425781e-01
6.702185869216918945e-01
6.705878973007202148e-01
6.442518830299377441e-01
6.378440856933593750e-01
6.378368139266967773e-01
6.364073157310485840e-01
4.206481575965881348e-01
4.206479787826538086e-01
4.206479787826538086e-01
-4.337221384048461914e-02
-4.223519563674926758e-02
-1.092821359634399414e-02
-4.361540079116821289e-02
1.101002097129821777e-01
-5.637818574905395508e-02
-4.372596740722656250e-02
-1.127028465270996094e-02
-6.994646787643432617e-02
5.951011180877685547e-02
-5.732363462448120117e-02
-7.481020689010620117e-02
-7.481020689010620117e-02
-1.027477979660034180e-01
-4.372596740722656250e-02
-1.024529337882995605e-01
-4.372596740722656250e-02
-4.372596740722656250e-02
-4.398947954177856445e-02
-4.372596740722656250e-02
-4.381954669952392578e-02
-8.903962373733520508e-02
-1.027478873729705811e-01
-1.027562916278839111e-01
-1.666333675384521484e-01
-1.665088534355163574e-01
-1.339784860610961914e-01
-1.671198010444641113e-01
-2.128375768661499023e-01
-2.199429869651794434e-01
-2.217311859130859375e-01
-2.218777537345886230e-01
-2.218976020812988281e-01
-1.890997290611267090e-01
-2.218281626701354980e-01
-2.091289758682250977e-01
-1.891001462936401367e-01
-1.890997886657714844e-01
-1.891001462936401367e-01
-2.219007015228271484e-01
-2.219007015228271484e-01
-2.219007015228271484e-01
-2.219007015228271484e-01
-2.219007015228271484e-01
-1.891001462936401367e-01
-1.891001462936401367e-01
-2.219007015228271484e-01
-2.219005823135375977e-01
-2.202339172363281250e-01
-1.283321380615234375e-01
-1.155603528022766113e-01
-1.109003126621246338e-01
-8.275979757308959961e-02
-8.275979757308959961e-02
-1.716643571853637695e-01
-1.891001462936401367e-01
-1.157736778259277344e-01
-1.155603528022766113e-01
-1.155603528022766113e-01
-1.155603528022766113e-01
-1.155603528022766113e-01
-1.155603528022766113e-01
-5.653852224349975586e-02
-9.607136249542236328e-03
1.606587171554565430e-01
1.606627702713012695e-01
2.158802151679992676e-01
2.891425490379333496e-01
3.101852536201477051e-01
3.238612115383148193e-01
2.092742621898651123e-01
2.093657851219177246e-01
1.482442021369934082e-01
1.951074004173278809e-01
2.149899005889892578e-01
1.085797548294067383e-01
1.659451425075531006e-01
2.279051542282104492e-01
1.728679239749908447e-01
5.864375233650207520e-01
1.554776132106781006e-01
1.882151365280151367e-01
5.862090587615966797e-01
1.143475770950317383e-01
2.242623269557952881e-01
5.461122989654541016e-01
5.888070464134216309e-01
5.861653089523315430e-01
6.034880876541137695e-01
1.850113868713378906e-01
1.551587283611297607e-01
5.399150252342224121e-01
8.551678657531738281e-01
1.079006552696228027e+00
8.611510992050170898e-01
5.721879005432128906e-01
1.117931365966796875e+00
1.098965644836425781e+00
6.438653469085693359e-01
6.840344667434692383e-01
7.353473901748657227e-01
7.300253510475158691e-01
7.516139149665832520e-01
7.363678216934204102e-01
6.861752867698669434e-01
7.230263948440551758e-01
7.063251733779907227e-01
8.115863800048828125e-01
4.732639789581298828e-01
5.151689052581787109e-01
7.226517796516418457e-01
7.021012902259826660e-01
5.023920536041259766e-01
5.927590131759643555e-01
6.681720614433288574e-01
1.253159046173095703e-01
1.410452723503112793e-01
1.394210457801818848e-01
2.713683247566223145e-01
2.713379561901092529e-01
2.713338434696197510e-01
3.319463431835174561e-01
3.319492936134338379e-01
3.410431146621704102e-01
6.665154695510864258e-01
1.020074844360351562e+00
1.022723436355590820e+00
6.932235956192016602e-01
5.926012396812438965e-01
6.932195425033569336e-01
1.039302349090576172e+00
1.022734761238098145e+00
1.024368524551391602e+00
1.216436147689819336e+00
8.479908704757690430e-01
8.985224366188049316e-01
7.214256525039672852e-01
9.379673004150390625e-01
1.178530216217041016e+00
1.131622672080993652e+00
9.900074601173400879e-01
9.690393209457397461e-01
9.947539567947387695e-01
9.952375292778015137e-01
1.015448331832885742e+00
7.483541965484619141e-01
7.259908914566040039e-01
5.280815958976745605e-01
5.954862833023071289e-01
3.803026080131530762e-01
6.904865503311157227e-01
1.184249520301818848e-01
6.300199031829833984e-01
6.475521922111511230e-01
6.361994147300720215e-01
2.489022910594940186e-01
1.834220886230468750e-01
1.861603260040283203e-01
1.826626360416412354e-01
1.140747368335723877e-01
7.679814100265502930e-02
5.536881089210510254e-02
-3.092837333679199219e-02
-3.095209598541259766e-02
-3.095352649688720703e-02
-3.095358610153198242e-02
-3.095358610153198242e-02
-3.095358610153198242e-02
-3.095358610153198242e-02
-3.095358610153198242e-02
-3.095358610153198242e-02
-2.467902898788452148e-01
-2.297899127006530762e-01
-2.448864579200744629e-01
-2.467908263206481934e-01
-2.467908263206481934e-01
-2.467917203903198242e-01
-2.883937358856201172e-01
-3.106984496116638184e-01
-2.780691981315612793e-01
-3.400374650955200195e-01
-3.829749822616577148e-01
-4.236387014389038086e-01
-4.247933030128479004e-01
-4.249423146247863770e-01
-4.249624013900756836e-01
-4.249647855758666992e-01
-4.249655604362487793e-01
-4.249656200408935547e-01
-4.249656200408935547e-01
-4.249656200408935547e-01
-3.946216702461242676e-01
-3.921650648117065430e-01
-3.921650648117065430e-01
-3.921650648117065430e-01
-1.965301036834716797e-01
-1.027879714965820312e-01
-1.133854389190673828e-01
-1.150097250938415527e-01
-1.240314841270446777e-01
-1.240618824958801270e-01
-1.240659952163696289e-01
-1.240665316581726074e-01
-1.165401041507720947e-01
-2.216089367866516113e-01
-2.216089367866516113e-01
-2.220908999443054199e-01
-4.374461770057678223e-01
-4.374462366104125977e-01
-4.374462366104125977e-01
-4.374461174011230469e-01
-4.374338388442993164e-01
-4.192125797271728516e-01
-3.523666858673095703e-01
-3.447104692459106445e-01
-3.438940048217773438e-01
-3.386186957359313965e-01
-3.532816171646118164e-01
-3.111150264739990234e-01
-1.291628181934356689e-01
-1.280402839183807373e-01
-1.280402839183807373e-01
-1.280402839183807373e-01
-1.280464828014373779e-01
-3.438775539398193359e-01
-3.438770771026611328e-01
-3.169005513191223145e-01
-3.434582352638244629e-01
-3.430242538452148438e-01
-3.413611650466918945e-01
-3.352059125900268555e-01
-3.350131511688232422e-01
-3.350131511688232422e-01
-3.350131511688232422e-01
-3.350131511688232422e-01
-3.350131511688232422e-01
-3.350131511688232422e-01
-3.350131511688232422e-01
-3.350131511688232422e-01
-3.350131511688232422e-01
-3.350131511688232422e-01
-3.350131511688232422e-01
-3.350131511688232422e-01
-3.350082635879516602e-01
-1.860051453113555908e-01
-1.192014813423156738e-01
-1.178234815597534180e-01
-1.178159117698669434e-01
-1.178159117698669434e-01
-1.178159117698669434e-01
-1.178159117698669434e-01
-1.178159117698669434e-01
1.107930541038513184e-01
3.330277204513549805e-01
2.986795306205749512e-01
2.341661453247070312e-01
2.341660857200622559e-01
2.341660857200622559e-01
2.341660857200622559e-01
2.341660857200622559e-01
2.341660857200622559e-01
2.341660857200622559e-01
2.341660857200622559e-01
2.341727018356323242e-01
3.030059933662414551e-01
3.742797374725341797e-01
3.743575215339660645e-01
3.743575215339660645e-01
3.743575215339660645e-01
3.743575215339660645e-01
3.743575215339660645e-01
2.807888388633728027e-01
1.486177444458007812e-01
1.486177444458007812e-01
1.486177444458007812e-01
1.486177444458007812e-01
6.610981822013854980e-01
6.621596813201904297e-01
6.696915626525878906e-01
6.707677841186523438e-01
6.709145307540893555e-01
6.599475741386413574e-01
5.802949666976928711e-01
8.341320753097534180e-01
9.080643057823181152e-01
9.066431522369384766e-01
9.080879688262939453e-01
1.079572558403015137e+00
1.053125381469726562e+00
1.052664995193481445e+00
1.052602529525756836e+00
1.127855777740478516e+00
1.052594900131225586e+00
1.074288129806518555e+00
1.053825616836547852e+00
9.240226149559020996e-01
9.221972227096557617e-01
9.221972227096557617e-01
9.277839064598083496e-01
1.011097431182861328e+00
1.056303262710571289e+00
1.042657375335693359e+00
1.102204799652099609e+00
1.200968027114868164e+00
8.429273366928100586e-01
8.438889980316162109e-01
7.821914553642272949e-01
1.201875686645507812e+00
1.124817728996276855e+00
1.223365187644958496e+00
1.125383377075195312e+00
1.125392556190490723e+00
1.080381393432617188e+00
1.034117102622985840e+00
9.922206401824951172e-01
9.896870255470275879e-01
9.889388084411621094e-01
8.954392671585083008e-01
7.107090353965759277e-01
7.301715016365051270e-01
1.020992159843444824e+00
1.039656162261962891e+00
8.399100303649902344e-01
9.276910424232482910e-01
1.033760309219360352e+00
8.406894803047180176e-01
8.625047206878662109e-01
1.109112262725830078e+00
8.875030279159545898e-01
1.037774085998535156e+00
9.775174260139465332e-01
9.774526357650756836e-01
9.774438738822937012e-01
8.269160985946655273e-01
6.101308465003967285e-01
4.843070507049560547e-01
8.863884210586547852e-01
8.751130104064941406e-01
4.164769053459167480e-01
5.306382179260253906e-01
5.306025743484497070e-01
6.058579683303833008e-01
5.026755332946777344e-01
5.294423103332519531e-01
5.157991647720336914e-01
6.543432474136352539e-01
4.829989373683929443e-01
4.829986393451690674e-01
4.830021262168884277e-01
4.830003082752227783e-01
4.829986393451690674e-01
4.825517833232879639e-01
3.979733586311340332e-02
3.922048211097717285e-02
3.922048211097717285e-02
3.922048211097717285e-02
3.922048211097717285e-02
3.922027349472045898e-02
3.903311491012573242e-02
2.444446086883544922e-03
-6.649529933929443359e-02
1.053249835968017578e-02
3.398679494857788086e-01
3.384722173213958740e-01
3.382484316825866699e-01
3.382180631160736084e-01
1.580111384391784668e-01
1.002337634563446045e-01
1.796996891498565674e-01
1.330343186855316162e-01
1.330343186855316162e-01
1.330342590808868408e-01
1.793206632137298584e-01
1.464838683605194092e-01
1.639763712882995605e-01
1.666509509086608887e-01
1.464838683605194092e-01
1.464152038097381592e-01
1.974422037601470947e-01
1.355711817741394043e-01
1.951415836811065674e-01
1.464838683605194092e-01
1.464867889881134033e-01
1.534435749053955078e-01
1.328878402709960938e-01
1.355682611465454102e-01
1.154676973819732666e-01
1.154426038265228271e-01
1.421561539173126221e-01
1.464481651782989502e-01
1.308640241622924805e-01
7.082071900367736816e-02
-2.959510684013366699e-02
-3.157439827919006348e-02
-3.167551755905151367e-02
-3.168880939483642578e-02
-3.169059753417968750e-02
6.585097312927246094e-02
2.483574748039245605e-01
3.376665115356445312e-01
3.382133245468139648e-01
3.382133245468139648e-01
3.382133245468139648e-01
3.382133245468139648e-01
3.382133245468139648e-01
3.381962776184082031e-01
2.446480393409729004e-01
2.446449995040893555e-01
2.537378966808319092e-01
2.561557590961456299e-01
3.171102702617645264e-01
3.009158372879028320e-01
1.382869482040405273e-01
6.338327527046203613e-01
1.062765240669250488e+00
1.188039779663085938e+00
1.208759188652038574e+00
7.413464188575744629e-01
9.137059450149536133e-01
9.144889712333679199e-01
7.205411195755004883e-01
6.877489686012268066e-01
7.550644874572753906e-01
6.925001144409179688e-01
7.224997878074645996e-01
7.223654389381408691e-01
1.304734051227569580e-01
1.409129500389099121e-01
1.392887234687805176e-01
1.598488092422485352e-01
6.498771905899047852e-01
6.391389369964599609e-01
6.061396002769470215e-01
6.703502535820007324e-01
6.704003214836120605e-01
6.704071164131164551e-01
6.704080104827880859e-01
6.703439354896545410e-01
6.333810091018676758e-01
6.704081296920776367e-01
6.703392267227172852e-01
2.266537547111511230e-01
1.938294768333435059e-01
2.266300320625305176e-01
1.627452969551086426e-01
1.627452969551086426e-01
1.627452969551086426e-01
1.627161502838134766e-01
1.934782862663269043e-01
8.663588762283325195e-02
7.601121068000793457e-02
7.008111476898193359e-02
5.410513281822204590e-02
4.893624782562255859e-02
-4.940629005432128906e-03
-4.941046237945556641e-03
-4.941076040267944336e-03
-4.941105842590332031e-03
-4.941105842590332031e-03
-4.941105842590332031e-03
-4.941105842590332031e-03
-4.941046237945556641e-03
-4.936665296554565430e-03
-4.427284002304077148e-03
3.070116043090820312e-03
1.960712671279907227e-02
9.010070562362670898e-02
1.214259266853332520e-01
2.943688631057739258e-02
2.830451726913452148e-02
1.158193945884704590e-01
1.214327216148376465e-01
1.302787363529205322e-01
9.749197959899902344e-02
9.749197959899902344e-02
9.749197959899902344e-02
9.749197959899902344e-02
9.749197959899902344e-02
9.749197959899902344e-02
9.749197959899902344e-02
9.749197959899902344e-02
1.377561092376708984e-01
9.241181612014770508e-02
2.334432005882263184e-01
2.334426641464233398e-01
2.612581253051757812e-01
2.510798275470733643e-01
2.839166820049285889e-01
3.893311023712158203e-01
1.635917127132415771e-01
1.635914146900177002e-01
1.307908892631530762e-01
6.297981739044189453e-02
1.268557906150817871e-01
1.268557906150817871e-01
1.268557906150817871e-01
1.356615424156188965e-01
1.356537938117980957e-01
1.679447293281555176e-01
9.179791808128356934e-02
1.601529717445373535e-01
2.022742629051208496e-01
1.495397984981536865e-01
1.228832900524139404e-01
2.147044837474822998e-01
1.508196890354156494e-01
1.686357557773590088e-01
1.711774170398712158e-01
2.199071347713470459e-01
1.819037795066833496e-01
1.507319509983062744e-01
1.682431995868682861e-01
1.507518589496612549e-01
9.179791808128356934e-02
9.179791808128356934e-02
6.660971045494079590e-02
1.228820979595184326e-01
5.899736285209655762e-02
5.902215838432312012e-02
5.899736285209655762e-02
1.356442570686340332e-01
1.268557906150817871e-01
1.268531084060668945e-01
7.176905870437622070e-02
1.045696139335632324e-01
1.045696139335632324e-01
1.045696139335632324e-01
1.044242382049560547e-01
1.356537938117980957e-01
6.783401966094970703e-02
6.783401966094970703e-02
1.206227838993072510e-01
1.228824555873870850e-01
1.818391978740692139e-01
1.993274092674255371e-01
2.020075321197509766e-01
2.021785676479339600e-01
1.662504076957702637e-01
1.093565821647644043e-01
3.010842204093933105e-02
7.487761974334716797e-02
1.216626167297363281e-02
8.425694704055786133e-02
1.246580183506011963e-01
1.307804584503173828e-01
1.307908892631530762e-01
1.307908892631530762e-01
1.564452052116394043e-01
3.736304342746734619e-01
3.736339807510375977e-01
3.736338615417480469e-01
2.800653278827667236e-01
1.478942334651947021e-01
6.789886951446533203e-02
6.783407926559448242e-02
7.220867276191711426e-02
1.140839755535125732e-01
6.783401966094970703e-02
1.470148265361785889e-01
2.308018505573272705e-01
2.800653278827667236e-01
2.854572236537933350e-01
2.908443510532379150e-01
3.524577617645263672e-01
3.525406122207641602e-01
2.760683596134185791e-01
6.635872125625610352e-01
6.665229797363281250e-01
7.682397961616516113e-01
9.556623697280883789e-01
1.166690587997436523e+00
1.186158657073974609e+00
9.218249917030334473e-01
7.335805892944335938e-01
7.374438047409057617e-01
7.374438047409057617e-01
7.374438047409057617e-01
7.863660454750061035e-01
6.898833513259887695e-01
7.226485013961791992e-01
7.226485013961791992e-01
7.226325273513793945e-01
2.584516406059265137e-01
2.582744956016540527e-01
2.582747340202331543e-01
2.254740595817565918e-01
2.254739403724670410e-01
2.254732549190521240e-01
1.305560469627380371e-01
1.199590563774108887e-01
1.183342933654785156e-01
2.120946049690246582e-01
2.059621810913085938e-01
6.496765017509460449e-01
6.672254800796508789e-01
6.699059009552001953e-01
6.702752113342285156e-01
6.703214645385742188e-01
6.674085855484008789e-01
2.059435248374938965e-01
1.180801391601562500e-01
2.211009860038757324e-01
1.391139030456542969e-01
2.069335877895355225e-01
2.397341728210449219e-01
2.397341728210449219e-01
2.397341728210449219e-01
2.397341728210449219e-01
6.497021913528442383e-01
6.671903729438781738e-01
6.698686480522155762e-01
6.539093255996704102e-01
6.678818464279174805e-01
6.702860593795776367e-01
6.702747344970703125e-01
6.702919006347656250e-01
6.702971458435058594e-01
6.374973058700561523e-01
6.374974250793457031e-01
6.374974250793457031e-01
6.374974250793457031e-01
6.374974250793457031e-01
6.374980807304382324e-01
6.375683546066284180e-01
6.374973058700561523e-01
1.937195658683776855e-01
1.937193274497985840e-01
5.905327200889587402e-02
1.180753707885742188e-01
1.180753707885742188e-01
1.858952045440673828e-01
2.186909317970275879e-01
1.584562957286834717e-01
1.596739590167999268e-01
1.596714854240417480e-01
1.180754303932189941e-01
1.180753707885742188e-01
1.180753707885742188e-01
6.226935386657714844e-01
6.497021913528442383e-01
1.594753861427307129e-01
1.596739590167999268e-01
5.010474324226379395e-01
6.671903729438781738e-01
6.698707938194274902e-01
6.374394893646240234e-01
6.374890804290771484e-01
6.374964118003845215e-01
6.646511554718017578e-01
6.327675580978393555e-01
6.702979803085327148e-01
2.367568314075469971e-01
2.270486354827880859e-01
2.265198826789855957e-01
2.088181972503662109e-01
1.937193274497985840e-01
1.936994194984436035e-01
1.731234192848205566e-01
1.845931112766265869e-01
1.638104915618896484e-01
1.727630198001861572e-01
1.731819808483123779e-01
1.906166076660156250e-01
1.450874805450439453e-01
1.026376485824584961e-01
6.298863887786865234e-02
5.655762553215026855e-02
5.419063568115234375e-02
1.240638494491577148e-01
1.548109948635101318e-01
1.548109948635101318e-01
1.548109948635101318e-01
1.243547201156616211e-01
1.466688513755798340e-01
1.596739292144775391e-01
1.468992233276367188e-01
2.034535109996795654e-01
2.226003706455230713e-01
2.260775566101074219e-01
2.264592349529266357e-01
1.731234788894653320e-01
1.731234788894653320e-01
1.141016483306884766e-01
8.301836252212524414e-02
8.301746845245361328e-02
1.548109948635101318e-01
1.548109948635101318e-01
8.301746845245361328e-02
2.058883309364318848e-01
1.731234788894653320e-01
1.906116604804992676e-01
1.728175580501556396e-01
1.731234788894653320e-01
2.224699258804321289e-01
1.622188091278076172e-01
1.625946462154388428e-01
1.626419723033905029e-01
1.131671071052551270e-01
1.140788793563842773e-01
1.180753707885742188e-01
1.180753707885742188e-01
1.180753707885742188e-01
1.180753707885742188e-01
1.180753707885742188e-01
1.180753707885742188e-01
1.731234788894653320e-01
1.141018867492675781e-01
1.180753707885742188e-01
3.737179636955261230e-01
3.737120032310485840e-01
3.737179636955261230e-01
3.737179636955261230e-01
2.801493406295776367e-01
3.407651185989379883e-01
3.407652676105499268e-01
3.498591780662536621e-01
3.522763848304748535e-01
3.526468276977539062e-01
6.221261620521545410e-01
7.838796377182006836e-01
1.108756303787231445e+00
1.049214839935302734e+00
1.049219608306884766e+00
6.945160627365112305e-01
8.135393857955932617e-01
9.463515281677246094e-01
1.045792102813720703e+00
1.042355179786682129e+00
1.042397499084472656e+00
1.021634101867675781e+00
1.062321066856384277e+00
1.255102872848510742e+00
9.652960300445556641e-01
1.007174968719482422e+00
1.098522782325744629e+00
9.991733431816101074e-01
1.009005188941955566e+00
1.057727575302124023e+00
8.353435993194580078e-01
8.381338119506835938e-01
1.002618670463562012e+00
8.049511909484863281e-01
9.428961873054504395e-01
1.135314226150512695e+00
1.172285199165344238e+00
1.169911384582519531e+00
1.059730291366577148e+00
1.063329219818115234e+00
1.172181367874145508e+00
1.191783785820007324e+00
1.201042890548706055e+00
7.648561000823974609e-01
8.185740709304809570e-01
1.195444107055664062e+00
7.280302047729492188e-01
7.793968319892883301e-01
6.905108690261840820e-01
7.369349598884582520e-01
8.120109438896179199e-01
7.232894301414489746e-01
7.232892513275146484e-01
7.232892513275146484e-01
7.232892513275146484e-01
7.232892513275146484e-01
6.904886960983276367e-01
5.763517618179321289e-01
1.184272170066833496e-01
6.157791614532470703e-02
6.364030241966247559e-01
6.723924279212951660e-01
6.727640032768249512e-01
6.728143692016601562e-01
2.043823003768920898e-01
1.962434649467468262e-01
1.962435841560363770e-01
1.962436139583587646e-01
1.756061613559722900e-01
1.756477355957031250e-01
1.756477355957031250e-01
1.756477355957031250e-01
1.756477355957031250e-01
1.756477355957031250e-01
1.756472885608673096e-01
1.166259050369262695e-01
1.756471395492553711e-01
1.496773362159729004e-01
1.080480813980102539e-01
1.062231063842773438e-01
1.166251897811889648e-01
1.166259050369262695e-01
1.166257858276367188e-01
1.166251599788665771e-01
1.137590408325195312e-01
5.294656753540039062e-02
4.973059892654418945e-02
6.481507420539855957e-02
5.966788530349731445e-02
5.665001273155212402e-02
-2.505958080291748047e-03
-2.524137496948242188e-03
6.738132238388061523e-02
3.027364611625671387e-02
3.027361631393432617e-02
8.739799261093139648e-03
9.316694736480712891e-02
3.430837392807006836e-02
8.365929126739501953e-03
2.839478850364685059e-02
2.839478850364685059e-02
-3.773778676986694336e-03
-4.405766725540161133e-03
-4.405766725540161133e-03
-4.405766725540161133e-03
-4.405766725540161133e-03
-4.405766725540161133e-03
2.839478850364685059e-02
4.739585518836975098e-02
1.176559925079345703e-01
1.019342541694641113e-01
1.019304394721984863e-01
1.019226908683776855e-01
2.839067578315734863e-02
2.839067578315734863e-02
2.839067578315734863e-02
2.839067578315734863e-02
-4.409611225128173828e-03
8.823573589324951172e-03
1.019299030303955078e-01
2.341673374176025391e-01
2.341673374176025391e-01
2.341673374176025391e-01
3.069844543933868408e-01
3.398713767528533936e-01
3.398713767528533936e-01
1.686542034149169922e-01
2.463064789772033691e-01
3.169022202491760254e-01
3.175256848335266113e-01
1.853546202182769775e-01
2.462573647499084473e-01
2.202732563018798828e-01
1.458770632743835449e-01
2.393240630626678467e-01
2.890269458293914795e-01
2.830324172973632812e-01
1.581725478172302246e-01
6.013531684875488281e-01
6.572003364562988281e-01
9.174804687500000000e-01
1.190337657928466797e+00
1.180179834365844727e+00
1.264679670333862305e+00
1.171600461006164551e+00
1.219668030738830566e+00
1.217574238777160645e+00
1.170723199844360352e+00
1.196394920349121094e+00
7.352260351181030273e-01
7.352260351181030273e-01
7.352260351181030273e-01
7.352260351181030273e-01
7.352259755134582520e-01
7.124241590499877930e-01
7.484403848648071289e-01
7.085705399513244629e-01
3.697061538696289062e-01
8.702709674835205078e-01
8.677408099174499512e-01
1.034126639366149902e+00
1.023274421691894531e+00
1.022016286849975586e+00
1.022003889083862305e+00
1.061790466308593750e+00
7.303526401519775391e-01
8.867224454879760742e-01
1.028502702713012695e+00
1.027878403663635254e+00
1.063301682472229004e+00
1.164683103561401367e+00
1.239813089370727539e+00
1.239812850952148438e+00
9.708297252655029297e-01
1.250730276107788086e+00
1.113998532295227051e+00
1.114367485046386719e+00
1.045215964317321777e+00
1.068625211715698242e+00
1.043535232543945312e+00
8.935372829437255859e-01
8.935468196868896484e-01
8.935433626174926758e-01
9.637697935104370117e-01
1.103999495506286621e+00
9.534470438957214355e-01
1.130124449729919434e+00
1.124844193458557129e+00
1.049219369888305664e+00
1.121146917343139648e+00
1.049320220947265625e+00
1.178858280181884766e+00
1.162085056304931641e+00
1.204864740371704102e+00
1.218897819519042969e+00
1.239240884780883789e+00
7.366030216217041016e-01
9.303940534591674805e-01
8.274322748184204102e-01
7.694048881530761719e-01
6.217754483222961426e-01
6.896669268608093262e-01
1.610451936721801758e-01
5.788863897323608398e-01
6.292124986648559570e-01
6.274996399879455566e-01
6.795012354850769043e-01
6.137958168983459473e-01
6.620130538940429688e-01
6.795012354850769043e-01
6.821817159652709961e-01
6.825509667396545410e-01
6.826010942459106445e-01
6.820982694625854492e-01
6.498081684112548828e-01
6.497999429702758789e-01
6.249358654022216797e-01
1.872081160545349121e-01
1.854343712329864502e-01
1.854343712329864502e-01
1.854343712329864502e-01
1.854343712329864502e-01
6.170105934143066406e-02
1.181644797325134277e-01
1.179407238960266113e-01
1.267083287239074707e-01
6.670111417770385742e-01
6.697057485580444336e-01
4.980108737945556641e-01
1.856925785541534424e-01
1.857254803180694580e-01
2.204869985580444336e-01
3.735346794128417969e-01
2.799795269966125488e-01
2.799795269966125488e-01
1.549210548400878906e-01
1.478084325790405273e-01
5.873090624809265137e-01
6.691339015960693359e-01
6.700199246406555176e-01
6.701141595840454102e-01
6.495383381843566895e-01
6.833432316780090332e-01
6.670214533805847168e-01
6.833469271659851074e-01
7.434968352317810059e-01
7.351877689361572266e-01
7.719601988792419434e-01
7.361338734626770020e-01
7.247706651687622070e-01
7.224895954132080078e-01
7.224895954132080078e-01
7.224895954132080078e-01
6.896890401840209961e-01
6.896890401840209961e-01
7.224495410919189453e-01
7.224103212356567383e-01
2.787114977836608887e-01
2.580632567405700684e-01
1.662932932376861572e-01
1.303972005844116211e-01
1.197996735572814941e-01
1.549110710620880127e-01
1.546872556209564209e-01
9.566533565521240234e-02
8.289438486099243164e-02
9.566557407379150391e-02
2.041210830211639404e-01
2.058025300502777100e-01
6.670380234718322754e-01
6.369346380233764648e-01
1.935394406318664551e-01
3.342607021331787109e-01
2.263950705528259277e-01
1.935954391956329346e-01
1.935955584049224854e-01
1.936516165733337402e-01
1.935146450996398926e-01
1.729996800422668457e-01
1.269307136535644531e-01
1.356086432933807373e-01
4.973423480987548828e-02
1.181514859199523926e-01
3.278135061264038086e-01
3.735591769218444824e-01
3.735591173171997070e-01
3.735591173171997070e-01
2.799904942512512207e-01
1.478193998336791992e-01
1.355789303779602051e-01
2.146296501159667969e-01
2.146296501159667969e-01
1.508414149284362793e-01
1.044947504997253418e-01
1.044948697090148926e-01
5.877712368965148926e-01
6.034656167030334473e-01
6.058710217475891113e-01
6.062023639678955078e-01
6.062473654747009277e-01
6.062534451484680176e-01
6.062542200088500977e-01
6.699356436729431152e-01
1.729646921157836914e-01
1.724649667739868164e-01
1.467438638210296631e-01
2.057651877403259277e-01
1.467648148536682129e-01
1.726444065570831299e-01
1.149073243141174316e-01
1.267145276069641113e-01
2.056966722011566162e-01
2.057651877403259277e-01
2.057644426822662354e-01
1.139431595802307129e-01
1.267145276069641113e-01
1.454213261604309082e-01
1.139429211616516113e-01
5.889475345611572266e-02
4.619199037551879883e-02
4.612439870834350586e-02
5.889475345611572266e-02
1.444124579429626465e-01
1.346434056758880615e-01
4.675191640853881836e-02
1.614204049110412598e-01
1.719263195991516113e-01
1.052569746971130371e-01
4.612302780151367188e-02
1.729646325111389160e-01
1.729535758495330811e-01
5.889475345611572266e-02
1.139428019523620605e-01
6.084040999412536621e-01
2.259336113929748535e-01
2.257740199565887451e-01
1.934711337089538574e-01
1.935483813285827637e-01
1.729646325111389160e-01
1.139428019523620605e-01
1.729637980461120605e-01
1.139378547668457031e-01
1.139575839042663574e-01
1.139428019523620605e-01
1.701362431049346924e-01
1.088903546333312988e-01
5.365771055221557617e-02
5.005800724029541016e-02
1.137672662734985352e-01
8.733081817626953125e-02
2.365410327911376953e-03
-4.053175449371337891e-03
-5.052804946899414062e-03
-5.188763141632080078e-03
7.564604282379150391e-03
6.278860569000244141e-02
9.563034772872924805e-02
1.422759592533111572e-01
1.171001195907592773e-01
9.563034772872924805e-02
8.285760879516601562e-02
5.005806684494018555e-02
5.804318189620971680e-02
6.285613775253295898e-02
5.005806684494018555e-02
5.005782842636108398e-02
5.004870891571044922e-02
4.974263906478881836e-02
5.648523569107055664e-02
6.911259889602661133e-02
-3.283262252807617188e-03
-4.783034324645996094e-03
-5.141198635101318359e-03
-5.198180675506591797e-03
-3.607511520385742188e-03
2.759420871734619141e-02
2.759158611297607422e-02
2.759063243865966797e-02
2.758288383483886719e-02
-5.210101604461669922e-03
-5.210101604461669922e-03
-5.210101604461669922e-03
-5.210101604461669922e-03
-5.210101604461669922e-03
1.601316928863525391e-01
2.150573134422302246e-01
2.480736672878265381e-01
1.546772420406341553e-01
1.546521484851837158e-01
1.224481463432312012e-01
5.758464336395263672e-02
3.646945357322692871e-01
3.735591173171997070e-01
2.806662917137145996e-01
2.298059761524200439e-01
2.143730521202087402e-01
1.478193998336791992e-01
1.478195190429687500e-01
6.516566276550292969e-01
6.673504114151000977e-01
6.697558164596557617e-01
6.496531963348388672e-01
2.380002140998840332e-01
2.395246922969818115e-01
6.033545732498168945e-01
6.058270931243896484e-01
6.059697866439819336e-01
5.984302759170532227e-01
5.984262228012084961e-01
5.127848386764526367e-01
1.075667858123779297e+00
1.075006484985351562e+00
1.074991822242736816e+00
1.152443885803222656e+00
1.013269424438476562e+00
1.012932419776916504e+00
6.885532140731811523e-01
6.509595513343811035e-01
6.859984993934631348e-01
6.880431175231933594e-01
6.128196120262145996e-01
6.460179686546325684e-01
7.092813253402709961e-01
7.094668149948120117e-01
7.085156440734863281e-01
5.404027700424194336e-01
5.552890300750732422e-01
1.115311384201049805e-01
3.046206235885620117e-01
3.046621680259704590e-01
3.046677708625793457e-01
3.045721948146820068e-01
7.733584642410278320e-01
7.396265268325805664e-01
7.759997248649597168e-01
7.818961739540100098e-01
7.998474240303039551e-01
1.146938562393188477e+00
1.152171254158020020e+00
7.918136119842529297e-01
7.790036201477050781e-01
8.931739330291748047e-01
1.136581897735595703e+00
1.135588884353637695e+00
9.954227209091186523e-01
1.033792257308959961e+00
1.019263029098510742e+00
9.360258579254150391e-01
1.098626971244812012e+00
1.139594197273254395e+00
1.016443848609924316e+00
9.371881484985351562e-01
9.054200649261474609e-01
9.031616449356079102e-01
9.290536642074584961e-01
9.872393012046813965e-01
9.960893392562866211e-01
1.012049317359924316e+00
9.950541853904724121e-01
7.167086601257324219e-01
5.236218571662902832e-01
4.999778270721435547e-01
3.079653680324554443e-01
6.999150514602661133e-01
1.351176500320434570e-01
1.174011230468750000e-01
1.156831979751586914e-01
1.182191371917724609e-01
1.183183789253234863e-01
1.160501241683959961e-01
1.189327239990234375e-01
1.154142618179321289e-01
1.153750419616699219e-01
1.153714060783386230e-01
9.259951114654541016e-02
6.912070512771606445e-02
6.912070512771606445e-02
6.912070512771606445e-02
1.153708696365356445e-01
1.179777383804321289e-01
-1.858466863632202148e-02
2.993750572204589844e-02
1.153661608695983887e-01
1.152163147926330566e-01
5.634903907775878906e-02
6.912070512771606445e-02
6.912052631378173828e-02
6.912058591842651367e-02
6.912070512771606445e-02
1.153748035430908203e-01
1.831769943237304688e-01
1.526585221290588379e-02
1.754478812217712402e-01
1.455561220645904541e-01
-3.284594416618347168e-02
1.593430638313293457e-01
1.371117234230041504e-01
1.697390079498291016e-01
1.521060168743133545e-01
1.697410345077514648e-01
1.281425356864929199e-01
1.959618926048278809e-01
1.697279810905456543e-01
1.569684147834777832e-01
1.369404792785644531e-01
6.912070512771606445e-02
2.168967127799987793e-01
2.159928679466247559e-01
1.369404792785644531e-01
6.918579339981079102e-02
1.369404792785644531e-01
1.369404792785644531e-01
1.491791605949401855e-01
1.491810083389282227e-01
1.491810083389282227e-01
1.491810083389282227e-01
1.491810083389282227e-01
1.491810083389282227e-01
2.170007824897766113e-01
6.771584749221801758e-01
6.597692966461181641e-01
5.791774392127990723e-01
6.269760131835937500e-01
6.597692966461181641e-01
6.761081218719482422e-01
6.799379587173461914e-01
6.597692966461181641e-01
6.397378444671630859e-01
6.269687414169311523e-01
6.444569826126098633e-01
6.471374034881591797e-01
6.475066542625427246e-01
4.454881250858306885e-01
2.158547192811965942e-01
2.431242763996124268e-01
2.403464913368225098e-01
4.490137398242950439e-01
6.250560283660888672e-02
6.912070512771606445e-02
1.281425356864929199e-01
1.491743922233581543e-01
1.491810083389282227e-01
1.491810083389282227e-01
2.287557125091552734e-01
6.167815923690795898e-01
6.597692966461181641e-01
6.772575378417968750e-01
6.471374034881591797e-01
6.475066542625427246e-01
6.803573369979858398e-01
6.803641319274902344e-01
6.803643703460693359e-01
6.454654932022094727e-01
1.953298747539520264e-01
5.952489376068115234e-02
6.912070512771606445e-02
1.369404792785644531e-01
1.831837296485900879e-01
1.831809580326080322e-01
2.567209303379058838e-01
4.809373021125793457e-01
4.472201466560363770e-01
1.831906437873840332e-01
1.257215142250061035e-01
6.912070512771606445e-02
6.912070512771606445e-02
1.128097772598266602e-01
1.830275654792785645e-01
1.826058328151702881e-01
1.831906437873840332e-01
1.241688728332519531e-01
1.242741346359252930e-01
1.831906437873840332e-01
1.782428026199340820e-01
-2.979338169097900391e-02
-3.291022777557373047e-02
-3.294080495834350586e-02
-3.294193744659423828e-02
-3.294461965560913086e-02
-3.304409980773925781e-02
-4.509532451629638672e-02
-3.445250391960144043e-01
-3.738700747489929199e-01
-5.007435083389282227e-01
-4.880000352859497070e-01
-5.007469654083251953e-01
-4.329271912574768066e-01
-4.329271316528320312e-01
-4.329271316528320312e-01
-4.329271912574768066e-01
-4.329271912574768066e-01
-4.331607222557067871e-01
-2.128213644027709961e-01
-2.128213644027709961e-01
-2.128213644027709961e-01
-4.822419285774230957e-01
-4.887850284576416016e-01
-4.329136610031127930e-01
-4.329262971878051758e-01
-4.329254031181335449e-01
-4.328675866127014160e-01
-4.329271912574768066e-01
-3.739072084426879883e-01
-5.803018808364868164e-01
-4.329271912574768066e-01
3.837851285934448242e-01
3.837851285934448242e-01
3.837851285934448242e-01
3.769947290420532227e-01
2.902164459228515625e-01
2.902164459228515625e-01
2.902169227600097656e-01
2.993032336235046387e-01
3.623422682285308838e-01
3.020980358123779297e-01
1.699782013893127441e-01
1.699957251548767090e-01
6.135041117668151855e-01
1.053691506385803223e+00
1.051888465881347656e+00
1.205627441406250000e+00
1.205833196640014648e+00
1.201697349548339844e+00
8.282569646835327148e-01
7.451379895210266113e-01
7.327371239662170410e-01
7.339940667152404785e-01
2.668603658676147461e-01
1.906083226203918457e-01
6.954836249351501465e-01
1.022336244583129883e+00
1.181630373001098633e+00
1.178464412689208984e+00
1.181537747383117676e+00
8.041981458663940430e-01
7.888445258140563965e-01
8.211150765419006348e-01
9.400862455368041992e-01
9.396724700927734375e-01
7.327370643615722656e-01
7.327370643615722656e-01
6.688539385795593262e-01
7.870068550109863281e-01
6.688522696495056152e-01
6.688522696495056152e-01
6.688522696495056152e-01
6.688522696495056152e-01
8.620241284370422363e-01
6.417684555053710938e-01
5.273839831352233887e-01
5.165860652923583984e-01
4.838043749332427979e-01
4.838042855262756348e-01
7.313652336597442627e-02
1.420631408691406250e-01
1.580900549888610840e-01
6.107549071311950684e-01
4.522929191589355469e-01
4.526622295379638672e-01
4.527122974395751953e-01
4.522148668766021729e-01
7.286597788333892822e-02
4.002618789672851562e-02
4.002624750137329102e-02
4.002624750137329102e-02
4.005092382431030273e-02
9.147703647613525391e-03
9.377717971801757812e-03
-3.959178924560546875e-02
-2.714073657989501953e-02
5.299001932144165039e-03
-3.339931368827819824e-02
-6.491750478744506836e-02
-4.915368556976318359e-02
-6.877923011779785156e-02
-1.986071467399597168e-01
1.044645309448242188e-01
-1.388820409774780273e-01
-1.099954843521118164e-01
1.061366200447082520e-01
1.061365604400634766e-01
-1.096598505973815918e-01
-1.427960395812988281e-01
-9.168606996536254883e-02
-9.509891271591186523e-02
-1.469430327415466309e-01
6.351363658905029297e-02
-1.430540680885314941e-01
6.206905841827392578e-02
1.281639933586120605e-01
-1.469899415969848633e-01
-9.194189310073852539e-02
-6.290084123611450195e-02
-9.672051668167114258e-02
-1.022706031799316406e-01
-7.946777343750000000e-02
-1.014137268066406250e-01
-1.173075437545776367e-01
-3.729513287544250488e-02
-7.766950130462646484e-02
-1.509025096893310547e-01
-2.108904123306274414e-01
-2.110665440559387207e-01
-2.110857963562011719e-01
-2.184222340583801270e-01
-1.980766057968139648e-01
-1.983231306076049805e-01
-2.110948562622070312e-01
-2.110948562622070312e-01
-2.110948562622070312e-01
-2.110948562622070312e-01
-2.110948562622070312e-01
-1.782942712306976318e-01
-1.782942712306976318e-01
-2.110948562622070312e-01
-1.969381272792816162e-01
-1.725765764713287354e-01
-1.725742816925048828e-01
-1.725742816925048828e-01
-1.725744009017944336e-01
-4.767853021621704102e-02
2.063063383102416992e-01
1.291495859622955322e-01
-1.108747720718383789e-01
-1.249186396598815918e-01
-1.102572679519653320e-01
1.316553950309753418e-01
1.548060178756713867e-01
7.774740457534790039e-02
6.427919864654541016e-02
1.320989727973937988e-01
1.057991981506347656e-01
-1.230238676071166992e-01
-1.230260431766510010e-01
-1.230090260505676270e-01
-4.651606082916259766e-02
-4.383563995361328125e-02
-1.230261325836181641e-01
-1.548902988433837891e-01
-1.403032839298248291e-01
-9.194195270538330078e-02
-1.557781696319580078e-01
-1.517705917358398438e-01
-8.280444145202636719e-02
-9.176254272460937500e-02
-1.597601175308227539e-01
-9.194189310073852539e-02
-9.194189310073852539e-02
-1.596726775169372559e-01
-9.194189310073852539e-02
-9.194314479827880859e-02
-9.265965223312377930e-02
-9.504932165145874023e-02
-9.321641921997070312e-02
-9.223222732543945312e-02
-9.200608730316162109e-02
-9.196639060974121094e-02
-9.197914600372314453e-02
-9.969913959503173828e-02
-1.558274626731872559e-01
-1.558281183242797852e-01
-1.558707952499389648e-01
-1.777761280536651611e-01
-1.684733629226684570e-01
-2.104355692863464355e-01
-2.110055685043334961e-01
-2.110827565193176270e-01
-2.110931873321533203e-01
-2.110946178436279297e-01
-2.110947966575622559e-01
-2.110948562622070312e-01
-2.110948562622070312e-01
-1.655229926109313965e-01
-1.782942712306976318e-01
-1.782942712306976318e-01
-1.782942712306976318e-01
-1.782942712306976318e-01
-1.983231306076049805e-01
-1.912724971771240234e-01
-2.110912799835205078e-01
-2.110948562622070312e-01
-2.110948562622070312e-01
-2.110948562622070312e-01
-2.110947966575622559e-01
-2.110916376113891602e-01
-2.104049921035766602e-01
-1.047548353672027588e-01
-1.032197773456573486e-01
1.702100634574890137e-01
1.703994870185852051e-01
2.208233475685119629e-01
2.256676554679870605e-01
2.398344278335571289e-01
3.199217915534973145e-01
3.838065862655639648e-01
3.838065862655639648e-01
2.398845255374908447e-01
1.580668687820434570e-01
1.580658853054046631e-01
1.458263695240020752e-01
2.248770594596862793e-01
2.248802185058593750e-01
2.376487255096435547e-01
2.537071108818054199e-01
2.586871981620788574e-01
2.258866429328918457e-01
2.258866429328918457e-01
2.258869409561157227e-01
6.360095143318176270e-01
6.773482561111450195e-01
7.062095403671264648e-01
7.692413330078125000e-01
7.512171268463134766e-01
6.475901603698730469e-01
6.789420247077941895e-01
6.178673505783081055e-01
4.652023911476135254e-01
4.642423987388610840e-01
4.294114708900451660e-01
4.642544686794281006e-01
4.698585271835327148e-01
-3.190469741821289062e-02
-3.291943669319152832e-02
-1.543229818344116211e-02
2.064472436904907227e-02
4.003117084503173828e-01
4.003607630729675293e-01
2.039349079132080078e-02
-3.238487243652343750e-02
-3.284925222396850586e-02
-4.650127887725830078e-02
-4.383397102355957031e-02
-4.346615076065063477e-02
-3.292334079742431641e-02
-3.292036056518554688e-02
-9.571942687034606934e-02
-9.732890129089355469e-02
-9.209644794464111328e-02
-1.685179769992828369e-01
-8.172693848609924316e-02
-1.278791725635528564e-01
-1.594727039337158203e-01
-1.342634558677673340e-01
-1.779013276100158691e-01
-1.782409548759460449e-01
-1.782870590686798096e-01
-2.110938429832458496e-01
-2.110946774482727051e-01
-2.110947966575622559e-01
-2.110948562622070312e-01
-2.110948562622070312e-01
-2.111477851867675781e-01
-2.112624645233154297e-01
-2.114832401275634766e-01
-2.114862203598022461e-01
-1.786881387233734131e-01
-1.786882579326629639e-01
-1.787230074405670166e-01
-2.100800275802612305e-01
-2.128835916519165039e-01
-1.801134645938873291e-01
-1.801134645938873291e-01
-1.801134347915649414e-01
-1.799207925796508789e-01
-1.270266771316528320e-01
-1.182793974876403809e-01
-1.270749568939208984e-01
-1.143032908439636230e-01
-1.143032908439636230e-01
-1.143032908439636230e-01
