4.314709603786468506e-01
5.425345301628112793e-01
5.521291494369506836e-01
6.310119628906250000e-01
6.494876146316528320e-01
4.444119632244110107e-01
6.751926541328430176e-01
4.444119632244110107e-01
4.483948945999145508e-01
4.494934678077697754e-01
3.794488012790679932e-01
3.795259594917297363e-01
3.798708021640777588e-01
3.823021650314331055e-01
4.037590324878692627e-01
4.661273956298828125e-01
5.739746093750000000e-01
5.901361703872680664e-01
5.926127433776855469e-01
5.929539203643798828e-01
5.930001735687255859e-01
5.930064916610717773e-01
5.930073261260986328e-01
4.221543073654174805e-01
4.221540987491607666e-01
4.221370816230773926e-01
4.818239808082580566e-01
4.818763136863708496e-01
4.818763136863708496e-01
5.885348320007324219e-01
1.021141052246093750e+00
1.020843744277954102e+00
1.020792484283447266e+00
1.020785570144653320e+00
1.020624756813049316e+00
9.178047180175781250e-01
8.838985562324523926e-01
7.012794017791748047e-01
7.456631660461425781e-01
8.238266110420227051e-01
7.441381812095642090e-01
6.855236887931823730e-01
7.779994010925292969e-01
6.846976280212402344e-01
7.104793787002563477e-01
7.116117477416992188e-01
6.881397962570190430e-01
6.710657477378845215e-01
6.684488058090209961e-01
6.680890321731567383e-01
8.091909885406494141e-01
6.822286844253540039e-01
6.822359561920166016e-01
6.821990013122558594e-01
6.821990013122558594e-01
6.684293746948242188e-01
7.717607021331787109e-01
7.720130681991577148e-01
6.981095671653747559e-01
6.410653591156005859e-01
6.410371661186218262e-01
6.107047796249389648e-01
7.440357208251953125e-01
8.055588603019714355e-01
7.795981168746948242e-01
8.035055398941040039e-01
7.717683315277099609e-01
7.716799378395080566e-01
9.101252555847167969e-01
8.818270564079284668e-01
8.818270564079284668e-01
8.043316006660461426e-01
8.242204785346984863e-01
5.428478717803955078e-01
7.207672595977783203e-01
7.207673192024230957e-01
5.738799571990966797e-01
6.507027745246887207e-01
7.982625961303710938e-01
7.982628345489501953e-01
7.744814157485961914e-01
6.987918615341186523e-01
6.964318752288818359e-01
1.059940099716186523e+00
1.059944510459899902e+00
1.004786729812622070e+00
1.011430025100708008e+00
9.523984193801879883e-01
8.261063694953918457e-01
9.709240198135375977e-01
8.746665716171264648e-01
8.261070251464843750e-01
8.261064291000366211e-01
8.261063694953918457e-01
8.261063694953918457e-01
8.293558359146118164e-01
7.963154315948486328e-01
8.599758744239807129e-01
6.228137016296386719e-01
6.822342872619628906e-01
6.914103627204895020e-01
9.612547159194946289e-01
9.352425336837768555e-01
9.377827644348144531e-01
9.377815723419189453e-01
8.303068876266479492e-01
8.438729047775268555e-01
8.303068876266479492e-01
8.725544214248657227e-01
8.761783838272094727e-01
9.395574331283569336e-01
8.552924394607543945e-01
7.701428532600402832e-01
7.577400207519531250e-01
8.552924394607543945e-01
8.552924394607543945e-01
8.552924394607543945e-01
7.714974880218505859e-01
7.007395029067993164e-01
8.038852214813232422e-01
9.352437853813171387e-01
1.021897315979003906e+00
8.918501138687133789e-01
8.134087920188903809e-01
9.327822923660278320e-01
8.552924394607543945e-01
8.550167083740234375e-01
6.694279909133911133e-01
6.728705167770385742e-01
6.728852987289428711e-01
7.627167701721191406e-01
8.202911019325256348e-01
7.617927789688110352e-01
6.541727781295776367e-01
6.828885078430175781e-01
6.894795894622802734e-01
7.387470006942749023e-01
7.475753426551818848e-01
7.476736903190612793e-01
7.720289230346679688e-01
8.840873837471008301e-01
7.981107234954833984e-01
8.880884647369384766e-01
8.880885243415832520e-01
8.880885243415832520e-01
8.875110149383544922e-01
8.105930089950561523e-01
8.105924129486083984e-01
8.020087480545043945e-01
7.628636956214904785e-01
7.623751759529113770e-01
5.343096852302551270e-01
5.931330919265747070e-01
5.931330919265747070e-01
5.931330919265747070e-01
5.998986363410949707e-01
5.931330919265747070e-01
5.294231176376342773e-01
5.156379938125610352e-01
5.931330919265747070e-01
5.931330919265747070e-01
5.931330919265747070e-01
5.931330919265747070e-01
5.107569694519042969e-01
6.069185733795166016e-01
5.931330919265747070e-01
6.069185733795166016e-01
5.879793763160705566e-01
5.107548236846923828e-01
5.107547044754028320e-01
4.132432043552398682e-01
5.107548236846923828e-01
9.479684233665466309e-01
7.274312973022460938e-01
7.746875286102294922e-01
5.751368999481201172e-01
5.931330919265747070e-01
6.408395767211914062e-01
5.931330919265747070e-01
5.294231176376342773e-01
5.931330919265747070e-01
5.931332111358642578e-01
5.931330919265747070e-01
5.204443931579589844e-01
5.931330919265747070e-01
6.475546360015869141e-01
5.986648201942443848e-01
6.069185733795166016e-01
9.082227945327758789e-01
9.115033149719238281e-01
6.231245398521423340e-01
7.473118901252746582e-01
7.884241342544555664e-01
6.165760755538940430e-01
7.177436351776123047e-01
7.177436351776123047e-01
5.989319086074829102e-01
6.921650171279907227e-01
6.996949911117553711e-01
7.040835618972778320e-01
7.046859860420227051e-01
7.683725357055664062e-01
7.552673220634460449e-01
7.683638334274291992e-01
8.788925409317016602e-01
8.788927197456359863e-01
8.788927197456359863e-01
8.788927197456359863e-01
8.788927197456359863e-01
8.663070797920227051e-01
7.403813004493713379e-01
7.067051529884338379e-01
3.046235442161560059e-01
3.046235442161560059e-01
3.064184188842773438e-01
2.771314084529876709e-01
2.287199497222900391e-01
2.287200093269348145e-01
6.133905649185180664e-01
5.947455167770385742e-01
5.940711498260498047e-01
4.531615376472473145e-01
6.078210473060607910e-01
6.526878476142883301e-01
7.235004305839538574e-01
7.243031263351440430e-01
7.713470458984375000e-01
6.536285877227783203e-01
6.536167263984680176e-01
6.601513624191284180e-01
6.597740054130554199e-01
6.063170433044433594e-01
6.533247232437133789e-01
6.532980799674987793e-01
6.532986760139465332e-01
6.532987356185913086e-01
6.532987952232360840e-01
6.532987952232360840e-01
6.532987952232360840e-01
6.532987952232360840e-01
4.824454188346862793e-01
4.824454188346862793e-01
5.413724780082702637e-01
5.421676039695739746e-01
5.421676039695739746e-01
5.781342387199401855e-01
6.549405455589294434e-01
1.088260650634765625e+00
1.058703303337097168e+00
1.053327322006225586e+00
1.053428411483764648e+00
1.028759241104125977e+00
1.053345918655395508e+00
1.085271358489990234e+00
1.090566992759704590e+00
1.073217868804931641e+00
9.541326761245727539e-01
9.541326761245727539e-01
9.541326761245727539e-01
9.541326761245727539e-01
9.541325569152832031e-01
8.514165878295898438e-01
8.246557116508483887e-01
8.220387697219848633e-01
8.216783404350280762e-01
8.216292858123779297e-01
8.216221928596496582e-01
8.918117880821228027e-01
9.219559431076049805e-01
8.365293741226196289e-01
9.036875963211059570e-01
8.866069316864013672e-01
1.001240491867065430e+00
1.001240491867065430e+00
1.001240491867065430e+00
1.001183986663818359e+00
9.016230702400207520e-01
8.998255729675292969e-01
8.998260498046875000e-01
9.164706468582153320e-01
9.819974899291992188e-01
9.585255384445190430e-01
9.585255384445190430e-01
1.027953863143920898e+00
1.036569595336914062e+00
9.925359487533569336e-01
8.920913934707641602e-01
9.643657207489013672e-01
9.609984159469604492e-01
9.047506451606750488e-01
9.374831914901733398e-01
9.357299804687500000e-01
8.922320604324340820e-01
8.598050475120544434e-01
8.242868781089782715e-01
8.657258749008178711e-01
1.001262903213500977e+00
9.777603745460510254e-01
9.721305370330810547e-01
9.608528614044189453e-01
9.824596643447875977e-01
9.795343875885009766e-01
9.028699398040771484e-01
9.227614402770996094e-01
9.227560758590698242e-01
9.237172603607177734e-01
6.871647238731384277e-01
6.284524202346801758e-01
6.236113309860229492e-01
6.422785520553588867e-01
6.422785520553588867e-01
6.422785520553588867e-01
6.422785520553588867e-01
6.422785520553588867e-01
6.422785520553588867e-01
6.422785520553588867e-01
6.422785520553588867e-01
6.422785520553588867e-01
6.422785520553588867e-01
6.422793865203857422e-01
6.436779499053955078e-01
6.422852277755737305e-01
6.422785520553588867e-01
6.422785520553588867e-01
6.422785520553588867e-01
6.422785520553588867e-01
6.422785520553588867e-01
7.197740674018859863e-01
7.197740674018859863e-01
7.059885263442993164e-01
7.059885263442993164e-01
7.059885263442993164e-01
7.197740674018859863e-01
7.197740674018859863e-01
7.191828489303588867e-01
6.422785520553588867e-01
6.422785520553588867e-01
6.422785520553588867e-01
6.422785520553588867e-01
6.422785520553588867e-01
6.422785520553588867e-01
6.694091558456420898e-01
7.197740674018859863e-01
7.197740674018859863e-01
7.197740674018859863e-01
7.059885263442993164e-01
7.265391349792480469e-01
7.127535343170166016e-01
7.059885263442993164e-01
7.059892416000366211e-01
7.265391349792480469e-01
8.746181726455688477e-01
8.689204454421997070e-01
7.197704315185546875e-01
7.059885263442993164e-01
7.197740674018859863e-01
8.477784395217895508e-01
7.699862718582153320e-01
7.197740674018859863e-01
7.059885263442993164e-01
7.388744950294494629e-01
7.060711979866027832e-01
9.227315187454223633e-01
9.227656126022338867e-01
9.227629899978637695e-01
9.188812971115112305e-01
6.056126356124877930e-01
5.386790633201599121e-01
5.381649732589721680e-01
5.380944013595581055e-01
6.284945011138916016e-01
6.284935474395751953e-01
6.284930706024169922e-01
6.284930706024169922e-01
6.284930706024169922e-01
7.058211565017700195e-01
7.059885263442993164e-01
7.059885263442993164e-01
7.059885263442993164e-01
7.148028016090393066e-01
6.422785520553588867e-01
7.197740674018859863e-01
7.061293721199035645e-01
7.197740674018859863e-01
7.196040153503417969e-01
6.422785520553588867e-01
6.422785520553588867e-01
7.197740674018859863e-01
7.197740674018859863e-01
7.197740674018859863e-01
7.197740674018859863e-01
7.197740674018859863e-01
7.197740674018859863e-01
7.197740674018859863e-01
7.197740674018859863e-01
7.197740674018859863e-01
7.197740674018859863e-01
7.197740674018859863e-01
7.197198867797851562e-01
6.510868072509765625e-01
6.422785520553588867e-01
7.197740674018859863e-01
7.197740674018859863e-01
7.197740674018859863e-01
7.197740674018859863e-01
7.197740674018859863e-01
7.197740674018859863e-01
7.059885263442993164e-01
7.059885263442993164e-01
7.130185961723327637e-01
7.197740674018859863e-01
7.197740674018859863e-01
7.197740674018859863e-01
7.197740674018859863e-01
7.197740674018859863e-01
7.197740674018859863e-01
7.197740674018859863e-01
7.197740674018859863e-01
7.197740077972412109e-01
7.197740077972412109e-01
7.197738885879516602e-01
7.197738885879516602e-01
7.197740077972412109e-01
7.197725772857666016e-01
7.197740674018859863e-01
7.197740674018859863e-01
7.197740674018859863e-01
7.197740674018859863e-01
7.197740674018859863e-01
7.900388240814208984e-01
7.929389476776123047e-01
7.265391349792480469e-01
7.263007164001464844e-01
7.127535343170166016e-01
7.127535343170166016e-01
7.127535343170166016e-01
7.265391349792480469e-01
7.929389476776123047e-01
7.197740674018859863e-01
7.059885263442993164e-01
7.059885263442993164e-01
7.059885263442993164e-01
7.059885263442993164e-01
6.375434398651123047e-01
9.462629556655883789e-01
9.835388064384460449e-01
1.005456924438476562e+00
8.642945289611816406e-01
8.642945289611816406e-01
8.780800104141235352e-01
1.027226328849792480e+00
8.642945289611816406e-01
8.780553340911865234e-01
1.007068157196044922e+00
9.095160961151123047e-01
1.013951897621154785e+00
8.005844950675964355e-01
8.642945289611816406e-01
8.642945289611816406e-01
8.006227016448974609e-01
8.005831837654113770e-01
6.968525648117065430e-01
7.048827409744262695e-01
6.964358091354370117e-01
6.964000463485717773e-01
6.964055299758911133e-01
8.642945289611816406e-01
8.780800104141235352e-01
8.780800104141235352e-01
9.444798231124877930e-01
9.301474690437316895e-01
8.848450183868408203e-01
9.664821624755859375e-01
1.031494379043579102e+00
8.781794309616088867e-01
8.642945289611816406e-01
8.949520587921142578e-01
9.119988083839416504e-01
7.555419206619262695e-01
7.544794082641601562e-01
7.550829648971557617e-01
7.073708772659301758e-01
8.679133653640747070e-01
9.119990468025207520e-01
9.119990468025207520e-01
9.119989275932312012e-01
8.642945289611816406e-01
8.642956018447875977e-01
8.642945289611816406e-01
8.642945289611816406e-01
8.642945289611816406e-01
8.642945289611816406e-01
8.642944693565368652e-01
8.642945289611816406e-01
8.642945289611816406e-01
8.642945289611816406e-01
8.642945289611816406e-01
8.642945289611816406e-01
8.643007278442382812e-01
8.848450183868408203e-01
8.710595369338989258e-01
8.178991079330444336e-01
8.178991079330444336e-01
8.178991079330444336e-01
8.180427551269531250e-01
8.704319000244140625e-01
8.710595369338989258e-01
8.642945289611816406e-01
8.642945289611816406e-01
8.642945289611816406e-01
8.642944097518920898e-01
8.642945289611816406e-01
8.780800104141235352e-01
8.780800104141235352e-01
8.780800104141235352e-01
8.642945289611816406e-01
8.642945289611816406e-01
8.642945289611816406e-01
8.642945289611816406e-01
8.642945289611816406e-01
8.642945289611816406e-01
8.642936944961547852e-01
8.642671108245849609e-01
8.323168754577636719e-01
8.291607499122619629e-01
8.291606903076171875e-01
8.292279839515686035e-01
8.379299640655517578e-01
8.319338560104370117e-01
8.293900489807128906e-01
8.644940853118896484e-01
8.320942521095275879e-01
8.780800104141235352e-01
9.444798231124877930e-01
9.120612144470214844e-01
9.120612144470214844e-01
9.120612144470214844e-01
9.120612144470214844e-01
9.846001863479614258e-01
9.118412733078002930e-01
1.276257157325744629e+00
1.276345372200012207e+00
1.157545566558837891e+00
1.158094882965087891e+00
1.189966201782226562e+00
1.189961433410644531e+00
1.249723911285400391e+00
1.219397068023681641e+00
1.235237240791320801e+00
1.042448759078979492e+00
1.350783348083496094e+00
1.296125054359436035e+00
1.220357418060302734e+00
1.220357418060302734e+00
1.207997083663940430e+00
1.100408077239990234e+00
1.112881541252136230e+00
1.023096799850463867e+00
1.030432343482971191e+00
1.290443897247314453e+00
1.220357179641723633e+00
1.138314485549926758e+00
1.138582229614257812e+00
1.367216110229492188e+00
1.290273189544677734e+00
1.290231227874755859e+00
1.134118676185607910e+00
9.948311448097229004e-01
8.783053159713745117e-01
9.411274194717407227e-01
1.191391706466674805e+00
1.154102802276611328e+00
1.076769113540649414e+00
1.014750480651855469e+00
1.112312197685241699e+00
1.112312197685241699e+00
1.005907297134399414e+00
1.149857282638549805e+00
1.053925037384033203e+00
1.050517797470092773e+00
1.031930446624755859e+00
1.030584096908569336e+00
1.261891365051269531e+00
1.281999349594116211e+00
1.281999349594116211e+00
1.282451987266540527e+00
1.104858636856079102e+00
1.265377044677734375e+00
1.130367517471313477e+00
1.342761278152465820e+00
1.342778682708740234e+00
1.232040166854858398e+00
1.152351617813110352e+00
1.152496337890625000e+00
1.152351617813110352e+00
1.203623294830322266e+00
1.203625202178955078e+00
1.203625440597534180e+00
1.304336547851562500e+00
1.030061244964599609e+00
9.937188625335693359e-01
1.052226305007934570e+00
1.135138750076293945e+00
1.034463644027709961e+00
1.057806730270385742e+00
9.503768682479858398e-01
1.027872562408447266e+00
1.027872562408447266e+00
1.036472082138061523e+00
1.005534887313842773e+00
1.029941320419311523e+00
1.090250730514526367e+00
1.162102222442626953e+00
1.167748332023620605e+00
1.167743682861328125e+00
1.110149621963500977e+00
1.091648340225219727e+00
1.090254068374633789e+00
1.178975105285644531e+00
1.187038421630859375e+00
1.094995021820068359e+00
8.177732229232788086e-01
8.039941787719726562e-01
9.410767555236816406e-01
8.933890461921691895e-01
8.158771395683288574e-01
9.354749321937561035e-01
9.158540368080139160e-01
8.933725953102111816e-01
8.933725953102111816e-01
8.933725953102111816e-01
8.933725953102111816e-01
8.933725953102111816e-01
8.159831762313842773e-01
8.933725953102111816e-01
8.933725953102111816e-01
8.933725953102111816e-01
8.933725953102111816e-01
8.933725953102111816e-01
8.933725953102111816e-01
8.933725953102111816e-01
8.933725953102111816e-01
8.933725953102111816e-01
8.933725953102111816e-01
8.933725953102111816e-01
8.933725953102111816e-01
8.933725953102111816e-01
8.933725953102111816e-01
8.933725953102111816e-01
8.933725953102111816e-01
8.933725953102111816e-01
8.933725953102111816e-01
9.071581363677978516e-01
9.071581363677978516e-01
9.071581363677978516e-01
8.933725953102111816e-01
9.071581363677978516e-01
9.071581363677978516e-01
9.071581363677978516e-01
9.071564674377441406e-01
8.933725953102111816e-01
8.940063714981079102e-01
9.071580171585083008e-01
9.071581363677978516e-01
9.071581363677978516e-01
9.071581363677978516e-01
9.071581363677978516e-01
9.071581363677978516e-01
8.933725953102111816e-01
9.071581363677978516e-01
8.290927410125732422e-01
1.018024921417236328e+00
1.018417835235595703e+00
9.130954742431640625e-01
1.020011186599731445e+00
1.139400482177734375e+00
1.299530029296875000e+00
1.180859804153442383e+00
1.185984492301940918e+00
1.180718183517456055e+00
1.246147871017456055e+00
1.186353206634521484e+00
1.395436048507690430e+00
1.392727732658386230e+00
1.347043991088867188e+00
1.352470397949218750e+00
1.139776110649108887e+00
1.271275520324707031e+00
1.315376996994018555e+00
1.205324411392211914e+00
1.207901000976562500e+00
1.283213615417480469e+00
1.253328442573547363e+00
1.322571396827697754e+00
1.156626939773559570e+00
1.156626939773559570e+00
1.156642317771911621e+00
1.180101871490478516e+00
1.187118530273437500e+00
1.184411764144897461e+00
1.156630516052246094e+00
1.293897151947021484e+00
1.205145478248596191e+00
1.216762900352478027e+00
1.218541264533996582e+00
1.218786239624023438e+00
1.218821287155151367e+00
1.100012183189392090e+00
1.100012779235839844e+00
1.218824625015258789e+00
1.218824625015258789e+00
1.187446475028991699e+00
1.274457693099975586e+00
9.668424725532531738e-01
9.008238315582275391e-01
1.053471207618713379e+00
1.100771784782409668e+00
1.179752469062805176e+00
1.200169324874877930e+00
1.219106197357177734e+00
1.110333085060119629e+00
8.685173392295837402e-01
1.014380931854248047e+00
1.127651929855346680e+00
1.156872987747192383e+00
1.100722074508666992e+00
1.222705602645874023e+00
1.307332754135131836e+00
1.286214590072631836e+00
1.274836063385009766e+00
1.272594213485717773e+00
1.272284150123596191e+00
1.286308526992797852e+00
1.269250392913818359e+00
1.263026952743530273e+00
1.308231830596923828e+00
1.367396831512451172e+00
1.259921073913574219e+00
1.265743732452392578e+00
1.367396831512451172e+00
1.282567262649536133e+00
1.168970108032226562e+00
1.182831645011901855e+00
1.099487781524658203e+00
9.740189313888549805e-01
9.154040217399597168e-01
1.164340376853942871e+00
1.077895164489746094e+00
1.078068971633911133e+00
1.042336702346801758e+00
1.046061515808105469e+00
1.139924287796020508e+00
1.139924287796020508e+00
1.139922142028808594e+00
1.010314464569091797e+00
1.077886819839477539e+00
1.048691272735595703e+00
1.074549078941345215e+00
1.074549436569213867e+00
1.074558019638061523e+00
1.039502620697021484e+00
1.079012870788574219e+00
1.159976005554199219e+00
1.028882145881652832e+00
1.028580904006958008e+00
1.028580904006958008e+00
9.510853886604309082e-01
9.510806202888488770e-01
1.049355030059814453e+00
9.510853886604309082e-01
1.021235466003417969e+00
1.144121646881103516e+00
1.104971289634704590e+00
1.168362617492675781e+00
1.168457746505737305e+00
1.095249056816101074e+00
1.110816836357116699e+00
1.092014670372009277e+00
1.058038353919982910e+00
1.110857963562011719e+00
1.110857963562011719e+00
1.110857963562011719e+00
1.110857963562011719e+00
1.110857963562011719e+00
1.110857725143432617e+00
1.110811829566955566e+00
1.110829114913940430e+00
1.109441399574279785e+00
8.482039570808410645e-01
8.303710222244262695e-01
1.176752090454101562e+00
1.180784225463867188e+00
1.181339502334594727e+00
1.157060146331787109e+00
1.157070398330688477e+00
9.837344884872436523e-01
1.348603963851928711e+00
1.345914602279663086e+00
1.290848493576049805e+00
1.288957953453063965e+00
1.238655805587768555e+00
1.238548517227172852e+00
1.238828420639038086e+00
1.238516092300415039e+00
1.259514570236206055e+00
1.100311517715454102e+00
1.036102056503295898e+00
9.991800785064697266e-01
9.928662776947021484e-01
9.435586929321289062e-01
9.803067445755004883e-01
1.038337588310241699e+00
1.139441251754760742e+00
1.139910459518432617e+00
1.139886617660522461e+00
8.956591486930847168e-01
1.077886819839477539e+00
1.077889561653137207e+00
1.077886819839477539e+00
9.982465505599975586e-01
1.095822572708129883e+00
1.084198355674743652e+00
1.096669793128967285e+00
1.058559536933898926e+00
9.734287261962890625e-01
9.731358289718627930e-01
9.731823205947875977e-01
1.058561801910400391e+00
1.001626491546630859e+00
9.510856866836547852e-01
9.510827660560607910e-01
1.091759562492370605e+00
1.068844795227050781e+00
1.183602571487426758e+00
1.188848018646240234e+00
1.211979389190673828e+00
1.189479112625122070e+00
1.157218933105468750e+00
1.520109415054321289e+00
1.050648212432861328e+00
1.019095301628112793e+00
9.990271329879760742e-01
1.028982162475585938e+00
1.028933405876159668e+00
1.162228822708129883e+00
1.086425542831420898e+00
1.077894568443298340e+00
1.042300701141357422e+00
9.584760069847106934e-01
9.766352176666259766e-01
9.979447126388549805e-01
1.139931917190551758e+00
1.039398431777954102e+00
1.042961955070495605e+00
1.060915231704711914e+00
9.966142177581787109e-01
8.896104097366333008e-01
8.657181859016418457e-01
9.490777850151062012e-01
9.510926008224487305e-01
9.510930776596069336e-01
9.510930776596069336e-01
1.007094383239746094e+00
1.049309492111206055e+00
1.105109810829162598e+00
1.184420585632324219e+00
1.184422492980957031e+00
1.225377917289733887e+00
1.022763729095458984e+00
1.281399250030517578e+00
1.102427482604980469e+00
1.235723733901977539e+00
1.273926019668579102e+00
1.251244544982910156e+00
9.355369806289672852e-01
9.173395037651062012e-01
1.130091667175292969e+00
1.350948572158813477e+00
1.187705993652343750e+00
1.302005410194396973e+00
1.303327798843383789e+00
1.302001833915710449e+00
1.302002072334289551e+00
1.377891540527343750e+00
1.386266231536865234e+00
1.477303624153137207e+00
1.118157863616943359e+00
1.134189605712890625e+00
1.111415147781372070e+00
9.412677288055419922e-01
1.042755126953125000e+00
9.729042053222656250e-01
1.106789708137512207e+00
1.058567643165588379e+00
9.325103163719177246e-01
1.047894597053527832e+00
1.083831548690795898e+00
1.350929260253906250e+00
1.317516803741455078e+00
1.094491004943847656e+00
1.342247724533081055e+00
1.350927829742431641e+00
1.083746433258056641e+00
1.083764672279357910e+00
1.086483478546142578e+00
1.137305259704589844e+00
1.090962529182434082e+00
1.090970039367675781e+00
1.090970039367675781e+00
1.090970039367675781e+00
1.090970039367675781e+00
1.090970039367675781e+00
1.110870361328125000e+00
8.960369825363159180e-01
8.972054719924926758e-01
8.940891027450561523e-01
8.303788900375366211e-01
8.303792476654052734e-01
8.940885663032531738e-01
8.940885663032531738e-01
8.940885663032531738e-01
8.940885663032531738e-01
9.417930841445922852e-01
9.408784508705139160e-01
8.940887451171875000e-01
8.940885663032531738e-01
8.165931105613708496e-01
8.303786516189575195e-01
8.165931105613708496e-01
8.165931105613708496e-01
8.940722346305847168e-01
8.940885663032531738e-01
8.940885663032531738e-01
8.940885663032531738e-01
8.303786516189575195e-01
8.940883278846740723e-01
8.940885663032531738e-01
8.940885663032531738e-01
8.940885663032531738e-01
8.940885663032531738e-01
8.950285911560058594e-01
8.219763040542602539e-01
8.940885663032531738e-01
8.940885663032531738e-01
8.940885663032531738e-01
8.940885663032531738e-01
8.940885663032531738e-01
9.078741073608398438e-01
8.940885663032531738e-01
8.940885663032531738e-01
8.940885663032531738e-01
8.940885663032531738e-01
8.940885663032531738e-01
8.940885663032531738e-01
8.940811157226562500e-01
8.940885663032531738e-01
8.940885663032531738e-01
8.940885663032531738e-01
8.940885663032531738e-01
8.940808773040771484e-01
8.940808773040771484e-01
9.078741073608398438e-01
9.078741073608398438e-01
8.940885663032531738e-01
9.078741073608398438e-01
9.078741073608398438e-01
9.078646898269653320e-01
8.940885663032531738e-01
9.078741073608398438e-01
9.078741073608398438e-01
9.078741073608398438e-01
9.078741073608398438e-01
9.078741073608398438e-01
9.078741073608398438e-01
9.078741073608398438e-01
9.742735624313354492e-01
9.742730855941772461e-01
9.742738008499145508e-01
9.742739200592041016e-01
1.009299278259277344e+00
1.061980009078979492e+00
1.083871603012084961e+00
1.008088707923889160e+00
1.008088707923889160e+00
1.008088707923889160e+00
1.035881042480468750e+00
8.940885663032531738e-01
9.008536338806152344e-01
1.063785552978515625e+00
1.042646050453186035e+00
8.989673852920532227e-01
8.807184696197509766e-01
1.061314344406127930e+00
1.061314344406127930e+00
8.798337578773498535e-01
1.000371813774108887e+00
1.039430737495422363e+00
9.760273694992065430e-01
9.701197147369384766e-01
8.950697183609008789e-01
8.922409415245056152e-01
8.350424170494079590e-01
7.616474628448486328e-01
7.552874088287353516e-01
1.227518558502197266e+00
1.246951103210449219e+00
8.704371452331542969e-01
8.056752085685729980e-01
1.039966225624084473e+00
1.153073787689208984e+00
1.219151496887207031e+00
1.210597038269042969e+00
1.095326900482177734e+00
9.945155382156372070e-01
9.726413488388061523e-01
1.000103950500488281e+00
1.072005152702331543e+00
9.082474708557128906e-01
1.096160411834716797e+00
9.510931372642517090e-01
8.659121394157409668e-01
9.510930776596069336e-01
1.083263754844665527e+00
1.168465495109558105e+00
1.108101129531860352e+00
1.188323259353637695e+00
1.110864520072937012e+00
9.471349716186523438e-01
9.837338924407958984e-01
9.837338924407958984e-01
1.191581487655639648e+00
1.195609331130981445e+00
1.196174383163452148e+00
1.196251392364501953e+00
1.503923177719116211e+00
1.525776863098144531e+00
1.067283034324645996e+00
1.220526218414306641e+00
1.223333120346069336e+00
1.047732353210449219e+00
1.174047470092773438e+00
9.702376127243041992e-01
1.206923723220825195e+00
1.206933259963989258e+00
1.208320617675781250e+00
1.099186897277832031e+00
1.289058208465576172e+00
1.344337582588195801e+00
1.311137914657592773e+00
1.206923723220825195e+00
1.162155151367187500e+00
1.139931917190551758e+00
1.184022426605224609e+00
1.041448712348937988e+00
1.038516879081726074e+00
1.037203788757324219e+00
1.058528661727905273e+00
9.332396984100341797e-01
9.332396388053894043e-01
8.891391158103942871e-01
8.656752109527587891e-01
8.657812476158142090e-01
9.662853479385375977e-01
1.160067319869995117e+00
1.052211165428161621e+00
1.168451786041259766e+00
1.168465375900268555e+00
1.093350052833557129e+00
1.092197656631469727e+00
1.094884037971496582e+00
1.110865592956542969e+00
1.110865592956542969e+00
1.110865235328674316e+00
1.106891989707946777e+00
1.132579326629638672e+00
1.183098316192626953e+00
1.057349443435668945e+00
9.091470837593078613e-01
7.332860827445983887e-01
7.521690726280212402e-01
7.138335704803466797e-01
7.743748426437377930e-01
8.164120912551879883e-01
7.796801924705505371e-01
7.262070178985595703e-01
7.385210394859313965e-01
8.642460107803344727e-01
8.165956735610961914e-01
8.165931105613708496e-01
8.940885663032531738e-01
8.940885663032531738e-01
8.940885663032531738e-01
8.940885663032531738e-01
8.940885663032531738e-01
8.940885663032531738e-01
8.940885663032531738e-01
8.940885663032531738e-01
8.940885663032531738e-01
8.940885663032531738e-01
8.940885663032531738e-01
8.940885663032531738e-01
8.940883278846740723e-01
8.940885663032531738e-01
8.940808773040771484e-01
8.940808773040771484e-01
8.940808773040771484e-01
8.940808773040771484e-01
9.078741073608398438e-01
9.078741073608398438e-01
9.078741073608398438e-01
9.078741073608398438e-01
9.290136098861694336e-01
9.684597849845886230e-01
8.967784643173217773e-01
9.078741073608398438e-01
9.078741073608398438e-01
9.078741073608398438e-01
9.078741073608398438e-01
9.078741073608398438e-01
9.078741073608398438e-01
9.078741073608398438e-01
9.077998399734497070e-01
9.075285196304321289e-01
9.078472852706909180e-01
9.078741073608398438e-01
9.078741073608398438e-01
8.940885663032531738e-01
8.940885663032531738e-01
8.940885663032531738e-01
8.940885663032531738e-01
8.940885663032531738e-01
8.966459035873413086e-01
9.078741073608398438e-01
9.078741073608398438e-01
9.078741073608398438e-01
9.078741073608398438e-01
9.078741073608398438e-01
9.078741073608398438e-01
9.078741073608398438e-01
9.078741073608398438e-01
9.078741073608398438e-01
9.078739881515502930e-01
9.078664779663085938e-01
8.940808773040771484e-01
8.940808773040771484e-01
8.940808773040771484e-01
8.940808773040771484e-01
8.940808773040771484e-01
8.940808773040771484e-01
8.940808773040771484e-01
8.940809965133666992e-01
8.941501379013061523e-01
8.941583037376403809e-01
8.947589993476867676e-01
9.042663574218750000e-01
9.078620672225952148e-01
9.078663587570190430e-01
9.078664779663085938e-01
9.078664779663085938e-01
9.078664779663085938e-01
9.078664779663085938e-01
9.078664779663085938e-01
9.078664779663085938e-01
9.078664779663085938e-01
9.078664779663085938e-01
8.490571975708007812e-01
8.530893325805664062e-01
8.536447286605834961e-01
8.537201881408691406e-01
8.581449985504150391e-01
9.538750648498535156e-01
9.538753628730773926e-01
9.538753628730773926e-01
9.538753628730773926e-01
9.538753628730773926e-01
1.002191066741943359e+00
1.181434392929077148e+00
1.181434392929077148e+00
1.181434392929077148e+00
1.181434392929077148e+00
1.183284759521484375e+00
1.300245285034179688e+00
1.299169063568115234e+00
1.189498186111450195e+00
9.837338924407958984e-01
9.837338924407958984e-01
1.018550515174865723e+00
1.319157361984252930e+00
1.203518867492675781e+00
1.244062662124633789e+00
1.118100762367248535e+00
1.136768460273742676e+00
1.180869817733764648e+00
1.129688978195190430e+00
1.297748923301696777e+00
1.244871258735656738e+00
8.923367857933044434e-01
7.415428161621093750e-01
7.414256334304809570e-01
7.243292927742004395e-01
9.331393241882324219e-01
9.649609923362731934e-01
1.036532402038574219e+00
1.003784060478210449e+00
1.003827691078186035e+00
1.116222143173217773e+00
1.116222143173217773e+00
1.108242869377136230e+00
1.017595529556274414e+00
1.036533594131469727e+00
1.134573221206665039e+00
1.366798400878906250e+00
1.366047382354736328e+00
1.159124135971069336e+00
1.158789157867431641e+00
1.191793441772460938e+00
1.282355785369873047e+00
9.460153579711914062e-01
8.361672163009643555e-01
1.128958463668823242e+00
1.353591918945312500e+00
1.186240673065185547e+00
1.353342771530151367e+00
1.354641914367675781e+00
1.318882226943969727e+00
1.333244323730468750e+00
1.088786005973815918e+00
1.153039216995239258e+00
9.538938999176025391e-01
1.076529741287231445e+00
1.339886665344238281e+00
1.157575368881225586e+00
1.139449596405029297e+00
1.139924287796020508e+00
1.077883720397949219e+00
1.078670024871826172e+00
1.300869703292846680e+00
1.204334020614624023e+00
1.204334020614624023e+00
1.129587888717651367e+00
1.153059959411621094e+00
1.129588365554809570e+00
1.189702630043029785e+00
1.191499233245849609e+00
1.189874410629272461e+00
1.129587888717651367e+00
1.159976005554199219e+00
9.135959148406982422e-01
1.043764352798461914e+00
1.139524221420288086e+00
9.966064691543579102e-01
1.058643817901611328e+00
1.049135208129882812e+00
1.035135984420776367e+00
9.508416056632995605e-01
1.028580784797668457e+00
1.071830749511718750e+00
1.090868353843688965e+00
1.030598402023315430e+00
1.030941367149353027e+00
1.154252767562866211e+00
1.168457746505737305e+00
1.168457746505737305e+00
1.168457746505737305e+00
1.168452024459838867e+00
1.173608303070068359e+00
8.113378882408142090e-01
8.027126789093017578e-01
8.031381368637084961e-01
9.370655417442321777e-01
9.417828321456909180e-01
9.417853355407714844e-01
8.943296670913696289e-01
8.303710222244262695e-01
1.176752090454101562e+00
1.180784225463867188e+00
1.300151109695434570e+00
1.294331073760986328e+00
1.008081078529357910e+00
9.078664779663085938e-01
1.088917374610900879e+00
9.078665971755981445e-01
9.147033691406250000e-01
8.946991562843322754e-01
1.093814015388488770e+00
1.188352108001708984e+00
1.110857009887695312e+00
1.110857963562011719e+00
1.067412257194519043e+00
8.940808773040771484e-01
9.219268560409545898e-01
9.218897819519042969e-01
9.417854547500610352e-01
8.935353755950927734e-01
7.262705564498901367e-01
8.940836191177368164e-01
9.417854547500610352e-01
9.417854547500610352e-01
9.416819810867309570e-01
8.940925002098083496e-01
8.940808773040771484e-01
8.940808773040771484e-01
8.165854215621948242e-01
8.165854215621948242e-01
8.830017447471618652e-01
8.940808773040771484e-01
8.940808773040771484e-01
8.940808773040771484e-01
8.940808773040771484e-01
8.967708349227905273e-01
1.176118612289428711e+00
1.180784225463867188e+00
1.181339502334594727e+00
1.181414842605590820e+00
1.181425094604492188e+00
1.181426525115966797e+00
1.181426763534545898e+00
1.181581497192382812e+00
1.219109296798706055e+00
1.251290559768676758e+00
1.279284477233886719e+00
1.286662101745605469e+00
1.425399661064147949e+00
1.483036279678344727e+00
1.114307403564453125e+00
9.915218353271484375e-01
1.132264852523803711e+00
1.074951052665710449e+00
1.074950695037841797e+00
9.903186559677124023e-01
1.132595777511596680e+00
1.132595777511596680e+00
1.088407039642333984e+00
9.022256731986999512e-01
9.021006226539611816e-01
1.011881828308105469e+00
1.144535064697265625e+00
1.145767450332641602e+00
1.023383140563964844e+00
1.020167946815490723e+00
1.020167946815490723e+00
1.344723701477050781e+00
1.271464347839355469e+00
1.289389371871948242e+00
1.188818693161010742e+00
1.151300191879272461e+00
1.144535064697265625e+00
1.144540309906005859e+00
1.196735024452209473e+00
1.204898953437805176e+00
1.204899549484252930e+00
1.204899430274963379e+00
1.204730033874511719e+00
1.052028656005859375e+00
7.636966705322265625e-01
9.742988348007202148e-01
9.782270789146423340e-01
9.782270789146423340e-01
9.782270789146423340e-01
9.782270789146423340e-01
9.782166481018066406e-01
9.780882596969604492e-01
9.319030046463012695e-01
9.305225610733032227e-01
9.305225610733032227e-01
9.305225610733032227e-01
9.305225610733032227e-01
9.305223226547241211e-01
9.303892850875854492e-01
9.271497726440429688e-01
9.057689905166625977e-01
8.941870927810668945e-01
8.940825462341308594e-01
8.940809369087219238e-01
8.940808773040771484e-01
8.940808773040771484e-01
8.940808773040771484e-01
8.940808773040771484e-01
8.973262310028076172e-01
8.941526412963867188e-01
8.940808773040771484e-01
8.940808773040771484e-01
8.940808773040771484e-01
8.940808773040771484e-01
8.940808773040771484e-01
8.940808773040771484e-01
8.940808773040771484e-01
8.940808773040771484e-01
8.940808773040771484e-01
8.940808773040771484e-01
8.940808773040771484e-01
9.078664779663085938e-01
8.940808773040771484e-01
9.654476642608642578e-01
9.782893657684326172e-01
9.629866480827331543e-01
1.064599275588989258e+00
1.071919798851013184e+00
1.071995139122009277e+00
1.055628061294555664e+00
9.551879763603210449e-01
8.986613154411315918e-01
1.017472982406616211e+00
1.011122584342956543e+00
8.980628252029418945e-01
8.171612024307250977e-01
7.505638003349304199e-01
8.481442928314208984e-01
9.442321062088012695e-01
9.443081617355346680e-01
9.443081617355346680e-01
9.367383718490600586e-01
9.305225610733032227e-01
9.305225610733032227e-01
8.543435335159301758e-01
9.176540374755859375e-01
9.305225610733032227e-01
9.782269597053527832e-01
9.583314061164855957e-01
9.583314657211303711e-01
9.782270789146423340e-01
8.530271053314208984e-01
9.305225610733032227e-01
9.849921464920043945e-01
9.354013204574584961e-01
9.372875690460205078e-01
9.305225610733032227e-01
9.443081617355346680e-01
8.668127059936523438e-01
9.442567825317382812e-01
9.305225610733032227e-01
9.443080425262451172e-01
8.668127059936523438e-01
8.086228370666503906e-01
9.786091446876525879e-01
9.443081617355346680e-01
9.443081617355346680e-01
9.443081617355346680e-01
9.443081617355346680e-01
9.443081617355346680e-01
8.668127059936523438e-01
8.668127059936523438e-01
8.668127059936523438e-01
8.668127059936523438e-01
8.668127059936523438e-01
8.538044095039367676e-01
7.627117037773132324e-01
7.705558538436889648e-01
9.010155797004699707e-01
9.740183949470520020e-01
9.301723241806030273e-01
8.668127059936523438e-01
8.668127059936523438e-01
8.668127059936523438e-01
8.668078184127807617e-01
8.745871186256408691e-01
1.008329629898071289e+00
9.443081617355346680e-01
9.443081617355346680e-01
8.958683013916015625e-01
1.096173286437988281e+00
1.217225790023803711e+00
1.217781305313110352e+00
1.217856407165527344e+00
1.020167827606201172e+00
1.337493896484375000e+00
1.149684906005859375e+00
1.099069356918334961e+00
1.196500062942504883e+00
1.338439464569091797e+00
1.323623776435852051e+00
1.095978975296020508e+00
1.221257448196411133e+00
1.287325382232666016e+00
1.287885665893554688e+00
1.652652025222778320e+00
1.617485046386718750e+00
1.281337380409240723e+00
1.007926940917968750e+00
1.005309939384460449e+00
1.011215925216674805e+00
1.034687519073486328e+00
1.130499839782714844e+00
1.055894494056701660e+00
1.030863881111145020e+00
1.031002879142761230e+00
1.095088958740234375e+00
1.025050401687622070e+00
9.641410708427429199e-01
9.021114706993103027e-01
1.012366414070129395e+00
1.144538402557373047e+00
1.144729614257812500e+00
1.204902768135070801e+00
1.327620744705200195e+00
1.279605865478515625e+00
1.231911659240722656e+00
1.224680185317993164e+00
1.224241256713867188e+00
8.780355453491210938e-01
1.023382425308227539e+00
1.044525980949401855e+00
1.105789899826049805e+00
1.027121424674987793e+00
9.747655391693115234e-01
1.342675685882568359e+00
1.184619307518005371e+00
1.169246435165405273e+00
1.196667790412902832e+00
1.185611724853515625e+00
1.054671764373779297e+00
9.305258989334106445e-01
9.183818101882934570e-01
1.044525980949401855e+00
1.044488549232482910e+00
1.104430198669433594e+00
9.783526062965393066e-01
9.911429882049560547e-01
1.104431748390197754e+00
1.083295822143554688e+00
1.300158500671386719e+00
1.089898586273193359e+00
1.173205614089965820e+00
1.173341751098632812e+00
1.117306470870971680e+00
1.115892171859741211e+00
1.115892171859741211e+00
1.065092563629150391e+00
1.065911531448364258e+00
1.013364911079406738e+00
1.042685747146606445e+00
1.102621793746948242e+00
1.127378344535827637e+00
1.069841861724853516e+00
1.182096719741821289e+00
1.204902648925781250e+00
1.204902648925781250e+00
1.147275686264038086e+00
1.147242784500122070e+00
8.481976985931396484e-01
7.505670785903930664e-01
8.803730010986328125e-01
9.958772659301757812e-01
1.093821167945861816e+00
1.074891567230224609e+00
9.511415362358093262e-01
9.441425800323486328e-01
9.781261682510375977e-01
9.537714123725891113e-01
9.537728428840637207e-01
1.180650472640991211e+00
1.180545568466186523e+00
1.382618665695190430e+00
1.166248440742492676e+00
1.314572572708129883e+00
1.144958257675170898e+00
1.204843997955322266e+00
1.112583398818969727e+00
1.127407312393188477e+00
1.134495019912719727e+00
1.204902648925781250e+00
1.178286790847778320e+00
1.204594373703002930e+00
9.584257602691650391e-01
9.583362936973571777e-01
8.492691516876220703e-01
8.403571844100952148e-01
8.402091264724731445e-01
7.632619738578796387e-01
8.530304431915283203e-01
9.782304167747497559e-01
9.782304167747497559e-01
9.305784702301025391e-01
9.728433489799499512e-01
9.641431570053100586e-01
9.782304167747497559e-01
9.305258989334106445e-01
9.443113803863525391e-01
9.922327995300292969e-01
9.009180068969726562e-01
1.010129094123840332e+00
9.963366985321044922e-01
9.964058399200439453e-01
1.097751140594482422e+00
1.085509538650512695e+00
9.305258989334106445e-01
9.443113803863525391e-01
9.305258989334106445e-01
9.782304167747497559e-01
9.782304167747497559e-01
9.782304167747497559e-01
9.782304167747497559e-01
9.782279133796691895e-01
8.530272245407104492e-01
8.668159246444702148e-01
9.443113803863525391e-01
9.305258989334106445e-01
1.118891239166259766e+00
9.510803818702697754e-01
9.372909069061279297e-01
9.305258989334106445e-01
9.782312512397766113e-01
8.030288219451904297e-01
8.530304431915283203e-01
9.305258989334106445e-01
9.782304167747497559e-01
9.782304167747497559e-01
9.782304167747497559e-01
9.782304167747497559e-01
9.305258989334106445e-01
9.443113803863525391e-01
8.668159246444702148e-01
8.481476306915283203e-01
7.505670785903930664e-01
7.505670785903930664e-01
7.505672574043273926e-01
7.505675554275512695e-01
8.530304431915283203e-01
8.656463623046875000e-01
8.169668912887573242e-01
1.213196992874145508e+00
1.217229127883911133e+00
1.217784643173217773e+00
1.223417043685913086e+00
1.193515300750732422e+00
1.264796733856201172e+00
1.173967957496643066e+00
1.312345743179321289e+00
1.152141571044921875e+00
1.427994251251220703e+00
1.027352094650268555e+00
8.932100534439086914e-01
1.021905183792114258e+00
1.198579430580139160e+00
1.145892620086669922e+00
1.033020973205566406e+00
1.032659649848937988e+00
1.080265045166015625e+00
1.003412604331970215e+00
1.065649628639221191e+00
1.198592424392700195e+00
1.284019112586975098e+00
1.284019112586975098e+00
1.284018158912658691e+00
1.312420010566711426e+00
1.209272980690002441e+00
1.120230913162231445e+00
1.340081810951232910e+00
1.138953924179077148e+00
1.257135152816772461e+00
1.035637140274047852e+00
8.842647671699523926e-01
9.442132711410522461e-01
9.347105026245117188e-01
9.347039461135864258e-01
1.078780412673950195e+00
1.176369190216064453e+00
1.176369190216064453e+00
1.016816377639770508e+00
9.323097467422485352e-01
1.191827297210693359e+00
1.191823482513427734e+00
1.114331841468811035e+00
1.034816861152648926e+00
1.262804269790649414e+00
1.047205924987792969e+00
1.000878214836120605e+00
1.051081895828247070e+00
1.196421146392822266e+00
1.077601909637451172e+00
1.065025806427001953e+00
9.875303506851196289e-01
1.064960718154907227e+00
1.065025806427001953e+00
1.068369626998901367e+00
1.120190858840942383e+00
1.125006437301635742e+00
1.128634572029113770e+00
1.220754384994506836e+00
1.358861446380615234e+00
1.148056507110595703e+00
1.204897046089172363e+00
1.204902648925781250e+00
1.204902768135070801e+00
1.127535223960876465e+00
1.147302865982055664e+00
1.147302865982055664e+00
1.147279500961303711e+00
8.353547453880310059e-01
8.201122879981994629e-01
9.367892146110534668e-01
9.305257797241210938e-01
8.530304431915283203e-01
8.530304431915283203e-01
8.530304431915283203e-01
8.551911115646362305e-01
9.305258989334106445e-01
9.305258989334106445e-01
9.305258989334106445e-01
9.305258989334106445e-01
9.305258989334106445e-01
9.304926991462707520e-01
8.668159246444702148e-01
8.530308008193969727e-01
9.305258989334106445e-01
9.305258989334106445e-01
9.305258989334106445e-01
9.305258989334106445e-01
9.305258989334106445e-01
9.305258989334106445e-01
9.305258989334106445e-01
9.305258989334106445e-01
9.304274320602416992e-01
9.304826259613037109e-01
9.305258989334106445e-01
9.443113803863525391e-01
8.668159246444702148e-01
9.443023204803466797e-01
9.443113803863525391e-01
9.305258989334106445e-01
9.305258989334106445e-01
9.305258989334106445e-01
9.305258989334106445e-01
9.305258989334106445e-01
9.305258989334106445e-01
9.305258989334106445e-01
9.305258989334106445e-01
9.305258989334106445e-01
9.443113803863525391e-01
9.443113803863525391e-01
9.443113803863525391e-01
9.443113803863525391e-01
9.443113803863525391e-01
9.305258989334106445e-01
9.305258989334106445e-01
9.007411003112792969e-01
8.940867781639099121e-01
9.298561811447143555e-01
9.305232763290405273e-01
9.443113803863525391e-01
9.443215727806091309e-01
9.483537673950195312e-01
1.068296313285827637e+00
1.136351823806762695e+00
1.043472170829772949e+00
9.537607431411743164e-01
9.537607431411743164e-01
9.460706114768981934e-01
8.741099834442138672e-01
8.570351600646972656e-01
8.455757498741149902e-01
1.011081576347351074e+00
1.104431748390197754e+00
1.437409162521362305e+00
1.425830364227294922e+00
1.487533330917358398e+00
1.431384444236755371e+00
1.210550069808959961e+00
1.151289701461791992e+00
1.072829604148864746e+00
1.038118839263916016e+00
1.284018993377685547e+00
1.284019112586975098e+00
1.283644199371337891e+00
1.189504861831665039e+00
1.197921514511108398e+00
1.189504861831665039e+00
1.189504623413085938e+00
1.240778923034667969e+00
1.182067632675170898e+00
1.154537439346313477e+00
1.154537439346313477e+00
1.154537439346313477e+00
1.156295299530029297e+00
1.198638677597045898e+00
1.382979750633239746e+00
1.350555181503295898e+00
1.390440464019775391e+00
1.449392318725585938e+00
1.235225081443786621e+00
1.284019112586975098e+00
1.284018278121948242e+00
1.284019112586975098e+00
1.284019112586975098e+00
1.243535995483398438e+00
1.251278400421142578e+00
1.112968683242797852e+00
1.284019112586975098e+00
1.284019112586975098e+00
1.283894300460815430e+00
1.230870723724365234e+00
1.125143885612487793e+00
1.131383180618286133e+00
1.131346702575683594e+00
1.011965155601501465e+00
1.217116355895996094e+00
1.369506359100341797e+00
1.411844253540039062e+00
1.381329178810119629e+00
1.445723056793212891e+00
1.338383913040161133e+00
1.324580192565917969e+00
1.324579238891601562e+00
1.324579238891601562e+00
1.070695281028747559e+00
1.153059959411621094e+00
9.870923757553100586e-01
1.042343854904174805e+00
1.067578911781311035e+00
1.247573614120483398e+00
1.227305173873901367e+00
1.078233957290649414e+00
1.138842821121215820e+00
1.075826644897460938e+00
1.015776634216308594e+00
9.764720201492309570e-01
9.944080710411071777e-01
1.031174421310424805e+00
9.300605654716491699e-01
9.506868124008178711e-01
1.120609283447265625e+00
1.058563351631164551e+00
1.135306358337402344e+00
1.120289087295532227e+00
1.187680482864379883e+00
1.053027868270874023e+00
1.083738684654235840e+00
1.357693195343017578e+00
1.288810729980468750e+00
1.090517520904541016e+00
1.099693417549133301e+00
1.157445669174194336e+00
1.168421745300292969e+00
1.168457508087158203e+00
1.090963125228881836e+00
1.090962409973144531e+00
1.090964555740356445e+00
1.110856771469116211e+00
1.110857963562011719e+00
1.110857963562011719e+00
1.110857963562011719e+00
1.110857486724853516e+00
8.704410791397094727e-01
8.600705862045288086e-01
8.404563665390014648e-01
8.891764879226684570e-01
1.168457746505737305e+00
1.168457746505737305e+00
1.168457746505737305e+00
8.205952644348144531e-01
9.809852838516235352e-01
1.127334117889404297e+00
1.057940244674682617e+00
1.037618517875671387e+00
1.189403295516967773e+00
9.839015007019042969e-01
1.368377685546875000e+00
1.088726520538330078e+00
1.237471580505371094e+00
1.133675575256347656e+00
1.136760711669921875e+00
1.280353546142578125e+00
1.481577634811401367e+00
1.136760711669921875e+00
1.033835530281066895e+00
9.115262627601623535e-01
9.510853886604309082e-01
9.510982036590576172e-01
1.028580904006958008e+00
1.104187726974487305e+00
1.108093500137329102e+00
1.108108401298522949e+00
1.143748283386230469e+00
1.090962409973144531e+00
1.090962409973144531e+00
1.168457746505737305e+00
1.168456792831420898e+00
8.162503242492675781e-01
9.417853951454162598e-01
9.078664779663085938e-01
7.142207622528076172e-01
9.594318866729736328e-01
1.063779115676879883e+00
1.061450004577636719e+00
8.989596366882324219e-01
8.989596366882324219e-01
9.008459448814392090e-01
8.940808773040771484e-01
1.314062118530273438e+00
1.168457746505737305e+00
1.168457746505737305e+00
1.091034770011901855e+00
1.168451666831970215e+00
8.586102128028869629e-01
7.263952493667602539e-01
8.037037849426269531e-01
8.047060966491699219e-01
9.417854547500610352e-01
8.165854215621948242e-01
9.417854547500610352e-01
9.415740370750427246e-01
8.940808773040771484e-01
7.805391550064086914e-01
1.050610542297363281e+00
1.180784225463867188e+00
1.181339502334594727e+00
1.181414842605590820e+00
1.213843822479248047e+00
1.008081078529357910e+00
8.890174627304077148e-01
8.948401808738708496e-01
8.940810561180114746e-01
9.008459448814392090e-01
9.023050069808959961e-01
1.016046404838562012e+00
8.277899026870727539e-01
8.730359673500061035e-01
8.732090592384338379e-01
8.730375766754150391e-01
8.163752555847167969e-01
9.266681671142578125e-01
9.267685413360595703e-01
9.267783164978027344e-01
1.188168764114379883e+00
1.212894201278686523e+00
8.940808773040771484e-01
8.940808773040771484e-01
8.940809965133666992e-01
8.709969520568847656e-01
8.303655385971069336e-01
9.078663587570190430e-01
8.940816521644592285e-01
8.944210410118103027e-01
8.940812945365905762e-01
9.078034162521362305e-01
9.078564643859863281e-01
8.940848708152770996e-01
9.078664779663085938e-01
8.117031455039978027e-01
9.819976687431335449e-01
8.117297291755676270e-01
8.402663469314575195e-01
1.117980241775512695e+00
9.308526515960693359e-01
8.155831098556518555e-01
9.075548052787780762e-01
8.313535451889038086e-01
8.218165636062622070e-01
8.118099570274353027e-01
8.716059923171997070e-01
8.308613300323486328e-01
8.117026090621948242e-01
9.078664779663085938e-01
9.217450618743896484e-01
9.417854547500610352e-01
8.715827465057373047e-01
7.272249460220336914e-01
7.928019762039184570e-01
8.940808773040771484e-01
8.303710222244262695e-01
8.940808773040771484e-01
8.940808773040771484e-01
8.940808773040771484e-01
8.303710222244262695e-01
8.940808773040771484e-01
8.940808773040771484e-01
8.940808773040771484e-01
8.940808773040771484e-01
8.735103607177734375e-01
8.170091509819030762e-01
8.940808773040771484e-01
8.940808773040771484e-01
8.940808773040771484e-01
9.078353643417358398e-01
9.078664779663085938e-01
9.078664779663085938e-01
9.078664779663085938e-01
9.078664779663085938e-01
9.078664779663085938e-01
9.078664779663085938e-01
9.078663587570190430e-01
9.059396982192993164e-01
9.078664779663085938e-01
9.078664779663085938e-01
9.078664779663085938e-01
8.940808773040771484e-01
9.078663587570190430e-01
9.078664779663085938e-01
8.590481877326965332e-01
8.303710222244262695e-01
8.544465899467468262e-01
9.078664779663085938e-01
9.070475101470947266e-01
9.078664779663085938e-01
8.940808773040771484e-01
8.940808773040771484e-01
8.940808773040771484e-01
8.940808773040771484e-01
8.940808773040771484e-01
8.940808773040771484e-01
8.940808773040771484e-01
8.940808773040771484e-01
8.940808773040771484e-01
9.078664779663085938e-01
9.079363346099853516e-01
9.742662906646728516e-01
9.810313582420349121e-01
9.810222387313842773e-01
1.082441806793212891e+00
1.072408676147460938e+00
9.594323635101318359e-01
1.176763057708740234e+00
1.299595832824707031e+00
1.156984806060791016e+00
9.837262630462646484e-01
9.837262630462646484e-01
9.837263822555541992e-01
1.343548297882080078e+00
1.129483938217163086e+00
1.191309094429016113e+00
1.186643838882446289e+00
1.329851150512695312e+00
1.018283486366271973e+00
1.016397237777709961e+00
1.336607575416564941e+00
1.336648702621459961e+00
1.246898889541625977e+00
7.614790201187133789e-01
5.995028018951416016e-01
6.938693523406982422e-01
1.193009376525878906e+00
1.191785573959350586e+00
1.191785573959350586e+00
1.160407543182373047e+00
1.129587888717651367e+00
1.288337945938110352e+00
9.747705459594726562e-01
9.714820384979248047e-01
9.550795555114746094e-01
9.547190666198730469e-01
9.684556722640991211e-01
9.546635150909423828e-01
9.536801576614379883e-01
9.418288469314575195e-01
9.545724391937255859e-01
9.684480428695678711e-01
1.026065826416015625e+00
1.228896141052246094e+00
1.420670270919799805e+00
1.440726280212402344e+00
1.371580123901367188e+00
1.364335536956787109e+00
1.023962497711181641e+00
8.949148654937744141e-01
8.191038966178894043e-01
1.043451189994812012e+00
1.087401866912841797e+00
1.111224412918090820e+00
1.200465679168701172e+00
1.068849444389343262e+00
8.311468958854675293e-01
1.087374448776245117e+00
1.286313772201538086e+00
1.115634441375732422e+00
1.141790866851806641e+00
1.108565092086791992e+00
1.108634233474731445e+00
1.095793843269348145e+00
1.194029092788696289e+00
1.205324411392211914e+00
1.030768990516662598e+00
1.003165483474731445e+00
1.105961918830871582e+00
1.198523998260498047e+00
1.197886943817138672e+00
1.039088606834411621e+00
1.038329601287841797e+00
1.026701211929321289e+00
1.009066224098205566e+00
1.071070551872253418e+00
8.957096338272094727e-01
8.892868757247924805e-01
8.656603097915649414e-01
1.004830121994018555e+00
1.062482357025146484e+00
1.062670707702636719e+00
1.116386055946350098e+00
1.182156085968017578e+00
1.207792282104492188e+00
1.207767248153686523e+00
1.231804132461547852e+00
1.231588602066040039e+00
1.184391975402832031e+00
1.184413909912109375e+00
1.123317241668701172e+00
1.224046945571899414e+00
1.224915266036987305e+00
1.097442626953125000e+00
1.183845281600952148e+00
1.092189788818359375e+00
1.110843658447265625e+00
1.110807061195373535e+00
1.058270454406738281e+00
1.058261513710021973e+00
1.182899713516235352e+00
9.131470918655395508e-01
8.402819633483886719e-01
8.402720689773559570e-01
8.402852416038513184e-01
1.079907178878784180e+00
1.201987743377685547e+00
1.254979848861694336e+00
8.977912664413452148e-01
8.303976058959960938e-01
1.063445091247558594e+00
8.330934047698974609e-01
9.078664779663085938e-01
9.078664779663085938e-01
9.008459448814392090e-01
9.078664779663085938e-01
9.416810870170593262e-01
9.249498844146728516e-01
9.008459448814392090e-01
9.008459448814392090e-01
9.075517654418945312e-01
1.224891662597656250e+00
1.326426744461059570e+00
1.094424366950988770e+00
1.025923609733581543e+00
9.787555336952209473e-01
9.862829446792602539e-01
9.906129837036132812e-01
9.642247557640075684e-01
9.648652672767639160e-01
1.409258604049682617e+00
1.429394483566284180e+00
1.301759243011474609e+00
1.073730468750000000e+00
1.431477308273315430e+00
1.132183790206909180e+00
1.225121974945068359e+00
1.044447660446166992e+00
1.076154947280883789e+00
1.117398023605346680e+00
1.079447269439697266e+00
1.035347104072570801e+00
1.173501968383789062e+00
1.383283257484436035e+00
1.159976243972778320e+00
9.353438615798950195e-01
9.324420690536499023e-01
9.324181079864501953e-01
9.332692027091979980e-01
9.510852098464965820e-01
9.839502573013305664e-01
1.108090639114379883e+00
1.090962409973144531e+00
1.182316064834594727e+00
1.220595836639404297e+00
9.419687986373901367e-01
9.629293084144592285e-01
9.837262630462646484e-01
9.636979103088378906e-01
9.730247259140014648e-01
1.362415552139282227e+00
1.272186994552612305e+00
1.103904962539672852e+00
1.039241075515747070e+00
1.043393850326538086e+00
1.168174147605895996e+00
1.168385505676269531e+00
1.269531726837158203e+00
1.325405120849609375e+00
1.278750419616699219e+00
1.318842530250549316e+00
1.319949626922607422e+00
1.193644046783447266e+00
1.201545715332031250e+00
1.061298370361328125e+00
1.092188119888305664e+00
1.090962409973144531e+00
1.090962409973144531e+00
1.076960563659667969e+00
9.937913417816162109e-01
8.400770425796508789e-01
8.403458595275878906e-01
1.162810206413269043e+00
1.058270573616027832e+00
1.107982158660888672e+00
1.146929740905761719e+00
8.387361764907836914e-01
9.078767299652099609e-01
8.949854373931884766e-01
1.272339582443237305e+00
1.067034006118774414e+00
1.063146829605102539e+00
1.068531274795532227e+00
1.075973153114318848e+00
1.062679767608642578e+00
1.103908896446228027e+00
7.521889805793762207e-01
7.616989612579345703e-01
8.303605318069458008e-01
8.303710222244262695e-01
8.303710222244262695e-01
8.303710222244262695e-01
8.303710222244262695e-01
8.303710222244262695e-01
8.303710222244262695e-01
8.303710222244262695e-01
8.303710222244262695e-01
8.303710222244262695e-01
7.631907463073730469e-01
7.141221165657043457e-01
8.117025494575500488e-01
8.302265405654907227e-01
8.303710222244262695e-01
8.303710222244262695e-01
8.303710222244262695e-01
8.303710222244262695e-01
8.303710222244262695e-01
8.303710222244262695e-01
8.165854215621948242e-01
7.878019213676452637e-01
8.303710222244262695e-01
1.176752090454101562e+00
1.180784225463867188e+00
1.181339502334594727e+00
1.181414842605590820e+00
1.213843822479248047e+00
1.219027042388916016e+00
1.251396417617797852e+00
1.245742082595825195e+00
1.254051208496093750e+00
1.618724942207336426e+00
1.348181962966918945e+00
1.325320482254028320e+00
1.070183515548706055e+00
1.279170632362365723e+00
1.323271989822387695e+00
1.239278078079223633e+00
1.307723045349121094e+00
1.175699472427368164e+00
1.122929573059082031e+00
1.194917917251586914e+00
1.279175639152526855e+00
1.279178380966186523e+00
1.411314725875854492e+00
1.405530452728271484e+00
1.147678852081298828e+00
1.346271157264709473e+00
1.229858517646789551e+00
1.137861251831054688e+00
1.131096482276916504e+00
1.162498474121093750e+00
1.033687472343444824e+00
1.075998544692993164e+00
1.137861013412475586e+00
1.137860774993896484e+00
1.169545531272888184e+00
1.341015815734863281e+00
1.256154537200927734e+00
1.118272781372070312e+00
1.121152400970458984e+00
1.280729770660400391e+00
1.280716419219970703e+00
1.280660867691040039e+00
1.142772793769836426e+00
1.149800419807434082e+00
1.143862962722778320e+00
1.144014000892639160e+00
1.125849723815917969e+00
1.125904321670532227e+00
9.908210039138793945e-01
9.767273068428039551e-01
9.357877969741821289e-01
9.617104530334472656e-01
9.617104530334472656e-01
9.617104530334472656e-01
9.617103338241577148e-01
9.549666643142700195e-01
8.387693166732788086e-01
9.094744324684143066e-01
8.167694807052612305e-01
7.710461616516113281e-01
8.398264646530151367e-01
9.767272472381591797e-01
9.767273068428039551e-01
8.648582696914672852e-01
9.767273068428039551e-01
9.767273068428039551e-01
9.290232062339782715e-01
9.290227890014648438e-01
9.290227890014648438e-01
9.290227890014648438e-01
9.428083896636962891e-01
1.005280613899230957e+00
9.428083896636962891e-01
9.486249089241027832e-01
9.495733976364135742e-01
9.495733976364135742e-01
9.495726823806762695e-01
9.428083896636962891e-01
8.653129339218139648e-01
8.653133511543273926e-01
8.653129339218139648e-01
8.670264482498168945e-01
9.428083896636962891e-01
9.428083896636962891e-01
8.148052692413330078e-01
8.653129339218139648e-01
9.416662454605102539e-01
9.290227890014648438e-01
9.290227890014648438e-01
9.428083896636962891e-01
8.656773567199707031e-01
9.428083896636962891e-01
9.290227890014648438e-01
9.290227890014648438e-01
8.515273332595825195e-01
9.290227890014648438e-01
9.290227890014648438e-01
9.290227890014648438e-01
9.290235042572021484e-01
8.967990279197692871e-01
8.653129339218139648e-01
8.653129339218139648e-01
9.428083896636962891e-01
9.304230213165283203e-01
9.290227890014648438e-01
9.428083896636962891e-01
9.290227890014648438e-01
9.290227890014648438e-01
9.290227890014648438e-01
9.290229082107543945e-01
9.428083896636962891e-01
8.653130531311035156e-01
8.653129339218139648e-01
8.653129339218139648e-01
8.653129339218139648e-01
9.428085088729858398e-01
1.009208202362060547e+00
1.009112834930419922e+00
9.428083896636962891e-01
9.290227890014648438e-01
9.428083896636962891e-01
9.428083896636962891e-01
1.009208202362060547e+00
9.905407428741455078e-01
9.943640232086181641e-01
9.428083896636962891e-01
9.428083896636962891e-01
9.290227890014648438e-01
9.290227890014648438e-01
9.357877969741821289e-01
9.816060662269592285e-01
9.834923744201660156e-01
9.290227890014648438e-01
9.428083896636962891e-01
8.653126955032348633e-01
9.428083896636962891e-01
9.427759647369384766e-01
9.428082704544067383e-01
9.428083896636962891e-01
8.653129339218139648e-01
8.653129339218139648e-01
8.653129339218139648e-01
8.653129339218139648e-01
8.653129339218139648e-01
9.109544754028320312e-01
9.290325641632080078e-01
9.290227890014648438e-01
9.290330410003662109e-01
9.427167177200317383e-01
9.428083896636962891e-01
9.428083896636962891e-01
9.428043961524963379e-01
9.412740468978881836e-01
9.428077936172485352e-01
9.426579475402832031e-01
9.290227890014648438e-01
9.290227890014648438e-01
9.290227890014648438e-01
8.515274524688720703e-01
9.290227890014648438e-01
9.290227890014648438e-01
9.290227890014648438e-01
9.290227890014648438e-01
9.290227890014648438e-01
9.290227890014648438e-01
9.428083896636962891e-01
9.404829740524291992e-01
9.428083896636962891e-01
9.290227890014648438e-01
9.290227890014648438e-01
9.290227890014648438e-01
9.290227890014648438e-01
9.428083896636962891e-01
9.428083896636962891e-01
9.428083896636962891e-01
9.428083896636962891e-01
9.290227890014648438e-01
9.428083896636962891e-01
9.428083896636962891e-01
9.428083896636962891e-01
9.428083896636962891e-01
9.428083896636962891e-01
1.009208202362060547e+00
1.009208202362060547e+00
1.009208202362060547e+00
1.009208202362060547e+00
1.009208202362060547e+00
9.189355969429016113e-01
1.092882275581359863e+00
1.100296020507812500e+00
1.216281414031982422e+00
1.043022990226745605e+00
1.043022990226745605e+00
1.043022990226745605e+00
1.016997933387756348e+00
1.023035407066345215e+00
9.291083812713623047e-01
1.077581048011779785e+00
1.001139283180236816e+00
1.102566480636596680e+00
1.102928638458251953e+00
1.083357095718383789e+00
1.336939334869384766e+00
1.160995483398437500e+00
1.272407293319702148e+00
1.063522815704345703e+00
1.063522815704345703e+00
1.063522815704345703e+00
1.093503117561340332e+00
9.860273003578186035e-01
1.118679285049438477e+00
1.149800419807434082e+00
1.181251764297485352e+00
1.149802684783935547e+00
1.143036603927612305e+00
1.203379869461059570e+00
1.223294496536254883e+00
1.145799875259399414e+00
1.146018981933593750e+00
9.617674350738525391e-01
8.311367034912109375e-01
9.564359784126281738e-01
9.567667245864868164e-01
9.559168815612792969e-01
9.767272472381591797e-01
9.767272472381591797e-01
9.767273068428039551e-01
9.767273068428039551e-01
9.290227890014648438e-01
8.515273332595825195e-01
9.290980100631713867e-01
9.290227890014648438e-01
8.653129339218139648e-01
9.290227890014648438e-01
9.290228486061096191e-01
9.290227890014648438e-01
9.290227890014648438e-01
9.290227890014648438e-01
9.290227890014648438e-01
9.290227890014648438e-01
9.290227890014648438e-01
9.290227890014648438e-01
9.427853822708129883e-01
9.428083896636962891e-01
9.428083896636962891e-01
9.290227890014648438e-01
9.289888143539428711e-01
9.290227890014648438e-01
9.287186861038208008e-01
8.940901160240173340e-01
8.940808773040771484e-01
8.940808773040771484e-01
8.940808773040771484e-01
8.940808773040771484e-01
8.941075801849365234e-01
8.940812349319458008e-01
8.940808773040771484e-01
8.940808773040771484e-01
8.940808773040771484e-01
8.946551084518432617e-01
8.940809369087219238e-01
9.428083896636962891e-01
9.428083896636962891e-01
9.428083896636962891e-01
9.428083896636962891e-01
