4.520664811134338379e-01
4.480372667312622070e-01
3.887912333011627197e-01
1.161434412002563477e+00
1.033592224121093750e+00
9.158535003662109375e-01
9.610081315040588379e-01
9.175992012023925781e-01
9.368154406547546387e-01
8.986699581146240234e-01
8.076733350753784180e-01
6.467128992080688477e-01
6.483806371688842773e-01
6.525980830192565918e-01
5.728623270988464355e-01
4.641982913017272949e-01
4.303151965141296387e-01
4.277021884918212891e-01
5.450329184532165527e-01
5.670011043548583984e-01
3.941636979579925537e-01
1.102725714445114136e-01
1.044373363256454468e-01
1.570661365985870361e-01
4.230601191520690918e-01
6.170867681503295898e-01
9.182279706001281738e-01
1.100998282432556152e+00
1.067358493804931641e+00
9.486756920814514160e-01
8.020671606063842773e-01
7.982706427574157715e-01
7.939374446868896484e-01
7.633308768272399902e-01
8.163580894470214844e-01
9.169074892997741699e-01
8.407997488975524902e-01
8.340997695922851562e-01
8.498808741569519043e-01
7.483048439025878906e-01
6.076407432556152344e-01
9.357637763023376465e-01
8.441165089607238770e-01
4.738529920578002930e-01
6.913436055183410645e-01
7.320234775543212891e-01
6.346595287322998047e-01
3.839640617370605469e-01
3.853492736816406250e-01
4.289335012435913086e-01
7.337539196014404297e-01
3.535819649696350098e-01
3.451326191425323486e-01
3.500084578990936279e-01
3.652701377868652344e-01
3.949520289897918701e-01
6.911038160324096680e-01
6.486756205558776855e-01
4.435232877731323242e-01
5.515157580375671387e-01
6.249250769615173340e-01
6.504290103912353516e-01
6.534166336059570312e-01
5.309636592864990234e-01
5.051387548446655273e-01
3.997355103492736816e-01
3.904193341732025146e-01
4.580234885215759277e-01
4.709452092647552490e-01
5.131557583808898926e-01
4.902496039867401123e-01
4.149211347103118896e-01
3.656811714172363281e-01
4.605477452278137207e-01
2.280974388122558594e-01
9.215345978736877441e-02
2.872608900070190430e-01
3.744922578334808350e-01
3.908652365207672119e-01
3.852064907550811768e-01
3.484852612018585205e-01
3.391029834747314453e-01
3.245905041694641113e-01
4.765951037406921387e-01
3.581349551677703857e-01
3.902713060379028320e-01
4.382168054580688477e-01
4.674942493438720703e-01
5.235515832901000977e-01
5.797373056411743164e-01
5.378422737121582031e-01
4.935498237609863281e-01
4.915373623371124268e-01
5.176045894622802734e-01
5.892466902732849121e-01
7.562322020530700684e-01
6.448369622230529785e-01
6.395965814590454102e-01
5.307058095932006836e-01
1.852795928716659546e-01
5.664036273956298828e-01
5.143283605575561523e-01
7.623931765556335449e-01
7.592694759368896484e-01
7.669234871864318848e-01
4.919236004352569580e-01
4.337697625160217285e-01
4.788646697998046875e-01
5.335588455200195312e-01
6.704903244972229004e-01
7.124564647674560547e-01
6.745612621307373047e-01
5.440344810485839844e-01
3.114311695098876953e-01
4.144954383373260498e-01
4.052251577377319336e-01
3.418148159980773926e-01
2.697519659996032715e-01
2.972322702407836914e-01
2.819831073284149170e-01
4.262009859085083008e-01
5.371229052543640137e-01
5.240126848220825195e-01
7.642847895622253418e-01
6.759081482887268066e-01
5.203043222427368164e-01
4.467025697231292725e-01
3.956589400768280029e-01
3.219950795173645020e-01
3.142741918563842773e-01
3.329404890537261963e-01
3.297790586948394775e-01
3.697093725204467773e-01
5.199854373931884766e-01
5.075740814208984375e-01
5.090832710266113281e-01
5.163602232933044434e-01
5.262413620948791504e-01
5.290311574935913086e-01
5.253034234046936035e-01
4.060830175876617432e-01
5.395213365554809570e-01
5.027375221252441406e-01
4.901217222213745117e-01
4.889894127845764160e-01
4.752594232559204102e-01
4.778797626495361328e-01
5.019873380661010742e-01
5.061571002006530762e-01
5.042325258255004883e-01
4.999302625656127930e-01
4.979658424854278564e-01
4.635725617408752441e-01
4.683712720870971680e-01
5.885275602340698242e-01
5.632162094116210938e-01
5.475926995277404785e-01
4.884970784187316895e-01
5.008572340011596680e-01
4.802191853523254395e-01
5.257136225700378418e-01
5.370210409164428711e-01
5.535267591476440430e-01
5.148781538009643555e-01
4.708392620086669922e-01
5.040689110755920410e-01
4.739822745323181152e-01
4.647375941276550293e-01
4.842095971107482910e-01
4.613832533359527588e-01
4.681468307971954346e-01
4.877113997936248779e-01
4.575520455837249756e-01
4.988350272178649902e-01
5.056166648864746094e-01
4.992132782936096191e-01
4.661962091922760010e-01
5.546692013740539551e-01
5.009245276451110840e-01
5.345783233642578125e-01
5.495029687881469727e-01
5.292572379112243652e-01
5.687655210494995117e-01
6.000388264656066895e-01
5.448145270347595215e-01
5.842794179916381836e-01
5.987163782119750977e-01
5.933434367179870605e-01
5.939325094223022461e-01
7.760945558547973633e-01
6.955705285072326660e-01
6.496675014495849609e-01
5.370838642120361328e-01
1.396248340606689453e-01
7.392087578773498535e-01
5.477094650268554688e-01
5.558335781097412109e-01
4.961589872837066650e-01
3.058815598487854004e-01
6.515280008316040039e-01
8.573964834213256836e-01
8.126639127731323242e-01
8.977532982826232910e-01
5.795265436172485352e-01
1.056153774261474609e+00
8.815032839775085449e-01
8.740516901016235352e-01
9.777682423591613770e-01
9.947203993797302246e-01
1.067230463027954102e+00
1.096382617950439453e+00
8.664489984512329102e-01
1.095979690551757812e+00
1.065184593200683594e+00
1.134496450424194336e+00
9.079782366752624512e-01
9.423979520797729492e-01
9.320674538612365723e-01
9.189496040344238281e-01
9.309092164039611816e-01
8.948597908020019531e-01
1.046801328659057617e+00
7.830038070678710938e-01
6.267914772033691406e-01
7.862136363983154297e-01
6.695642471313476562e-01
6.159422397613525391e-01
4.613250195980072021e-01
4.603543877601623535e-01
4.183130860328674316e-01
2.939650118350982666e-01
3.850187957286834717e-01
2.986136674880981445e-01
2.815757095813751221e-01
3.002569675445556641e-01
3.591600656509399414e-01
3.576915860176086426e-01
2.018738389015197754e-01
-9.286403656005859375e-05
2.998873591423034668e-01
3.195699453353881836e-01
4.691482186317443848e-01
4.225077629089355469e-01
8.376343846321105957e-01
9.757956862449645996e-01
9.501811265945434570e-01
5.210987329483032227e-01
5.419861674308776855e-01
7.869172692298889160e-01
1.031510114669799805e+00
9.911472797393798828e-01
8.462153077125549316e-01
8.897051215171813965e-01
6.005591154098510742e-01
5.661702156066894531e-01
5.985746383666992188e-01
7.924766540527343750e-01
7.969875335693359375e-01
7.695000171661376953e-01
7.556072473526000977e-01
7.736651897430419922e-01
8.592678308486938477e-01
8.522197604179382324e-01
8.484437465667724609e-01
8.475760817527770996e-01
8.624057769775390625e-01
8.736255168914794922e-01
6.487605571746826172e-01
9.897040128707885742e-01
6.531187295913696289e-01
7.709587812423706055e-01
7.930014133453369141e-01
7.566129565238952637e-01
8.863214254379272461e-01
9.005402326583862305e-01
9.372726678848266602e-01
9.323631525039672852e-01
8.575147390365600586e-01
8.376960754394531250e-01
7.763304114341735840e-01
1.059832334518432617e+00
1.223497390747070312e+00
1.221948623657226562e+00
1.235535621643066406e+00
1.244149208068847656e+00
1.255879521369934082e+00
1.282672047615051270e+00
1.297517776489257812e+00
1.302401781082153320e+00
1.306742906570434570e+00
1.332295536994934082e+00
1.338141560554504395e+00
1.301912307739257812e+00
1.309389352798461914e+00
1.310600757598876953e+00
1.299928903579711914e+00
1.362413525581359863e+00
1.408672690391540527e+00
1.458657860755920410e+00
1.488579273223876953e+00
1.466925024986267090e+00
1.457976341247558594e+00
1.457920312881469727e+00
1.462143659591674805e+00
1.433171749114990234e+00
1.409153699874877930e+00
1.462816357612609863e+00
1.500449895858764648e+00
1.467396736145019531e+00
1.489338397979736328e+00
1.515789270401000977e+00
1.529030561447143555e+00
1.504608035087585449e+00
1.514316916465759277e+00
1.532978653907775879e+00
1.548214435577392578e+00
1.554881572723388672e+00
1.556456565856933594e+00
1.557694911956787109e+00
1.561638832092285156e+00
1.563277125358581543e+00
1.564341902732849121e+00
1.564952850341796875e+00
1.565293431282043457e+00
1.565494775772094727e+00
1.563342452049255371e+00
1.465596199035644531e+00
1.467401385307312012e+00
1.528323650360107422e+00
1.507327079772949219e+00
1.507259368896484375e+00
1.507202148437500000e+00
1.523310661315917969e+00
1.502087950706481934e+00
1.484882831573486328e+00
1.470890164375305176e+00
1.468773365020751953e+00
1.468518853187561035e+00
1.468189477920532227e+00
1.466780662536621094e+00
1.460374832153320312e+00
1.427877545356750488e+00
1.479190230369567871e+00
1.477312922477722168e+00
1.435333847999572754e+00
1.409477710723876953e+00
1.456481218338012695e+00
1.447849631309509277e+00
1.417480945587158203e+00
1.371316671371459961e+00
1.438034296035766602e+00
1.388759851455688477e+00
1.417317628860473633e+00
1.491031169891357422e+00
1.452624440193176270e+00
1.519020318984985352e+00
1.390497922897338867e+00
1.390248417854309082e+00
1.391227483749389648e+00
1.465349555015563965e+00
1.464593052864074707e+00
1.458549261093139648e+00
1.397565841674804688e+00
1.382829427719116211e+00
1.398084163665771484e+00
1.400517463684082031e+00
1.419372797012329102e+00
1.400355815887451172e+00
1.342393755912780762e+00
1.339299678802490234e+00
1.382168531417846680e+00
1.380888700485229492e+00
1.380705356597900391e+00
1.380841374397277832e+00
1.381054043769836426e+00
1.372976064682006836e+00
1.369843363761901855e+00
1.369053959846496582e+00
1.356120586395263672e+00
1.359713196754455566e+00
1.415192127227783203e+00
1.384649395942687988e+00
1.333558917045593262e+00
1.329307317733764648e+00
1.407927036285400391e+00
1.412783265113830566e+00
1.407454490661621094e+00
1.387700796127319336e+00
1.281760454177856445e+00
1.266189932823181152e+00
1.258963465690612793e+00
1.246083974838256836e+00
1.245575308799743652e+00
1.300528287887573242e+00
1.291019082069396973e+00
1.326828479766845703e+00
1.356731653213500977e+00
1.368545055389404297e+00
1.371128439903259277e+00
1.369636297225952148e+00
1.370538234710693359e+00
1.310556530952453613e+00
1.287173986434936523e+00
1.277975320816040039e+00
1.280489683151245117e+00
1.298524737358093262e+00
1.273402690887451172e+00
1.297290802001953125e+00
1.297315835952758789e+00
1.297206759452819824e+00
1.289417266845703125e+00
1.274404644966125488e+00
1.286605358123779297e+00
1.293197393417358398e+00
1.300370216369628906e+00
1.305366039276123047e+00
1.308111548423767090e+00
1.309316992759704590e+00
1.309259653091430664e+00
1.308244466781616211e+00
1.306136965751647949e+00
1.302999019622802734e+00
1.298877239227294922e+00
1.294179439544677734e+00
1.255126953125000000e+00
1.247857809066772461e+00
1.249073266983032227e+00
1.287939548492431641e+00
1.231362819671630859e+00
1.322938442230224609e+00
1.301249146461486816e+00
1.248095631599426270e+00
1.254780054092407227e+00
1.108412384986877441e+00
1.130398631095886230e+00
1.131432056427001953e+00
1.297161817550659180e+00
1.311331033706665039e+00
1.288405418395996094e+00
1.261580824851989746e+00
1.302735328674316406e+00
1.319306731224060059e+00
1.371024727821350098e+00
1.475400924682617188e+00
1.391171574592590332e+00
1.392374396324157715e+00
1.735091447830200195e+00
1.702218532562255859e+00
1.654937505722045898e+00
1.677980899810791016e+00
1.604912996292114258e+00
1.639665365219116211e+00
1.609452486038208008e+00
1.567848682403564453e+00
1.584528088569641113e+00
1.568833827972412109e+00
1.643055438995361328e+00
1.623720645904541016e+00
1.629839420318603516e+00
1.598228931427001953e+00
1.650954723358154297e+00
1.579766035079956055e+00
1.531914710998535156e+00
1.533174514770507812e+00
1.522268533706665039e+00
1.517244696617126465e+00
1.547097206115722656e+00
1.650820851325988770e+00
1.680665016174316406e+00
1.652014017105102539e+00
1.676703214645385742e+00
1.674750566482543945e+00
1.615731120109558105e+00
1.571135044097900391e+00
1.589755773544311523e+00
1.650903582572937012e+00
1.655457139015197754e+00
1.653383255004882812e+00
1.577589511871337891e+00
1.534257650375366211e+00
1.531310319900512695e+00
1.537241220474243164e+00
1.519561767578125000e+00
1.592665433883666992e+00
1.502071499824523926e+00
1.498090982437133789e+00
1.560279369354248047e+00
1.522708415985107422e+00
1.543786883354187012e+00
1.550672888755798340e+00
1.551553487777709961e+00
1.552431583404541016e+00
1.552074432373046875e+00
1.531891345977783203e+00
1.483051180839538574e+00
1.476517558097839355e+00
1.443398237228393555e+00
1.435259580612182617e+00
1.411871671676635742e+00
1.359834194183349609e+00
1.352737784385681152e+00
1.365582346916198730e+00
1.468082070350646973e+00
1.413629531860351562e+00
1.289207696914672852e+00
1.274741649627685547e+00
1.281611442565917969e+00
1.480376124382019043e+00
1.480612874031066895e+00
1.440490245819091797e+00
1.456298351287841797e+00
1.447429299354553223e+00
1.450836896896362305e+00
1.438206434249877930e+00
1.305234909057617188e+00
1.294389009475708008e+00
1.366861939430236816e+00
1.411348342895507812e+00
1.469545364379882812e+00
1.469582676887512207e+00
1.469445705413818359e+00
1.455161333084106445e+00
1.455463647842407227e+00
1.476830244064331055e+00
1.472169399261474609e+00
1.469924211502075195e+00
1.469622611999511719e+00
1.469619512557983398e+00
1.469709634780883789e+00
1.469937562942504883e+00
1.439491271972656250e+00
1.438532829284667969e+00
1.463732481002807617e+00
1.414004445075988770e+00
1.521797180175781250e+00
1.573431849479675293e+00
1.577776670455932617e+00
1.594132304191589355e+00
1.130938053131103516e+00
1.096186637878417969e+00
1.049670100212097168e+00
1.182745099067687988e+00
1.082256913185119629e+00
1.163207769393920898e+00
1.270277976989746094e+00
1.296894431114196777e+00
1.291920900344848633e+00
1.345294237136840820e+00
1.290381193161010742e+00
1.250477313995361328e+00
1.021034479141235352e+00
9.904145002365112305e-01
1.251001000404357910e+00
1.215128183364868164e+00
1.194793939590454102e+00
1.191648483276367188e+00
1.197507381439208984e+00
1.416125416755676270e+00
1.357586145401000977e+00
1.221296072006225586e+00
1.196409702301025391e+00
1.156969189643859863e+00
1.082629919052124023e+00
1.307811021804809570e+00
9.607725143432617188e-01
7.016429901123046875e-01
7.686102390289306641e-01
1.019978761672973633e+00
1.010032296180725098e+00
9.963987469673156738e-01
9.510173797607421875e-01
9.791579246520996094e-01
1.002034664154052734e+00
1.000445365905761719e+00
8.899356722831726074e-01
9.453824758529663086e-01
9.958262443542480469e-01
9.400912523269653320e-01
8.909977674484252930e-01
7.626172304153442383e-01
4.620896279811859131e-01
4.270381927490234375e-01
7.605910897254943848e-01
6.784195899963378906e-01
5.953146219253540039e-01
5.020081996917724609e-01
5.657328367233276367e-01
4.914777278900146484e-01
5.896064043045043945e-01
1.012926816940307617e+00
1.004333257675170898e+00
8.120731711387634277e-01
6.422716975212097168e-01
8.216251134872436523e-01
9.923685789108276367e-01
9.310570359230041504e-01
1.049518704414367676e+00
1.047358870506286621e+00
1.061455130577087402e+00
1.071414351463317871e+00
1.056371688842773438e+00
9.957354664802551270e-01
1.115001916885375977e+00
1.081833839416503906e+00
1.114126086235046387e+00
1.203309774398803711e+00
1.229263067245483398e+00
1.292158484458923340e+00
1.301260113716125488e+00
1.299415826797485352e+00
1.299152851104736328e+00
1.264443516731262207e+00
1.298468112945556641e+00
1.298641324043273926e+00
1.297407627105712891e+00
1.244916200637817383e+00
1.266905546188354492e+00
1.293999195098876953e+00
1.307804346084594727e+00
1.291594505310058594e+00
1.277504444122314453e+00
1.382424592971801758e+00
1.234381437301635742e+00
1.210430383682250977e+00
1.242199659347534180e+00
1.307107210159301758e+00
1.211821556091308594e+00
1.212372541427612305e+00
1.235716104507446289e+00
1.251079440116882324e+00
1.250108718872070312e+00
1.243724584579467773e+00
1.240977287292480469e+00
1.241580009460449219e+00
1.249261617660522461e+00
1.249490261077880859e+00
1.233040094375610352e+00
1.161298751831054688e+00
1.185535192489624023e+00
1.156940221786499023e+00
1.154749393463134766e+00
1.154417395591735840e+00
1.154541015625000000e+00
1.154366135597229004e+00
1.153221487998962402e+00
1.152963519096374512e+00
1.168742895126342773e+00
1.168341755867004395e+00
1.137769937515258789e+00
1.134797811508178711e+00
1.135559916496276855e+00
1.134896039962768555e+00
1.149256110191345215e+00
1.043695688247680664e+00
9.994027614593505859e-01
9.983634352684020996e-01
9.988291263580322266e-01
9.993807673454284668e-01
9.985541105270385742e-01
9.984346032142639160e-01
9.988114237785339355e-01
1.033912420272827148e+00
1.106098175048828125e+00
1.110858440399169922e+00
1.129061460494995117e+00
1.146691083908081055e+00
1.129020214080810547e+00
1.113855481147766113e+00
9.990859627723693848e-01
1.037883996963500977e+00
1.193307876586914062e+00
1.498788237571716309e+00
1.501505374908447266e+00
1.307477235794067383e+00
1.256178617477416992e+00
1.067414045333862305e+00
1.059567451477050781e+00
1.254095435142517090e+00
1.227953433990478516e+00
1.250465869903564453e+00
1.239807844161987305e+00
1.313613653182983398e+00
7.612762451171875000e-01
7.909277677536010742e-01
8.809210062026977539e-01
9.222226142883300781e-01
1.157156229019165039e+00
1.122711181640625000e+00
1.058440089225769043e+00
9.974349737167358398e-01
9.705302715301513672e-01
1.102630853652954102e+00
9.154914021492004395e-01
8.999019861221313477e-01
7.345541715621948242e-01
7.353335618972778320e-01
6.344670057296752930e-01
6.239379048347473145e-01
5.964404344558715820e-01
7.164207696914672852e-01
8.270397782325744629e-01
8.303412199020385742e-01
8.233813047409057617e-01
5.968489646911621094e-01
4.041656851768493652e-01
3.324736356735229492e-01
3.887997567653656006e-01
3.524985909461975098e-01
3.948960900306701660e-01
5.023078322410583496e-01
5.276525020599365234e-01
4.204505681991577148e-01
4.652440547943115234e-01
9.618122577667236328e-01
6.874029040336608887e-01
3.175470829010009766e-01
4.119459986686706543e-01
4.646089673042297363e-01
3.303578495979309082e-01
6.380938887596130371e-01
5.247907042503356934e-01
5.128143429756164551e-01
5.770494937896728516e-01
8.508608937263488770e-01
1.045504331588745117e+00
9.185043573379516602e-01
8.511283397674560547e-01
1.085418581962585449e+00
1.045279741287231445e+00
1.091887474060058594e+00
1.091781139373779297e+00
1.092791676521301270e+00
1.041646242141723633e+00
9.050113558769226074e-01
1.037225008010864258e+00
9.633168578147888184e-01
1.039429306983947754e+00
1.040240526199340820e+00
1.035317063331604004e+00
1.038983821868896484e+00
1.126160383224487305e+00
1.194315671920776367e+00
1.261963844299316406e+00
1.121132969856262207e+00
1.082902073860168457e+00
1.156880497932434082e+00
1.029633998870849609e+00
1.089735984802246094e+00
1.061045408248901367e+00
1.123176813125610352e+00
1.123267292976379395e+00
1.129956483840942383e+00
1.136924028396606445e+00
1.142379283905029297e+00
1.127949118614196777e+00
1.148677825927734375e+00
1.213084816932678223e+00
1.157606840133666992e+00
1.166339159011840820e+00
1.180475354194641113e+00
1.125389695167541504e+00
1.155809998512268066e+00
1.262483596801757812e+00
1.266827583312988281e+00
1.272908687591552734e+00
1.291307449340820312e+00
1.299879670143127441e+00
1.325227141380310059e+00
1.242322683334350586e+00
1.364012956619262695e+00
1.356480717658996582e+00
1.418555259704589844e+00
1.404870152473449707e+00
1.356222152709960938e+00
1.348788261413574219e+00
1.394739747047424316e+00
1.416877746582031250e+00
1.415180444717407227e+00
1.399019479751586914e+00
1.393233656883239746e+00
1.384680390357971191e+00
1.392780542373657227e+00
1.408067941665649414e+00
1.399879217147827148e+00
1.392444849014282227e+00
1.396055221557617188e+00
1.375750541687011719e+00
1.394289612770080566e+00
1.465702414512634277e+00
1.353539586067199707e+00
1.183174729347229004e+00
1.172794580459594727e+00
1.232624650001525879e+00
1.330500483512878418e+00
1.250934362411499023e+00
9.873414039611816406e-01
8.833034038543701172e-01
8.550847172737121582e-01
1.050785303115844727e+00
1.110083222389221191e+00
1.113271951675415039e+00
1.132724523544311523e+00
9.019829034805297852e-01
8.365418314933776855e-01
8.189166784286499023e-01
8.417102694511413574e-01
6.323267817497253418e-01
4.750106930732727051e-01
6.083139181137084961e-01
8.900973796844482422e-01
9.752191901206970215e-01
9.480745792388916016e-01
9.443951845169067383e-01
9.453626275062561035e-01
9.481657147407531738e-01
9.501959681510925293e-01
9.109150767326354980e-01
9.580209851264953613e-01
8.871549963951110840e-01
9.949727058410644531e-01
9.748896956443786621e-01
1.057046890258789062e+00
1.005061030387878418e+00
1.118855476379394531e+00
1.122649312019348145e+00
1.069418907165527344e+00
1.039499521255493164e+00
1.028560400009155273e+00
1.174994230270385742e+00
1.211943149566650391e+00
1.233596563339233398e+00
1.133643627166748047e+00
1.125229835510253906e+00
1.281827807426452637e+00
1.275467038154602051e+00
1.288818597793579102e+00
1.354449033737182617e+00
1.074827075004577637e+00
7.087170481681823730e-01
9.779022932052612305e-01
8.375306129455566406e-01
9.203303456306457520e-01
8.858384490013122559e-01
9.260272383689880371e-01
1.031603455543518066e+00
9.190977811813354492e-01
8.995285630226135254e-01
9.527611136436462402e-01
9.547145366668701172e-01
9.938239455223083496e-01
9.949406385421752930e-01
9.114463329315185547e-01
9.104183316230773926e-01
9.934870004653930664e-01
1.031697988510131836e+00
9.426552057266235352e-01
1.041847825050354004e+00
1.098390340805053711e+00
1.168915390968322754e+00
1.184518933296203613e+00
1.241832733154296875e+00
1.277364134788513184e+00
1.283559560775756836e+00
1.278411626815795898e+00
1.232786417007446289e+00
1.134908795356750488e+00
1.127217769622802734e+00
1.148975610733032227e+00
1.230002164840698242e+00
1.320462226867675781e+00
1.324547886848449707e+00
1.312920331954956055e+00
1.282335281372070312e+00
1.237657785415649414e+00
1.173581838607788086e+00
1.172699451446533203e+00
1.279412031173706055e+00
1.295015931129455566e+00
1.273521423339843750e+00
1.103935837745666504e+00
9.618780016899108887e-01
1.047897934913635254e+00
1.113096714019775391e+00
1.253250241279602051e+00
1.321012496948242188e+00
1.410541057586669922e+00
1.222856044769287109e+00
1.160540580749511719e+00
1.107493877410888672e+00
1.124626517295837402e+00
1.132441043853759766e+00
1.139093875885009766e+00
1.049803733825683594e+00
1.062006473541259766e+00
1.239796280860900879e+00
1.235138893127441406e+00
1.244957685470581055e+00
1.336191415786743164e+00
1.272481560707092285e+00
1.270003318786621094e+00
1.299252986907958984e+00
1.301879167556762695e+00
1.280755043029785156e+00
1.240767240524291992e+00
1.234683990478515625e+00
1.222753405570983887e+00
1.221552133560180664e+00
1.231010079383850098e+00
1.255517125129699707e+00
1.262250661849975586e+00
1.256665229797363281e+00
1.278856396675109863e+00
1.197679638862609863e+00
1.228500247001647949e+00
1.228871107101440430e+00
1.256441593170166016e+00
1.248329162597656250e+00
1.263885498046875000e+00
1.284332990646362305e+00
1.283576488494873047e+00
1.311172604560852051e+00
1.275368571281433105e+00
1.312923908233642578e+00
1.314300537109375000e+00
1.292270183563232422e+00
1.300489187240600586e+00
1.353002786636352539e+00
1.363522171974182129e+00
1.315576076507568359e+00
1.271980166435241699e+00
1.232111215591430664e+00
1.224985480308532715e+00
1.223893404006958008e+00
1.221036553382873535e+00
1.283139944076538086e+00
1.226707220077514648e+00
1.215020656585693359e+00
1.231238126754760742e+00
1.220839738845825195e+00
1.200227618217468262e+00
1.219034194946289062e+00
1.250509738922119141e+00
1.216933727264404297e+00
1.165791273117065430e+00
1.149269461631774902e+00
1.148498058319091797e+00
1.148354172706604004e+00
1.102194547653198242e+00
1.148319005966186523e+00
1.116345524787902832e+00
1.155886650085449219e+00
1.130537748336791992e+00
1.127836585044860840e+00
1.134091973304748535e+00
1.134283781051635742e+00
1.135618448257446289e+00
1.148659467697143555e+00
1.148363590240478516e+00
1.138464450836181641e+00
1.113734722137451172e+00
1.127238273620605469e+00
1.113991141319274902e+00
1.123318910598754883e+00
1.089712619781494141e+00
9.831986427307128906e-01
9.826627969741821289e-01
9.791172146797180176e-01
9.891459941864013672e-01
1.090407133102416992e+00
1.109511375427246094e+00
1.131259679794311523e+00
1.132488250732421875e+00
1.132276773452758789e+00
1.130029439926147461e+00
1.115092158317565918e+00
1.181218385696411133e+00
1.181970834732055664e+00
1.183054685592651367e+00
1.183543682098388672e+00
1.264636874198913574e+00
1.042576789855957031e+00
1.405989766120910645e+00
1.154949426651000977e+00
1.085831403732299805e+00
1.019808292388916016e+00
1.229084014892578125e+00
1.277980923652648926e+00
1.324420094490051270e+00
1.212651848793029785e+00
1.269449949264526367e+00
1.227137446403503418e+00
1.270707130432128906e+00
1.332878112792968750e+00
1.420723199844360352e+00
1.294351220130920410e+00
1.278734683990478516e+00
1.314292907714843750e+00
1.280331254005432129e+00
1.191689848899841309e+00
1.124395370483398438e+00
1.115815162658691406e+00
1.097440004348754883e+00
8.880299925804138184e-01
9.008296728134155273e-01
9.109115600585937500e-01
9.074403643608093262e-01
8.568636178970336914e-01
6.689444780349731445e-01
8.834577798843383789e-01
7.377027273178100586e-01
1.001984357833862305e+00
1.263002157211303711e+00
9.707919359207153320e-01
9.868732690811157227e-01
9.906370043754577637e-01
9.756480455398559570e-01
1.023443698883056641e+00
1.044107913970947266e+00
1.012332916259765625e+00
1.095301985740661621e+00
1.114920616149902344e+00
1.239464521408081055e+00
1.235736727714538574e+00
1.189373254776000977e+00
1.155886769294738770e+00
1.198929548263549805e+00
1.229627847671508789e+00
1.209689617156982422e+00
9.289299845695495605e-01
9.599960446357727051e-01
1.190440416336059570e+00
1.234052419662475586e+00
1.217121839523315430e+00
1.213951349258422852e+00
1.184785127639770508e+00
1.125321626663208008e+00
1.169950485229492188e+00
1.042981028556823730e+00
1.046047449111938477e+00
1.245964884757995605e+00
7.759190797805786133e-01
1.234334826469421387e+00
1.042226433753967285e+00
1.025727868080139160e+00
9.667884111404418945e-01
8.660124540328979492e-01
9.804881811141967773e-01
7.166081070899963379e-01
8.428956866264343262e-01
1.053995132446289062e+00
8.870412111282348633e-01
9.547648429870605469e-01
1.107928872108459473e+00
1.069014668464660645e+00
9.960198402404785156e-01
1.002826213836669922e+00
1.104684710502624512e+00
1.083912611007690430e+00
1.091306447982788086e+00
1.165662527084350586e+00
1.273378014564514160e+00
1.305741906166076660e+00
1.280340433120727539e+00
1.110886096954345703e+00
1.251050710678100586e+00
1.206262946128845215e+00
1.210244894027709961e+00
1.280120730400085449e+00
1.165960550308227539e+00
1.233869075775146484e+00
1.273872613906860352e+00
1.260703802108764648e+00
1.260389328002929688e+00
1.254815459251403809e+00
1.227379798889160156e+00
1.244490861892700195e+00
1.274669766426086426e+00
1.289232969284057617e+00
1.311262011528015137e+00
1.333857893943786621e+00
1.360385656356811523e+00
1.369321346282958984e+00
1.369542956352233887e+00
1.282678246498107910e+00
1.194329857826232910e+00
1.199410438537597656e+00
1.222642421722412109e+00
1.232965588569641113e+00
1.234329462051391602e+00
1.225904226303100586e+00
1.232641696929931641e+00
1.244961261749267578e+00
1.241734743118286133e+00
1.205059051513671875e+00
1.170139193534851074e+00
1.160284042358398438e+00
1.161636829376220703e+00
1.161323308944702148e+00
1.156487703323364258e+00
1.144884109497070312e+00
1.138476014137268066e+00
1.137175559997558594e+00
1.132339835166931152e+00
1.164723753929138184e+00
1.153735637664794922e+00
1.151217460632324219e+00
1.150865674018859863e+00
1.110041379928588867e+00
1.094573140144348145e+00
1.130141973495483398e+00
1.168520569801330566e+00
1.144441723823547363e+00
1.129818201065063477e+00
1.134035706520080566e+00
1.129160404205322266e+00
1.101349115371704102e+00
1.088173627853393555e+00
1.115159273147583008e+00
1.113766670227050781e+00
1.113350510597229004e+00
1.110486745834350586e+00
1.109255671501159668e+00
1.109260916709899902e+00
1.109509587287902832e+00
1.111010670661926270e+00
1.109761595726013184e+00
1.109565019607543945e+00
1.148463129997253418e+00
1.148489713668823242e+00
1.148427009582519531e+00
1.142344713211059570e+00
1.094684600830078125e+00
1.091205358505249023e+00
1.092649698257446289e+00
1.090767145156860352e+00
1.099169611930847168e+00
1.115537643432617188e+00
1.133664011955261230e+00
1.119380235671997070e+00
1.128073930740356445e+00
1.127706766128540039e+00
1.152012348175048828e+00
1.159948229789733887e+00
1.160610437393188477e+00
1.164196491241455078e+00
1.168538331985473633e+00
1.172386050224304199e+00
1.176029205322265625e+00
1.165152311325073242e+00
1.152066230773925781e+00
1.152057170867919922e+00
1.152115464210510254e+00
1.152315258979797363e+00
1.152818799018859863e+00
1.152202129364013672e+00
1.146384477615356445e+00
1.133043289184570312e+00
1.119281768798828125e+00
1.111355304718017578e+00
1.104878425598144531e+00
1.089174985885620117e+00
1.072108387947082520e+00
1.059002399444580078e+00
1.037187337875366211e+00
1.042457580566406250e+00
9.230028986930847168e-01
9.198591113090515137e-01
8.962796330451965332e-01
8.838266134262084961e-01
8.836573958396911621e-01
9.321005344390869141e-01
9.667845964431762695e-01
9.675176739692687988e-01
9.686619043350219727e-01
9.699247479438781738e-01
9.698588848114013672e-01
9.540628194808959961e-01
1.015842676162719727e+00
1.009783506393432617e+00
1.143443107604980469e+00
1.174389600753784180e+00
1.149844765663146973e+00
1.166252732276916504e+00
1.230717301368713379e+00
9.365921616554260254e-01
8.536105751991271973e-01
8.956868052482604980e-01
1.121068716049194336e+00
1.147621154785156250e+00
1.147484660148620605e+00
1.181194543838500977e+00
1.172009825706481934e+00
1.191358804702758789e+00
1.094797372817993164e+00
9.502711892127990723e-01
9.317585229873657227e-01
9.426033496856689453e-01
6.668169498443603516e-01
4.595168828964233398e-01
5.966414213180541992e-01
8.967839479446411133e-01
1.036923408508300781e+00
9.939805269241333008e-01
1.053171753883361816e+00
8.946231007575988770e-01
9.821667075157165527e-01
1.002492904663085938e+00
9.454753398895263672e-01
8.705471754074096680e-01
8.519239425659179688e-01
9.668031930923461914e-01
9.842830300331115723e-01
1.041265845298767090e+00
8.431360721588134766e-01
1.036961197853088379e+00
9.399003982543945312e-01
6.185406446456909180e-01
3.811907768249511719e-01
2.714083194732666016e-01
8.350294828414916992e-01
9.098142981529235840e-01
1.226190686225891113e+00
1.020253777503967285e+00
9.111481904983520508e-01
9.867635965347290039e-01
1.358055830001831055e+00
1.238998889923095703e+00
1.262147665023803711e+00
1.059139251708984375e+00
9.538845419883728027e-01
9.363020062446594238e-01
9.711060523986816406e-01
8.819693326950073242e-01
9.571535587310791016e-01
1.080975294113159180e+00
1.218618750572204590e+00
1.131426095962524414e+00
1.077770113945007324e+00
8.581280708312988281e-01
9.149724245071411133e-01
9.349200129508972168e-01
1.010514378547668457e+00
9.425845146179199219e-01
9.019658565521240234e-01
1.068666219711303711e+00
9.111212491989135742e-01
1.258541345596313477e+00
1.127372026443481445e+00
1.115278601646423340e+00
1.115823030471801758e+00
1.106278181076049805e+00
1.076909542083740234e+00
1.063910603523254395e+00
1.183544158935546875e+00
1.353790044784545898e+00
1.281158089637756348e+00
1.287528753280639648e+00
1.407004833221435547e+00
1.392189264297485352e+00
1.376371026039123535e+00
1.400285243988037109e+00
1.478244781494140625e+00
1.489145755767822266e+00
1.465273261070251465e+00
1.393989086151123047e+00
1.366933941841125488e+00
1.366682767868041992e+00
1.366642713546752930e+00
1.366309523582458496e+00
1.362425804138183594e+00
1.347531318664550781e+00
1.341849088668823242e+00
1.342905282974243164e+00
1.132023334503173828e+00
1.055614471435546875e+00
1.019299149513244629e+00
1.093706488609313965e+00
1.151735782623291016e+00
1.090475559234619141e+00
1.249335527420043945e+00
1.254970073699951172e+00
1.194350957870483398e+00
1.230965137481689453e+00
1.257873296737670898e+00
1.237785577774047852e+00
1.216868162155151367e+00
1.220259904861450195e+00
1.230481266975402832e+00
1.261925339698791504e+00
1.252735018730163574e+00
1.300314664840698242e+00
1.259273767471313477e+00
1.333895683288574219e+00
1.313753724098205566e+00
1.214992523193359375e+00
1.215202689170837402e+00
1.201496005058288574e+00
1.205210685729980469e+00
1.220292568206787109e+00
1.194989800453186035e+00
1.216484308242797852e+00
1.230782032012939453e+00
1.230159401893615723e+00
1.227015018463134766e+00
1.223104953765869141e+00
1.220418930053710938e+00
1.218310832977294922e+00
1.212024927139282227e+00
1.198033452033996582e+00
1.147923469543457031e+00
9.766516089439392090e-01
1.078000307083129883e+00
1.053171157836914062e+00
1.040808081626892090e+00
1.187285542488098145e+00
1.278488159179687500e+00
1.247891068458557129e+00
1.247492074966430664e+00
1.248275160789489746e+00
1.248261928558349609e+00
1.243776559829711914e+00
1.235327959060668945e+00
1.205554723739624023e+00
9.941961169242858887e-01
8.988205194473266602e-01
9.597299695014953613e-01
9.560474753379821777e-01
8.129831552505493164e-01
8.126575946807861328e-01
9.256924390792846680e-01
9.032196402549743652e-01
9.474288225173950195e-01
9.675195217132568359e-01
9.943912029266357422e-01
1.126519441604614258e+00
1.087157964706420898e+00
1.088000297546386719e+00
1.144879698753356934e+00
9.002647995948791504e-01
8.011741638183593750e-01
8.639933466911315918e-01
1.223553895950317383e+00
1.142929553985595703e+00
1.141156673431396484e+00
1.087111473083496094e+00
1.125581741333007812e+00
1.125726222991943359e+00
1.110973834991455078e+00
1.132234334945678711e+00
1.233023881912231445e+00
1.239133477210998535e+00
1.180763006210327148e+00
1.156927227973937988e+00
1.165135502815246582e+00
1.112712860107421875e+00
1.107735633850097656e+00
1.041576623916625977e+00
1.044533252716064453e+00
1.058850169181823730e+00
1.097340583801269531e+00
1.099883794784545898e+00
1.099533200263977051e+00
1.097797036170959473e+00
1.090250730514526367e+00
1.070377349853515625e+00
1.057337880134582520e+00
1.050995230674743652e+00
1.046130299568176270e+00
1.045693874359130859e+00
1.042955279350280762e+00
1.042574882507324219e+00
1.041605472564697266e+00
1.038479089736938477e+00
1.033936738967895508e+00
1.030248165130615234e+00
1.026891112327575684e+00
1.022864580154418945e+00
1.020220994949340820e+00
1.036503076553344727e+00
1.055922150611877441e+00
1.055817842483520508e+00
1.055200934410095215e+00
1.054280161857604980e+00
1.054374217987060547e+00
1.056326866149902344e+00
1.068203210830688477e+00
1.049050569534301758e+00
1.055627107620239258e+00
1.056959509849548340e+00
1.069822549819946289e+00
1.088772773742675781e+00
1.004101514816284180e+00
1.058860301971435547e+00
9.916945099830627441e-01
1.084945917129516602e+00
1.069519519805908203e+00
1.353861927986145020e+00
1.406606554985046387e+00
1.406858563423156738e+00
1.406847000122070312e+00
1.325933218002319336e+00
1.149949550628662109e+00
1.091113448143005371e+00
1.119707107543945312e+00
1.275491237640380859e+00
1.088732004165649414e+00
1.148759722709655762e+00
1.149953842163085938e+00
1.149525523185729980e+00
1.180690050125122070e+00
1.185271620750427246e+00
1.168085336685180664e+00
1.189806699752807617e+00
1.190476179122924805e+00
1.232216596603393555e+00
1.226567983627319336e+00
1.185801506042480469e+00
1.175768971443176270e+00
1.051115632057189941e+00
1.049904108047485352e+00
1.128228425979614258e+00
1.137138605117797852e+00
1.118509054183959961e+00
9.774152040481567383e-01
1.000254154205322266e+00
1.074226617813110352e+00
1.118258476257324219e+00
1.207257270812988281e+00
1.205823421478271484e+00
1.145961761474609375e+00
1.143633365631103516e+00
1.146448612213134766e+00
1.190846443176269531e+00
1.226036429405212402e+00
1.225851058959960938e+00
1.267200946807861328e+00
1.174467086791992188e+00
1.189412474632263184e+00
1.202722549438476562e+00
1.230996847152709961e+00
1.227533698081970215e+00
1.249695539474487305e+00
1.253766775131225586e+00
1.256088495254516602e+00
1.252942919731140137e+00
1.146261453628540039e+00
1.103366374969482422e+00
1.108083128929138184e+00
1.099397420883178711e+00
1.097928524017333984e+00
1.136008262634277344e+00
1.180056571960449219e+00
1.165492296218872070e+00
1.128503561019897461e+00
1.222090125083923340e+00
1.239388704299926758e+00
1.258144855499267578e+00
1.247685909271240234e+00
1.260428309440612793e+00
1.149651527404785156e+00
1.128216981887817383e+00
1.201992511749267578e+00
1.168664097785949707e+00
1.295494079589843750e+00
9.401197433471679688e-01
1.065067052841186523e+00
1.028100371360778809e+00
9.790616035461425781e-01
9.810854792594909668e-01
1.030897855758666992e+00
1.063040256500244141e+00
9.178154468536376953e-01
1.267722368240356445e+00
1.243493318557739258e+00
1.239740848541259766e+00
1.173635959625244141e+00
1.114471197128295898e+00
9.034230709075927734e-01
8.650022745132446289e-01
8.869913220405578613e-01
8.790609836578369141e-01
9.215415120124816895e-01
9.203450679779052734e-01
8.448863625526428223e-01
8.139788508415222168e-01
8.273382186889648438e-01
8.730577230453491211e-01
9.103847742080688477e-01
1.003462314605712891e+00
1.126049280166625977e+00
1.130950331687927246e+00
1.089808702468872070e+00
1.165011286735534668e+00
1.122160077095031738e+00
1.133761644363403320e+00
1.153467655181884766e+00
1.125247001647949219e+00
1.117882251739501953e+00
1.142907857894897461e+00
1.171234369277954102e+00
1.112978935241699219e+00
1.048135280609130859e+00
1.110834598541259766e+00
1.149528384208679199e+00
1.189859628677368164e+00
1.156829833984375000e+00
1.134940028190612793e+00
1.127755284309387207e+00
1.128814935684204102e+00
1.129014730453491211e+00
1.102269053459167480e+00
1.214228868484497070e+00
1.112655878067016602e+00
8.518282175064086914e-01
8.856514096260070801e-01
1.111118078231811523e+00
1.182357311248779297e+00
1.188338398933410645e+00
1.198902130126953125e+00
1.304087519645690918e+00
1.253094911575317383e+00
1.042285323143005371e+00
1.100742340087890625e+00
1.134978890419006348e+00
1.156832218170166016e+00
1.038779735565185547e+00
1.046849250793457031e+00
1.051946163177490234e+00
1.068323731422424316e+00
1.106211423873901367e+00
1.146697640419006348e+00
1.130738735198974609e+00
1.185786485671997070e+00
1.148309469223022461e+00
1.164673447608947754e+00
1.210170030593872070e+00
1.259994029998779297e+00
1.186692953109741211e+00
1.139411926269531250e+00
1.188136816024780273e+00
1.133345246315002441e+00
1.118063926696777344e+00
1.112237811088562012e+00
1.142993450164794922e+00
1.164649844169616699e+00
1.149966955184936523e+00
1.160722970962524414e+00
1.079194784164428711e+00
1.078998327255249023e+00
1.078914284706115723e+00
1.139848470687866211e+00
1.117542028427124023e+00
1.227033853530883789e+00
1.220949530601501465e+00
1.186943650245666504e+00
1.135582923889160156e+00
1.104439735412597656e+00
1.147733807563781738e+00
1.192102313041687012e+00
1.154218912124633789e+00
1.118107795715332031e+00
1.212204575538635254e+00
1.112122416496276855e+00
1.241657018661499023e+00
1.224536895751953125e+00
1.261399269104003906e+00
1.161867737770080566e+00
1.107098937034606934e+00
1.098348617553710938e+00
1.194330096244812012e+00
1.097224712371826172e+00
1.102665424346923828e+00
1.102488040924072266e+00
1.103838920593261719e+00
1.099170446395874023e+00
1.097309470176696777e+00
1.133866071701049805e+00
1.180100202560424805e+00
1.206808447837829590e+00
1.209174156188964844e+00
1.247982025146484375e+00
1.251947879791259766e+00
1.222084760665893555e+00
1.157742500305175781e+00
1.200623154640197754e+00
1.184434890747070312e+00
1.172299385070800781e+00
1.186228752136230469e+00
1.210733175277709961e+00
1.220266103744506836e+00
1.214046955108642578e+00
1.181023836135864258e+00
1.145647525787353516e+00
1.209228873252868652e+00
1.260620832443237305e+00
1.249958276748657227e+00
1.157985448837280273e+00
1.162249803543090820e+00
1.185567855834960938e+00
1.214105725288391113e+00
1.155520319938659668e+00
1.181254982948303223e+00
1.118211865425109863e+00
1.272306799888610840e+00
1.209075927734375000e+00
1.124451637268066406e+00
1.127796173095703125e+00
1.127045631408691406e+00
1.113770246505737305e+00
1.134285926818847656e+00
1.239737391471862793e+00
1.229504823684692383e+00
1.221847534179687500e+00
1.193189859390258789e+00
1.160342454910278320e+00
1.148259639739990234e+00
1.106852650642395020e+00
1.269038319587707520e+00
1.271502017974853516e+00
1.233844757080078125e+00
1.091428279876708984e+00
1.183774232864379883e+00
1.186986207962036133e+00
1.237382769584655762e+00
1.256259679794311523e+00
1.355712771415710449e+00
1.364510178565979004e+00
1.181368827819824219e+00
9.405637979507446289e-01
5.490472912788391113e-01
8.435666561126708984e-01
9.010221958160400391e-01
9.799014329910278320e-01
9.316052198410034180e-01
1.152850270271301270e+00
2.866063714027404785e-01
2.558524310588836670e-01
5.919731259346008301e-01
6.167021989822387695e-01
6.886901855468750000e-01
7.212777137756347656e-01
6.538281440734863281e-01
5.687831640243530273e-01
5.454052686691284180e-01
5.574883222579956055e-01
5.483676195144653320e-01
4.923236966133117676e-01
8.919239640235900879e-01
1.028005599975585938e+00
1.030728101730346680e+00
7.573810815811157227e-01
7.304868102073669434e-01
9.287190437316894531e-01
8.381522893905639648e-01
7.922706604003906250e-01
1.050951004028320312e+00
1.112807631492614746e+00
1.070326447486877441e+00
1.095977902412414551e+00
1.088566541671752930e+00
1.101334571838378906e+00
1.094482898712158203e+00
1.125544309616088867e+00
1.150824546813964844e+00
1.192474961280822754e+00
1.076475143432617188e+00
1.081657171249389648e+00
1.248670578002929688e+00
1.238933563232421875e+00
1.118610739707946777e+00
1.137633204460144043e+00
1.281758308410644531e+00
1.347619533538818359e+00
1.221362352371215820e+00
1.254331350326538086e+00
1.343609571456909180e+00
1.335256099700927734e+00
1.381102561950683594e+00
1.153216242790222168e+00
1.178817510604858398e+00
1.214748382568359375e+00
1.207955121994018555e+00
1.214323520660400391e+00
1.214600682258605957e+00
1.218521118164062500e+00
1.211207985877990723e+00
1.226070880889892578e+00
1.245747804641723633e+00
1.298904299736022949e+00
1.337567210197448730e+00
1.308380365371704102e+00
1.316638827323913574e+00
1.358379602432250977e+00
1.360347628593444824e+00
1.348310828208923340e+00
1.359757661819458008e+00
1.239858865737915039e+00
1.232976436614990234e+00
1.230234622955322266e+00
1.216686725616455078e+00
1.220856070518493652e+00
1.236514210700988770e+00
1.282403230667114258e+00
1.264445304870605469e+00
1.234705209732055664e+00
1.221968173980712891e+00
1.219555854797363281e+00
1.221186637878417969e+00
1.209501028060913086e+00
1.221370697021484375e+00
1.207612752914428711e+00
1.135330557823181152e+00
1.139199733734130859e+00
1.160431861877441406e+00
1.151888132095336914e+00
1.125491857528686523e+00
1.131078720092773438e+00
1.121694445610046387e+00
1.119248867034912109e+00
1.147922992706298828e+00
1.147652864456176758e+00
1.147045254707336426e+00
1.121677160263061523e+00
1.111610174179077148e+00
1.109629750251770020e+00
1.107873916625976562e+00
1.146834254264831543e+00
1.147608757019042969e+00
1.088787794113159180e+00
1.084237575531005859e+00
1.100294351577758789e+00
1.116949081420898438e+00
1.096339583396911621e+00
1.146475553512573242e+00
1.147605180740356445e+00
1.147604703903198242e+00
1.147636413574218750e+00
1.136975526809692383e+00
1.108794450759887695e+00
1.143699765205383301e+00
1.151138544082641602e+00
1.278566122055053711e+00
1.285496830940246582e+00
1.498779177665710449e+00
1.498866200447082520e+00
1.405767679214477539e+00
1.445520877838134766e+00
1.468228578567504883e+00
1.413530230522155762e+00
1.347254276275634766e+00
1.237150788307189941e+00
1.337725400924682617e+00
1.177562952041625977e+00
1.070457935333251953e+00
1.089552402496337891e+00
9.890231490135192871e-01
1.032485604286193848e+00
1.001029610633850098e+00
8.896530270576477051e-01
9.158656001091003418e-01
1.067963600158691406e+00
9.778425097465515137e-01
9.276221394538879395e-01
9.276533722877502441e-01
7.861269116401672363e-01
9.906239509582519531e-01
8.220989108085632324e-01
7.976394295692443848e-01
9.584748148918151855e-01
1.264782905578613281e+00
1.263664484024047852e+00
1.263254404067993164e+00
1.263130545616149902e+00
1.263099431991577148e+00
1.263073563575744629e+00
1.328508615493774414e+00
1.304975867271423340e+00
6.599328517913818359e-01
5.947129726409912109e-01
4.639941751956939697e-01
8.971482515335083008e-01
8.392703533172607422e-01
8.793572187423706055e-01
8.879622817039489746e-01
1.014088273048400879e+00
5.344075560569763184e-01
1.050494909286499023e+00
7.267869710922241211e-01
7.018697857856750488e-01
6.076327562332153320e-01
6.558846235275268555e-01
6.427460908889770508e-01
7.095279693603515625e-01
6.097892522811889648e-01
9.687209129333496094e-01
1.160555839538574219e+00
9.497983455657958984e-01
8.954070806503295898e-01
1.025300264358520508e+00
9.611305594444274902e-01
1.182512760162353516e+00
1.094339132308959961e+00
1.047165155410766602e+00
1.393445253372192383e+00
7.895949482917785645e-01
6.729097366333007812e-01
1.072496891021728516e+00
1.193825721740722656e+00
1.231301307678222656e+00
1.239749908447265625e+00
1.296641826629638672e+00
1.128927826881408691e+00
1.267623782157897949e+00
1.141820311546325684e+00
1.217761993408203125e+00
1.200474977493286133e+00
1.269553184509277344e+00
1.194224834442138672e+00
1.245140552520751953e+00
1.400249242782592773e+00
1.355441927909851074e+00
1.361369848251342773e+00
1.251992583274841309e+00
1.259351491928100586e+00
1.303166747093200684e+00
1.422078013420104980e+00
1.408020615577697754e+00
1.476090908050537109e+00
1.406520247459411621e+00
1.359342455863952637e+00
1.382236003875732422e+00
1.388707756996154785e+00
1.354489445686340332e+00
1.326115369796752930e+00
1.340453624725341797e+00
1.352061033248901367e+00
1.371904253959655762e+00
1.389305114746093750e+00
1.370118141174316406e+00
1.361524581909179688e+00
1.377675890922546387e+00
1.394965648651123047e+00
1.385197758674621582e+00
1.205605030059814453e+00
1.198622941970825195e+00
1.229075193405151367e+00
1.254208683967590332e+00
1.297794580459594727e+00
1.344580888748168945e+00
1.224479436874389648e+00
1.244499683380126953e+00
1.115898728370666504e+00
1.239401459693908691e+00
1.157404780387878418e+00
1.134377598762512207e+00
1.018079519271850586e+00
9.313009977340698242e-01
1.059219360351562500e+00
1.137768864631652832e+00
1.131383419036865234e+00
1.167258381843566895e+00
1.291614055633544922e+00
1.419034600257873535e+00
1.087394833564758301e+00
1.009304523468017578e+00
9.887598752975463867e-01
1.051795482635498047e+00
1.180305480957031250e+00
1.111330509185791016e+00
1.132435798645019531e+00
1.151675701141357422e+00
1.157403469085693359e+00
1.185642004013061523e+00
1.291240215301513672e+00
1.340821385383605957e+00
1.308715224266052246e+00
1.303522467613220215e+00
1.212400913238525391e+00
1.269681930541992188e+00
1.352091431617736816e+00
1.163365006446838379e+00
1.246571183204650879e+00
1.206104993820190430e+00
1.209330439567565918e+00
1.297843217849731445e+00
1.303276777267456055e+00
1.315220713615417480e+00
1.285163521766662598e+00
1.229331612586975098e+00
1.288512706756591797e+00
1.356437206268310547e+00
1.283540606498718262e+00
1.297271728515625000e+00
1.251685619354248047e+00
1.200348377227783203e+00
1.214648008346557617e+00
1.211194992065429688e+00
1.190690398216247559e+00
1.230037212371826172e+00
1.188512086868286133e+00
1.188540935516357422e+00
1.214298486709594727e+00
1.325306773185729980e+00
1.163981795310974121e+00
1.250476479530334473e+00
1.225755214691162109e+00
1.070050835609436035e+00
1.141109228134155273e+00
1.025551080703735352e+00
1.229670286178588867e+00
1.248722791671752930e+00
1.266610860824584961e+00
1.319142580032348633e+00
1.295374035835266113e+00
1.367707133293151855e+00
1.376077651977539062e+00
1.336245775222778320e+00
1.335392355918884277e+00
1.339603543281555176e+00
1.337849140167236328e+00
1.268215179443359375e+00
1.232320427894592285e+00
1.274967908859252930e+00
1.227786302566528320e+00
1.243301868438720703e+00
1.257642507553100586e+00
1.264900803565979004e+00
1.211442470550537109e+00
1.228451251983642578e+00
1.235614061355590820e+00
1.229747056961059570e+00
1.202180862426757812e+00
1.253261804580688477e+00
1.207212567329406738e+00
1.214921832084655762e+00
1.213124036788940430e+00
1.223868370056152344e+00
1.209051370620727539e+00
1.261210322380065918e+00
1.233060598373413086e+00
1.230746746063232422e+00
1.146237254142761230e+00
1.245089292526245117e+00
1.244416832923889160e+00
1.132708191871643066e+00
1.246416449546813965e+00
1.246204137802124023e+00
1.233006715774536133e+00
1.221612453460693359e+00
1.254692316055297852e+00
1.253425598144531250e+00
1.229994177818298340e+00
1.258999824523925781e+00
1.196597576141357422e+00
1.338191032409667969e+00
1.261681079864501953e+00
1.207726716995239258e+00
1.189690947532653809e+00
1.235766410827636719e+00
1.337852239608764648e+00
1.228962779045104980e+00
1.218643188476562500e+00
1.220158338546752930e+00
1.283561468124389648e+00
1.219911932945251465e+00
1.220336318016052246e+00
1.224614143371582031e+00
1.219096660614013672e+00
1.236702203750610352e+00
1.230191230773925781e+00
1.219312787055969238e+00
1.217455387115478516e+00
1.215883731842041016e+00
1.205168366432189941e+00
1.121097803115844727e+00
1.253875732421875000e+00
1.258243560791015625e+00
1.273197174072265625e+00
1.275608181953430176e+00
1.238791108131408691e+00
1.234060764312744141e+00
1.205261349678039551e+00
1.263451337814331055e+00
1.245421648025512695e+00
1.248673677444458008e+00
1.218659639358520508e+00
1.203593730926513672e+00
1.246859908103942871e+00
1.265326142311096191e+00
1.265781998634338379e+00
1.264558434486389160e+00
1.259943485260009766e+00
1.261290550231933594e+00
1.246545076370239258e+00
1.157149791717529297e+00
1.147767901420593262e+00
1.147641301155090332e+00
1.147649526596069336e+00
1.147707819938659668e+00
1.147473812103271484e+00
1.127889394760131836e+00
1.116201639175415039e+00
1.129224777221679688e+00
1.146959066390991211e+00
1.269978523254394531e+00
1.176810026168823242e+00
1.175708770751953125e+00
1.170659780502319336e+00
1.165007829666137695e+00
1.168867826461791992e+00
1.321220517158508301e+00
1.307235002517700195e+00
1.236022830009460449e+00
1.249706268310546875e+00
1.121365189552307129e+00
1.030811786651611328e+00
9.416138529777526855e-01
1.226132154464721680e+00
1.319752931594848633e+00
1.271641492843627930e+00
1.315340161323547363e+00
1.304007053375244141e+00
1.369122862815856934e+00
1.311017274856567383e+00
1.123959302902221680e+00
9.440598487854003906e-01
9.317166209220886230e-01
9.977872967720031738e-01
5.201300978660583496e-01
4.727622866630554199e-01
5.041692256927490234e-01
5.412441492080688477e-01
7.191852927207946777e-01
6.082218289375305176e-01
7.046007513999938965e-01
1.122305512428283691e+00
9.493082165718078613e-01
9.314551353454589844e-01
9.521071910858154297e-01
9.516632556915283203e-01
9.297533035278320312e-01
9.555712938308715820e-01
9.545383453369140625e-01
9.537202119827270508e-01
9.546961188316345215e-01
1.001950025558471680e+00
7.966222763061523438e-01
7.855888605117797852e-01
1.312096357345581055e+00
7.171396613121032715e-01
5.533694028854370117e-01
6.903461217880249023e-01
3.747752308845520020e-01
3.811653852462768555e-01
3.329775631427764893e-01
2.935327589511871338e-01
4.796523451805114746e-01
4.307044744491577148e-01
6.444280743598937988e-01
3.517123758792877197e-01
7.561014890670776367e-01
5.897892117500305176e-01
9.704037904739379883e-01
1.253875613212585449e+00
1.374771356582641602e+00
1.399206161499023438e+00
1.372103929519653320e+00
1.268744230270385742e+00
1.149553298950195312e+00
1.163095951080322266e+00
1.286567211151123047e+00
1.319787383079528809e+00
1.205096364021301270e+00
1.260976791381835938e+00
1.204136967658996582e+00
1.172472357749938965e+00
1.091817021369934082e+00
1.090054154396057129e+00
1.110204696655273438e+00
1.131978750228881836e+00
1.167158722877502441e+00
1.231836557388305664e+00
1.370193004608154297e+00
1.357365846633911133e+00
1.283207058906555176e+00
1.201724052429199219e+00
1.188822507858276367e+00
1.204441666603088379e+00
1.217028498649597168e+00
1.221262097358703613e+00
1.229426383972167969e+00
1.221461296081542969e+00
1.189034819602966309e+00
1.183471322059631348e+00
1.184900403022766113e+00
1.205756664276123047e+00
1.198509931564331055e+00
1.197068691253662109e+00
1.176824569702148438e+00
1.190981388092041016e+00
1.184431076049804688e+00
1.204225182533264160e+00
1.182516336441040039e+00
1.180004358291625977e+00
1.176015138626098633e+00
1.156300306320190430e+00
1.153646349906921387e+00
1.148797035217285156e+00
1.148520231246948242e+00
1.233541250228881836e+00
1.244272589683532715e+00
1.217569589614868164e+00
1.213514685630798340e+00
1.235531330108642578e+00
1.248439550399780273e+00
1.233326196670532227e+00
1.204820632934570312e+00
1.213894724845886230e+00
1.337291836738586426e+00
1.203925490379333496e+00
1.097231745719909668e+00
1.178862571716308594e+00
1.251004576683044434e+00
1.291122436523437500e+00
1.255063414573669434e+00
1.159360885620117188e+00
1.195287108421325684e+00
1.295953750610351562e+00
1.229832887649536133e+00
1.140260219573974609e+00
1.210093259811401367e+00
1.201338648796081543e+00
1.093699216842651367e+00
9.795016646385192871e-01
9.879845380783081055e-01
9.890438318252563477e-01
9.519004225730895996e-01
8.479698300361633301e-01
1.383970260620117188e+00
1.186109185218811035e+00
1.184455037117004395e+00
1.008018374443054199e+00
1.047514200210571289e+00
1.339383602142333984e+00
1.177894473075866699e+00
1.173626065254211426e+00
1.318567991256713867e+00
1.300615787506103516e+00
1.125775218009948730e+00
1.144588470458984375e+00
1.161956191062927246e+00
1.177764296531677246e+00
1.123931884765625000e+00
1.229590654373168945e+00
1.150115013122558594e+00
1.155303239822387695e+00
1.277493715286254883e+00
1.124529361724853516e+00
1.162914276123046875e+00
1.099222421646118164e+00
9.864839315414428711e-01
9.881224036216735840e-01
1.039793252944946289e+00
1.236139655113220215e+00
1.331336736679077148e+00
1.268411040306091309e+00
1.225609779357910156e+00
1.232670783996582031e+00
1.243866682052612305e+00
1.187876462936401367e+00
1.247435688972473145e+00
1.235116243362426758e+00
1.262510776519775391e+00
1.269189715385437012e+00
1.243222832679748535e+00
1.176839709281921387e+00
1.228998422622680664e+00
1.256774663925170898e+00
1.215664029121398926e+00
1.151401281356811523e+00
1.231427669525146484e+00
1.209830045700073242e+00
1.240312337875366211e+00
1.258448600769042969e+00
1.252023696899414062e+00
1.177137255668640137e+00
1.214063644409179688e+00
1.237757921218872070e+00
1.249508738517761230e+00
1.242469191551208496e+00
1.212190628051757812e+00
1.205466866493225098e+00
1.197638988494873047e+00
1.220751643180847168e+00
1.258016109466552734e+00
1.256466388702392578e+00
1.253202795982360840e+00
1.256290435791015625e+00
1.287398457527160645e+00
1.333599805831909180e+00
1.360367536544799805e+00
1.363983154296875000e+00
1.360574245452880859e+00
1.343426227569580078e+00
1.323778629302978516e+00
1.335965633392333984e+00
1.361460685729980469e+00
1.364086508750915527e+00
1.363057136535644531e+00
1.362685918807983398e+00
1.359809517860412598e+00
1.350683569908142090e+00
1.283425807952880859e+00
1.245683312416076660e+00
1.245420098304748535e+00
1.293833494186401367e+00
1.334297060966491699e+00
1.340367794036865234e+00
1.341747403144836426e+00
1.342039704322814941e+00
1.341634750366210938e+00
1.343863129615783691e+00
1.348335862159729004e+00
1.211465120315551758e+00
1.269947886466979980e+00
1.035648226737976074e+00
1.156018018722534180e+00
1.277107715606689453e+00
1.250995397567749023e+00
1.375570893287658691e+00
1.250406503677368164e+00
1.249804496765136719e+00
1.248771190643310547e+00
1.320700287818908691e+00
1.208029985427856445e+00
7.408061027526855469e-01
7.564630508422851562e-01
1.011040925979614258e+00
1.017817974090576172e+00
1.029465436935424805e+00
8.085298538208007812e-01
9.408205747604370117e-01
9.591690301895141602e-01
1.038438796997070312e+00
1.117963910102844238e+00
1.185846805572509766e+00
1.213999032974243164e+00
1.077930331230163574e+00
1.003231525421142578e+00
1.253230810165405273e+00
9.654039144515991211e-01
9.840310215950012207e-01
9.825898408889770508e-01
9.534006118774414062e-01
9.895666837692260742e-01
1.075100779533386230e+00
1.035410761833190918e+00
1.111703038215637207e+00
1.016746282577514648e+00
1.091276764869689941e+00
1.178250312805175781e+00
1.105544328689575195e+00
9.496031403541564941e-01
1.051394343376159668e+00
1.135359525680541992e+00
1.145398855209350586e+00
1.043541669845581055e+00
1.013309478759765625e+00
1.210582375526428223e+00
1.187057018280029297e+00
1.218762636184692383e+00
1.281726002693176270e+00
1.289022445678710938e+00
1.269518136978149414e+00
1.298508644104003906e+00
1.329747200012207031e+00
1.193574428558349609e+00
1.086530923843383789e+00
1.166728496551513672e+00
1.085933685302734375e+00
1.210072636604309082e+00
1.345014929771423340e+00
1.215902566909790039e+00
1.215429544448852539e+00
1.189329862594604492e+00
1.210277557373046875e+00
1.207870960235595703e+00
1.189250469207763672e+00
1.274957656860351562e+00
1.189222812652587891e+00
1.193614006042480469e+00
1.193773031234741211e+00
1.150667309761047363e+00
1.128166198730468750e+00
1.141919732093811035e+00
1.177417039871215820e+00
1.266670942306518555e+00
1.272493004798889160e+00
1.174752473831176758e+00
1.119905710220336914e+00
1.118817329406738281e+00
1.201021909713745117e+00
1.262799859046936035e+00
1.264305830001831055e+00
1.269810199737548828e+00
1.280651211738586426e+00
1.318719387054443359e+00
1.322063684463500977e+00
1.357401967048645020e+00
1.318906784057617188e+00
1.282251477241516113e+00
1.266999483108520508e+00
1.219627261161804199e+00
1.221566438674926758e+00
1.289974570274353027e+00
1.283375024795532227e+00
1.255881547927856445e+00
1.220117330551147461e+00
1.228293895721435547e+00
1.228970766067504883e+00
1.229455947875976562e+00
1.214117527008056641e+00
1.140583992004394531e+00
1.149634003639221191e+00
1.120160818099975586e+00
1.247868061065673828e+00
1.241250514984130859e+00
1.232301950454711914e+00
1.224872827529907227e+00
1.206368207931518555e+00
1.147929549217224121e+00
1.134417057037353516e+00
1.164052605628967285e+00
1.154630661010742188e+00
1.147533178329467773e+00
1.113014459609985352e+00
1.116317987442016602e+00
1.121121644973754883e+00
1.121463060379028320e+00
1.117537379264831543e+00
1.274921417236328125e+00
1.276093721389770508e+00
1.261848449707031250e+00
1.166246891021728516e+00
1.151678562164306641e+00
1.102463603019714355e+00
1.273331999778747559e+00
1.267284154891967773e+00
1.285453557968139648e+00
1.354100823402404785e+00
1.358934164047241211e+00
1.345188736915588379e+00
1.306338787078857422e+00
1.308150291442871094e+00
1.256186723709106445e+00
1.120208859443664551e+00
1.140468358993530273e+00
1.314867496490478516e+00
1.365926265716552734e+00
1.294192194938659668e+00
1.348349213600158691e+00
1.339729070663452148e+00
1.331245422363281250e+00
1.348887562751770020e+00
1.348578214645385742e+00
1.348491549491882324e+00
1.348581910133361816e+00
1.347637176513671875e+00
1.348596572875976562e+00
1.325233578681945801e+00
1.274920940399169922e+00
1.237984657287597656e+00
1.232518434524536133e+00
1.245385527610778809e+00
1.257588267326354980e+00
1.262395858764648438e+00
1.263808727264404297e+00
1.259303331375122070e+00
1.262886404991149902e+00
1.217692613601684570e+00
1.208305001258850098e+00
1.199777364730834961e+00
1.212730169296264648e+00
1.220168113708496094e+00
1.218218088150024414e+00
1.205507636070251465e+00
1.166988968849182129e+00
1.141768217086791992e+00
1.135415673255920410e+00
1.134208440780639648e+00
1.114498496055603027e+00
1.146913528442382812e+00
1.089752435684204102e+00
1.089612007141113281e+00
1.144415855407714844e+00
1.147260546684265137e+00
1.147606611251831055e+00
1.112250924110412598e+00
1.114339709281921387e+00
1.094765305519104004e+00
1.136908769607543945e+00
1.107410550117492676e+00
1.107605099678039551e+00
1.117890715599060059e+00
1.129658460617065430e+00
1.118208289146423340e+00
1.138825774192810059e+00
1.180194258689880371e+00
1.177334070205688477e+00
1.177144765853881836e+00
1.177192211151123047e+00
1.177776098251342773e+00
1.168268680572509766e+00
1.065379500389099121e+00
1.009921312332153320e+00
1.104459285736083984e+00
1.009375452995300293e+00
9.840633273124694824e-01
1.021080732345581055e+00
1.205469846725463867e+00
1.245630979537963867e+00
1.283980607986450195e+00
1.251127719879150391e+00
1.282938838005065918e+00
1.287950515747070312e+00
1.210079789161682129e+00
1.308161377906799316e+00
1.208123922348022461e+00
1.116063594818115234e+00
1.133875131607055664e+00
1.071076631546020508e+00
1.024863004684448242e+00
1.112620353698730469e+00
1.095598697662353516e+00
1.208077669143676758e+00
1.145640730857849121e+00
1.170986771583557129e+00
1.220495700836181641e+00
1.223004698753356934e+00
1.224106431007385254e+00
1.314486503601074219e+00
1.227812647819519043e+00
1.257341384887695312e+00
1.208611488342285156e+00
1.322104811668395996e+00
1.222766399383544922e+00
1.174557328224182129e+00
1.263090848922729492e+00
1.197608232498168945e+00
1.191750884056091309e+00
1.239577770233154297e+00
1.200739383697509766e+00
1.218585371971130371e+00
1.227445483207702637e+00
1.230180978775024414e+00
1.204609632492065430e+00
1.230183124542236328e+00
1.270293593406677246e+00
1.214560508728027344e+00
1.150558233261108398e+00
1.151758670806884766e+00
1.108176708221435547e+00
1.066806554794311523e+00
1.122203111648559570e+00
1.112235188484191895e+00
1.127006053924560547e+00
1.150235176086425781e+00
1.166962623596191406e+00
1.118669748306274414e+00
1.124383211135864258e+00
1.113914370536804199e+00
1.133491992950439453e+00
1.132966399192810059e+00
1.133168935775756836e+00
1.157709360122680664e+00
1.152856230735778809e+00
1.148452758789062500e+00
1.147763490676879883e+00
1.147709250450134277e+00
1.147722244262695312e+00
1.147606372833251953e+00
1.147568941116333008e+00
1.147502183914184570e+00
1.147501826286315918e+00
1.151491880416870117e+00
1.121570348739624023e+00
1.095799922943115234e+00
1.071944952011108398e+00
1.022120714187622070e+00
1.084505200386047363e+00
