6.544345617294311523e-01
7.505032420158386230e-01
7.180784940719604492e-01
1.039698243141174316e+00
1.111963272094726562e+00
1.070205450057983398e+00
1.102592945098876953e+00
1.109946727752685547e+00
9.830136299133300781e-01
9.582974910736083984e-01
9.187235832214355469e-01
8.211739659309387207e-01
5.939484834671020508e-01
5.294278264045715332e-01
4.586994647979736328e-01
4.476089477539062500e-01
4.489883482456207275e-01
4.504581093788146973e-01
4.865796566009521484e-01
4.795386195182800293e-01
4.643959999084472656e-01
4.599219560623168945e-01
4.566536247730255127e-01
4.493874609470367432e-01
4.509779214859008789e-01
4.598507285118103027e-01
4.651409685611724854e-01
4.662966728210449219e-01
4.823653995990753174e-01
5.299056172370910645e-01
3.743217289447784424e-01
4.264924526214599609e-01
4.151507019996643066e-01
4.040636420249938965e-01
4.034716784954071045e-01
3.849245905876159668e-01
2.608981728553771973e-01
2.220111191272735596e-01
3.289464712142944336e-01
7.880126237869262695e-01
9.056861996650695801e-01
8.898025751113891602e-01
4.801108837127685547e-01
3.852123320102691650e-01
3.963585495948791504e-01
3.619988560676574707e-01
3.916409015655517578e-01
3.538706004619598389e-01
3.752741515636444092e-01
3.862477242946624756e-01
3.261745274066925049e-01
4.712810218334197998e-01
2.722946703433990479e-01
3.047917485237121582e-01
2.431898713111877441e-01
3.339883387088775635e-01
2.162048518657684326e-01
2.622398138046264648e-01
2.711503803730010986e-01
2.715521454811096191e-01
2.677606642246246338e-01
2.665058970451354980e-01
2.738929986953735352e-01
3.517690300941467285e-01
3.082236051559448242e-01
3.049867749214172363e-01
2.941466271877288818e-01
4.113511741161346436e-01
3.958567976951599121e-01
2.893452644348144531e-01
3.177040517330169678e-01
3.156989812850952148e-01
3.238537013530731201e-01
4.884256720542907715e-01
2.367196977138519287e-01
2.690095305442810059e-01
4.240135252475738525e-01
6.684068441390991211e-01
5.412495136260986328e-01
6.606983542442321777e-01
7.632094621658325195e-01
7.297680377960205078e-01
8.553708791732788086e-01
8.725994825363159180e-01
8.067559003829956055e-01
7.110805511474609375e-01
6.322788000106811523e-01
5.527953505516052246e-01
5.622414350509643555e-01
5.578873157501220703e-01
5.359380245208740234e-01
5.064994096755981445e-01
5.332295894622802734e-01
5.506229996681213379e-01
5.535218119621276855e-01
5.057728886604309082e-01
4.837060272693634033e-01
3.411467969417572021e-01
3.735339939594268799e-01
2.510764300823211670e-01
2.077030986547470093e-01
5.069913864135742188e-01
5.084091424942016602e-01
6.461008191108703613e-01
4.537439048290252686e-01
5.445189476013183594e-01
4.989923536777496338e-01
4.532157778739929199e-01
4.243638813495635986e-01
4.797966778278350830e-01
4.995571374893188477e-01
3.073672652244567871e-01
4.070262610912322998e-01
4.692694246768951416e-01
2.934976816177368164e-01
3.652867078781127930e-01
3.415820598602294922e-01
3.187806010246276855e-01
3.300530314445495605e-01
3.074362277984619141e-01
3.638859689235687256e-01
4.493198990821838379e-01
3.379145264625549316e-01
2.407242804765701294e-01
3.146905899047851562e-01
3.059318363666534424e-01
3.226473331451416016e-01
3.186993896961212158e-01
2.660323083400726318e-01
2.622609734535217285e-01
2.973618507385253906e-01
2.112299650907516479e-01
2.521455287933349609e-01
2.135509550571441650e-01
2.934313714504241943e-01
2.930751740932464600e-01
2.905413210391998291e-01
2.885815203189849854e-01
2.860950231552124023e-01
2.847875952720642090e-01
2.771425247192382812e-01
2.154368609189987183e-01
2.105053663253784180e-01
3.042137622833251953e-01
2.170649468898773193e-01
2.167220413684844971e-01
2.096904814243316650e-01
1.999913305044174194e-01
1.953961551189422607e-01
1.939777433872222900e-01
2.181786596775054932e-01
2.284399121999740601e-01
3.892267048358917236e-01
3.660964965820312500e-01
3.345378041267395020e-01
3.243207633495330811e-01
2.130207866430282593e-01
1.713912189006805420e-01
2.398470938205718994e-01
3.175391554832458496e-01
3.130567073822021484e-01
2.455900311470031738e-01
3.268344998359680176e-01
4.876043796539306641e-01
3.189756572246551514e-01
2.030808478593826294e-01
2.920432090759277344e-01
2.587792873382568359e-01
3.802522420883178711e-01
5.829916000366210938e-01
4.153944253921508789e-01
2.964356839656829834e-01
2.301432937383651733e-01
1.695612072944641113e-01
1.179520785808563232e-01
2.518855035305023193e-01
2.398489564657211304e-01
1.511388719081878662e-01
2.544135749340057373e-01
1.713112145662307739e-01
4.597086310386657715e-01
3.734879493713378906e-01
4.373201727867126465e-01
4.404383897781372070e-01
2.054341882467269897e-01
2.298528254032135010e-01
1.844284832477569580e-01
2.353478521108627319e-01
4.865903854370117188e-01
4.927382469177246094e-01
5.543949604034423828e-01
5.642714500427246094e-01
6.096748709678649902e-01
5.302101373672485352e-01
4.858802556991577148e-01
4.684355854988098145e-01
4.103022515773773193e-01
3.900761008262634277e-01
2.301161885261535645e-01
2.224877625703811646e-01
2.701741456985473633e-01
3.581764698028564453e-01
4.641194343566894531e-01
3.642112016677856445e-01
4.193451106548309326e-01
4.575828909873962402e-01
4.627023339271545410e-01
6.291463971138000488e-01
6.414750814437866211e-01
6.735674142837524414e-01
7.131866812705993652e-01
7.458126544952392578e-01
7.900732755661010742e-01
8.392924070358276367e-01
8.560519218444824219e-01
8.588194251060485840e-01
8.592051863670349121e-01
8.592581748962402344e-01
9.271388053894042969e-01
9.461520910263061523e-01
1.051587581634521484e+00
1.057814717292785645e+00
1.085228681564331055e+00
7.765808105468750000e-01
4.439734816551208496e-01
2.769553065299987793e-01
3.525410890579223633e-01
1.252286583185195923e-01
9.330928325653076172e-02
3.661933541297912598e-01
2.217393517494201660e-01
-4.064303636550903320e-02
-6.859910488128662109e-02
-1.039921641349792480e-01
-8.306261897087097168e-02
-1.256482005119323730e-01
-1.655333638191223145e-01
-1.843867301940917969e-01
-1.685403585433959961e-01
-1.362001299858093262e-01
-1.036970019340515137e-01
-1.370960175991058350e-01
-3.476914763450622559e-02
6.862640380859375000e-02
5.000385642051696777e-02
1.184497922658920288e-01
5.591638684272766113e-01
5.964558124542236328e-01
6.192061901092529297e-01
6.241872906684875488e-01
6.353888511657714844e-01
6.322942972183227539e-01
1.507690846920013428e-01
3.638246655464172363e-01
4.279152750968933105e-01
2.528317272663116455e-01
4.058759212493896484e-01
4.732178449630737305e-01
4.225058257579803467e-01
2.877412736415863037e-01
3.307107388973236084e-01
4.001932740211486816e-01
3.526951074600219727e-01
3.375435173511505127e-01
4.315479397773742676e-01
4.928374588489532471e-01
5.582200288772583008e-01
4.091662764549255371e-01
5.800176262855529785e-01
4.401985406875610352e-01
9.650167822837829590e-02
2.280462086200714111e-01
2.656431198120117188e-01
3.453085720539093018e-01
2.997633516788482666e-01
2.972802519798278809e-01
3.114243149757385254e-01
3.101529479026794434e-01
3.182422220706939697e-01
3.136521279811859131e-01
3.172515034675598145e-01
4.155218899250030518e-01
4.226673841476440430e-01
3.936466574668884277e-01
3.664697408676147461e-01
4.281824827194213867e-01
3.891738653182983398e-01
3.689053654670715332e-01
3.545390069484710693e-01
3.505396246910095215e-01
2.988927662372589111e-01
3.054344654083251953e-01
2.795306742191314697e-01
3.466255664825439453e-01
3.213398158550262451e-01
3.201039731502532959e-01
3.872546553611755371e-01
2.014680057764053345e-01
4.565584659576416016e-01
4.318171143531799316e-01
3.437862992286682129e-01
3.090700805187225342e-01
2.933823764324188232e-01
2.926188409328460693e-01
2.801268696784973145e-01
2.778330445289611816e-01
1.996551901102066040e-01
2.519533634185791016e-01
4.083677828311920166e-01
3.080760836601257324e-01
3.551888465881347656e-01
3.984562158584594727e-01
3.490558266639709473e-01
3.416306078433990479e-01
3.377586901187896729e-01
3.434138894081115723e-01
3.467248380184173584e-01
3.459460139274597168e-01
3.942722976207733154e-01
3.508654832839965820e-01
3.934993743896484375e-01
4.005486965179443359e-01
3.816925883293151855e-01
3.492185473442077637e-01
3.437391817569732666e-01
3.475627005100250244e-01
3.249097466468811035e-01
3.091866374015808105e-01
2.755925059318542480e-01
2.876971364021301270e-01
2.704784870147705078e-01
2.723684608936309814e-01
2.864474654197692871e-01
2.518740296363830566e-01
2.260346263647079468e-01
1.815991252660751343e-01
1.889514327049255371e-01
1.910853832960128784e-01
1.524752080440521240e-01
1.756669133901596069e-01
1.746340095996856689e-01
1.708747893571853638e-01
3.123606443405151367e-01
2.988191246986389160e-01
2.618247866630554199e-01
3.035629093647003174e-01
3.478561043739318848e-01
2.294027805328369141e-01
3.624345362186431885e-01
4.878208041191101074e-01
4.283004403114318848e-01
2.658237814903259277e-01
4.927287101745605469e-01
4.908394217491149902e-01
4.821246862411499023e-01
5.850608348846435547e-01
7.264703512191772461e-01
6.365736722946166992e-01
5.620720386505126953e-01
2.895054221153259277e-01
2.734722495079040527e-01
2.509908080101013184e-01
1.495070904493331909e-01
1.993981599807739258e-01
1.704371571540832520e-01
1.699635088443756104e-01
1.685209870338439941e-01
1.606622934341430664e-01
1.457006335258483887e-01
1.547528654336929321e-01
1.729827821254730225e-01
1.672884225845336914e-01
1.575115025043487549e-01
1.544046998023986816e-01
1.560574024915695190e-01
1.167511045932769775e-01
1.454928219318389893e-01
1.372056156396865845e-01
1.108738481998443604e-01
1.485831886529922485e-01
1.792438030242919922e-01
1.795118749141693115e-01
1.525914967060089111e-01
1.438120603561401367e-01
1.736195385456085205e-01
1.738946586847305298e-01
1.670925617218017578e-01
1.712159216403961182e-01
2.463458478450775146e-01
1.930665671825408936e-01
1.946191489696502686e-01
2.008436024188995361e-01
1.957396268844604492e-01
1.906211376190185547e-01
1.893892139196395874e-01
1.891937255859375000e-01
1.700057983398437500e-01
1.563562154769897461e-01
1.556556075811386108e-01
1.556378006935119629e-01
1.554198861122131348e-01
1.498395204544067383e-01
1.491267830133438110e-01
1.509052217006683350e-01
1.550408899784088135e-01
1.442239880561828613e-01
2.088159024715423584e-01
1.418850272893905640e-01
1.444610357284545898e-01
1.453847438097000122e-01
1.456215679645538330e-01
1.442456096410751343e-01
1.279479861259460449e-01
1.163993477821350098e-01
1.126435995101928711e-01
1.117971837520599365e-01
1.117306500673294067e-01
1.117704808712005615e-01
1.118074655532836914e-01
1.118395626544952393e-01
1.118578165769577026e-01
1.118778735399246216e-01
1.118914037942886353e-01
1.118866503238677979e-01
1.119149625301361084e-01
1.119876801967620850e-01
1.105883121490478516e-01
2.159446924924850464e-01
2.442396730184555054e-01
1.397871375083923340e-01
1.701332181692123413e-01
3.051620125770568848e-01
2.043942362070083618e-01
1.504707336425781250e-02
1.308318078517913818e-01
1.406656652688980103e-01
7.629090547561645508e-02
9.298226237297058105e-02
1.686886698007583618e-01
5.534619092941284180e-02
5.853289365768432617e-02
-6.044805049896240234e-04
-1.116821169853210449e-01
1.956693232059478760e-01
3.043492734432220459e-01
4.589869976043701172e-01
4.516164660453796387e-01
4.749788045883178711e-01
5.946705937385559082e-01
6.035411953926086426e-01
6.766020655632019043e-01
7.100075483322143555e-01
5.093601942062377930e-01
3.931069374084472656e-01
7.754385471343994141e-02
1.041804850101470947e-01
2.758405208587646484e-01
1.223295927047729492e-02
1.278633624315261841e-01
1.097411066293716431e-01
-1.699283719062805176e-02
1.148014664649963379e-01
2.836185693740844727e-02
4.946622252464294434e-02
4.785180091857910156e-03
3.670439124107360840e-02
1.985963135957717896e-01
3.583387732505798340e-01
3.390229344367980957e-01
2.079131305217742920e-01
1.599789559841156006e-01
1.966004073619842529e-01
1.622289121150970459e-01
2.121492475271224976e-01
2.319611459970474243e-01
1.228492259979248047e-01
1.188221573829650879e-01
1.097682118415832520e-01
1.258449852466583252e-01
1.996324509382247925e-01
1.182737946510314941e-01
1.043717265129089355e-01
1.308026015758514404e-01
1.779129803180694580e-01
2.103712558746337891e-01
1.632054150104522705e-01
5.034381151199340820e-02
1.186015605926513672e-01
6.247502565383911133e-02
2.747428417205810547e-02
-6.612509489059448242e-03
-6.453806161880493164e-02
-4.052430391311645508e-02
-1.385399699211120605e-01
1.659879088401794434e-02
-2.064543962478637695e-02
-2.087938785552978516e-02
-3.503280878067016602e-02
9.538990259170532227e-02
7.034397125244140625e-02
8.985820412635803223e-02
1.008730530738830566e-01
1.613032817840576172e-02
2.315526753664016724e-01
2.578509747982025146e-01
2.611612975597381592e-01
2.606671750545501709e-01
2.048476040363311768e-01
9.034806489944458008e-02
1.174993216991424561e-01
4.430073499679565430e-02
5.865550041198730469e-02
2.632902562618255615e-01
2.462564855813980103e-01
1.362272053956985474e-01
6.183326244354248047e-03
4.151999950408935547e-03
4.139587283134460449e-02
6.282025575637817383e-02
-6.722384691238403320e-02
4.259127378463745117e-02
-2.726966142654418945e-02
-2.493110299110412598e-02
-7.450580596923828125e-05
-8.104145526885986328e-03
-1.334786415100097656e-02
-1.994925737380981445e-02
-2.252587676048278809e-02
-2.102798223495483398e-02
-2.086335420608520508e-02
2.176603674888610840e-02
-2.139878273010253906e-02
1.988634467124938965e-01
9.127828478813171387e-02
6.350353360176086426e-02
7.307004928588867188e-02
6.985655426979064941e-02
6.874606013298034668e-02
2.266507446765899658e-01
2.394969612360000610e-01
3.081533610820770264e-01
4.000081419944763184e-01
5.747124552726745605e-01
5.963006019592285156e-01
4.588467478752136230e-01
4.290216565132141113e-01
4.619446396827697754e-01
4.970431923866271973e-01
5.197783112525939941e-01
5.398713350296020508e-01
4.962418675422668457e-01
5.553114414215087891e-01
4.670740664005279541e-01
5.042311549186706543e-01
4.390932321548461914e-01
4.720866382122039795e-01
4.444217681884765625e-01
7.862628698348999023e-01
7.705256938934326172e-01
8.755404949188232422e-01
7.750240564346313477e-01
6.860940456390380859e-01
5.705457925796508789e-01
8.927224874496459961e-01
8.373621702194213867e-01
8.750340938568115234e-01
9.192348718643188477e-01
9.205681085586547852e-01
6.721912622451782227e-01
4.192273914813995361e-01
3.719840645790100098e-01
2.318081557750701904e-01
4.178909361362457275e-01
3.372612595558166504e-01
3.040492832660675049e-01
3.350732028484344482e-01
5.980345606803894043e-01
6.170334219932556152e-01
7.654356360435485840e-01
8.051433563232421875e-01
7.538637518882751465e-01
7.621404528617858887e-01
5.741238594055175781e-01
3.678039908409118652e-01
3.308938741683959961e-01
2.145599722862243652e-01
3.045204877853393555e-01
7.637567520141601562e-01
5.388789176940917969e-01
4.780839383602142334e-01
3.629902005195617676e-01
4.062646627426147461e-01
4.404076337814331055e-01
3.742977380752563477e-01
3.899825215339660645e-01
3.699751794338226318e-01
3.121818900108337402e-01
5.060548186302185059e-01
5.775566697120666504e-01
4.984900355339050293e-01
3.267069756984710693e-01
2.814638912677764893e-01
3.682910501956939697e-01
3.169110715389251709e-01
3.774950504302978516e-01
4.524621367454528809e-01
4.737366139888763428e-01
4.769564270973205566e-01
5.014875531196594238e-01
4.604553580284118652e-01
5.007855296134948730e-01
5.084300041198730469e-01
4.681619405746459961e-01
4.879157841205596924e-01
5.035023093223571777e-01
4.983848333358764648e-01
4.805965423583984375e-01
4.897163510322570801e-01
4.801898598670959473e-01
4.284240007400512695e-01
3.623264431953430176e-01
2.163281589746475220e-01
1.982614994049072266e-01
1.823344677686691284e-01
1.722268462181091309e-01
1.105090379714965820e-01
1.246765255928039551e-01
9.522372484207153320e-02
6.894651055335998535e-02
7.496935129165649414e-02
6.418573856353759766e-02
6.076520681381225586e-02
4.312899708747863770e-02
1.840573549270629883e-02
1.104485988616943359e-02
-4.314482212066650391e-03
-3.771305084228515625e-03
3.024542331695556641e-02
1.988443732261657715e-02
2.906209230422973633e-02
4.041075706481933594e-03
-4.781544208526611328e-03
-5.917996168136596680e-03
-4.919171333312988281e-03
2.147316932678222656e-03
2.318954467773437500e-02
3.164675831794738770e-02
3.214842081069946289e-02
2.657526731491088867e-02
2.332365512847900391e-02
2.351713180541992188e-02
8.373963832855224609e-02
7.930153608322143555e-02
1.879024505615234375e-02
-6.881430745124816895e-02
-2.512815594673156738e-02
4.855790734291076660e-02
9.266677498817443848e-02
4.684543609619140625e-02
5.474478006362915039e-02
5.956780910491943359e-02
1.635885238647460938e-02
-3.166168928146362305e-03
3.769689798355102539e-02
5.196619033813476562e-02
5.359941720962524414e-02
2.768042683601379395e-02
-6.328940391540527344e-03
-1.034706830978393555e-03
7.467877864837646484e-02
1.258719414472579956e-01
3.476289212703704834e-01
4.134445786476135254e-01
5.188383460044860840e-01
5.342940688133239746e-01
5.424471497535705566e-01
5.149963498115539551e-01
7.533389329910278320e-01
5.290516614913940430e-01
5.762699842453002930e-01
5.361975431442260742e-01
4.831466674804687500e-01
6.308874487876892090e-01
6.009327173233032227e-01
5.515192747116088867e-01
4.352547526359558105e-01
5.077179670333862305e-01
4.755142927169799805e-01
4.830442368984222412e-01
5.017967224121093750e-01
3.294215500354766846e-01
6.577916741371154785e-01
6.306068301200866699e-01
7.012092471122741699e-01
6.708225011825561523e-01
5.397061705589294434e-01
4.418583512306213379e-01
5.028554201126098633e-01
3.442044854164123535e-01
4.075469374656677246e-01
4.030395150184631348e-01
3.425476253032684326e-01
1.824598461389541626e-01
6.673660874366760254e-02
7.232898473739624023e-02
1.101642251014709473e-01
6.588959693908691406e-02
1.365611404180526733e-01
4.733049869537353516e-02
5.612227320671081543e-02
2.068300992250442505e-01
3.912323713302612305e-02
1.102065742015838623e-01
3.296989798545837402e-01
6.549177765846252441e-01
7.058119773864746094e-01
7.736034393310546875e-01
4.628105759620666504e-01
3.720573186874389648e-01
3.972048163414001465e-01
7.233937978744506836e-01
7.961505055427551270e-01
8.045516014099121094e-01
8.542311787605285645e-01
9.132902026176452637e-01
8.794620037078857422e-01
8.133895397186279297e-01
6.904102563858032227e-01
3.900975883007049561e-01
3.578889071941375732e-01
5.452537536621093750e-01
3.494232594966888428e-01
3.720427751541137695e-01
4.362061023712158203e-01
4.222703576087951660e-01
3.398029804229736328e-01
2.030816525220870972e-01
2.997672557830810547e-01
3.123040199279785156e-01
2.355176657438278198e-01
2.686082124710083008e-01
5.157322883605957031e-01
4.931933581829071045e-01
4.104166626930236816e-01
4.171782433986663818e-01
3.945500254631042480e-01
4.392736852169036865e-01
4.194284081459045410e-01
3.758567273616790771e-01
4.677523374557495117e-01
3.623728156089782715e-01
2.881345748901367188e-01
3.677633404731750488e-01
3.609821498394012451e-01
3.504918515682220459e-01
3.138964772224426270e-01
3.352965712547302246e-01
3.515776395797729492e-01
3.399286568164825439e-01
2.880874872207641602e-01
3.595336675643920898e-01
3.435274958610534668e-01
2.860648930072784424e-01
4.346908926963806152e-01
3.880302608013153076e-01
3.254318535327911377e-01
3.356269299983978271e-01
2.635139822959899902e-01
3.022041618824005127e-01
2.828585803508758545e-01
1.982983946800231934e-01
3.202430605888366699e-01
3.046439886093139648e-01
3.219009637832641602e-01
2.304349988698959351e-01
2.496878057718276978e-01
2.812331318855285645e-01
2.741107940673828125e-01
2.638441324234008789e-01
2.354279756546020508e-01
3.173973560333251953e-01
2.962494790554046631e-01
3.013395369052886963e-01
2.972865402698516846e-01
3.062855005264282227e-01
2.891430854797363281e-01
2.674347162246704102e-01
2.549027502536773682e-01
2.646591067314147949e-01
3.002404570579528809e-01
4.526241421699523926e-01
4.881463944911956787e-01
4.994265735149383545e-01
5.248917937278747559e-01
3.502683639526367188e-01
6.062771081924438477e-01
5.718273520469665527e-01
8.245748281478881836e-01
1.010264515876770020e+00
9.979709982872009277e-01
8.041092753410339355e-01
6.666793823242187500e-01
6.166356801986694336e-01
6.064321994781494141e-01
8.998787403106689453e-01
9.373404383659362793e-01
8.738965392112731934e-01
8.863505125045776367e-01
9.074329137802124023e-01
8.785454630851745605e-01
8.235232234001159668e-01
5.390629768371582031e-01
3.727542161941528320e-01
2.409402430057525635e-01
2.766199111938476562e-01
3.713704645633697510e-01
2.956747412681579590e-01
3.253958821296691895e-01
3.507895469665527344e-01
4.119124710559844971e-01
3.690658509731292725e-01
4.057519435882568359e-01
4.352955520153045654e-01
3.760105669498443604e-01
4.627527594566345215e-01
4.195701479911804199e-01
4.871767759323120117e-01
4.697873592376708984e-01
3.513317704200744629e-01
4.715256989002227783e-01
4.180320501327514648e-01
3.891576528549194336e-01
3.423604965209960938e-01
5.736591815948486328e-01
5.849292278289794922e-01
6.256747245788574219e-01
4.461671710014343262e-01
4.734948873519897461e-01
4.339909553527832031e-01
5.249774456024169922e-01
6.021755933761596680e-01
6.797730326652526855e-01
5.164712071418762207e-01
4.881983399391174316e-01
5.316279530525207520e-01
3.616572022438049316e-01
3.622011244297027588e-01
2.363293766975402832e-01
3.465856313705444336e-01
2.611447274684906006e-01
2.925395071506500244e-01
3.266592025756835938e-01
3.349026739597320557e-01
3.329235315322875977e-01
3.918075561523437500e-01
3.393077850341796875e-01
3.295866250991821289e-01
3.512482345104217529e-01
3.626111149787902832e-01
3.688439726829528809e-01
3.625329136848449707e-01
3.584498763084411621e-01
3.437003493309020996e-01
3.747659027576446533e-01
3.107770383358001709e-01
3.719629645347595215e-01
3.378157615661621094e-01
3.098342716693878174e-01
2.907174825668334961e-01
3.577923178672790527e-01
3.370263874530792236e-01
2.552078664302825928e-01
2.793525457382202148e-01
2.923496663570404053e-01
2.439401149749755859e-01
3.026636838912963867e-01
3.413219153881072998e-01
2.723497152328491211e-01
2.803959548473358154e-01
4.662658274173736572e-01
5.479400753974914551e-01
5.897181630134582520e-01
5.574863553047180176e-01
3.489319980144500732e-01
3.207505047321319580e-01
3.424609005451202393e-01
3.235329091548919678e-01
3.793096840381622314e-01
2.193401157855987549e-01
2.983808219432830811e-01
2.783479094505310059e-01
2.179397195577621460e-01
1.918687820434570312e-01
1.247577071189880371e-01
1.277982145547866821e-01
2.650264501571655273e-01
7.820111513137817383e-02
2.680566012859344482e-01
2.317366302013397217e-01
1.031943261623382568e-01
1.967266350984573364e-01
1.905736774206161499e-01
1.345354318618774414e-02
2.016047537326812744e-01
1.353083103895187378e-01
1.135537773370742798e-01
1.120207458734512329e-01
1.239230036735534668e-01
1.297181993722915649e-01
7.477554678916931152e-02
7.939130067825317383e-02
9.010216593742370605e-02
7.338154315948486328e-02
2.978476881980895996e-02
3.331509232521057129e-02
7.893893122673034668e-02
1.746526062488555908e-01
2.293005585670471191e-02
7.242611050605773926e-02
3.266203403472900391e-02
2.657281756401062012e-01
1.878463178873062134e-01
1.300201267004013062e-01
1.710452586412429810e-01
1.728328615427017212e-01
9.566116333007812500e-02
4.330605268478393555e-02
2.089905738830566406e-02
-4.043638706207275391e-03
-2.722024917602539062e-03
-1.737472414970397949e-02
-9.206652641296386719e-03
-1.007318496704101562e-05
4.645526409149169922e-03
5.596330761909484863e-02
-6.592577695846557617e-02
-1.307237148284912109e-02
-2.524402737617492676e-02
-5.708247423171997070e-02
-2.366906404495239258e-02
-7.971861958503723145e-02
-1.015408039093017578e-01
-4.984951019287109375e-02
1.425743103027343750e-04
-3.632006049156188965e-02
-8.057057857513427734e-02
-1.903176307678222656e-03
7.800915837287902832e-02
-4.863891005516052246e-02
-3.106862306594848633e-02
1.319468021392822266e-02
-3.685635328292846680e-02
-3.191578388214111328e-02
-3.838819265365600586e-02
-5.704689025878906250e-02
-1.338064670562744141e-03
5.676388740539550781e-03
-4.519417881965637207e-02
-5.102908611297607422e-02
-4.926812648773193359e-02
-5.955520272254943848e-02
-1.136669516563415527e-02
2.999395132064819336e-02
-8.685815334320068359e-02
1.014496684074401855e-01
1.048761308193206787e-01
3.368106484413146973e-02
5.657905340194702148e-02
-7.933020591735839844e-03
1.457098126411437988e-02
1.395639777183532715e-02
3.999471664428710938e-05
5.603313446044921875e-03
4.742151498794555664e-02
6.777074933052062988e-02
-3.222763538360595703e-02
-3.699266910552978516e-02
-3.229063749313354492e-02
-3.152427077293395996e-02
1.984257400035858154e-01
1.859420835971832275e-01
3.297690451145172119e-01
3.046466112136840820e-01
3.208590447902679443e-01
3.120950162410736084e-01
3.782923519611358643e-01
3.933197855949401855e-01
3.697078227996826172e-01
2.876850664615631104e-01
2.439905852079391479e-01
4.476217627525329590e-01
2.017573863267898560e-01
2.865579426288604736e-01
2.652423381805419922e-01
2.044822573661804199e-01
3.677998483180999756e-01
4.827618598937988281e-01
3.630197644233703613e-01
3.673161864280700684e-01
4.435404539108276367e-01
5.175107717514038086e-01
4.997183680534362793e-01
5.457986593246459961e-01
3.683241903781890869e-01
2.429081052541732788e-01
9.997767210006713867e-02
1.986003667116165161e-01
2.435745447874069214e-01
8.702939748764038086e-02
3.651354014873504639e-01
5.012116432189941406e-01
5.253413915634155273e-01
5.029042363166809082e-01
4.158919155597686768e-01
4.112699031829833984e-01
3.620117306709289551e-01
3.948785960674285889e-01
4.004039764404296875e-01
4.223786592483520508e-01
4.598985016345977783e-01
4.462167918682098389e-01
4.514382481575012207e-01
4.341744780540466309e-01
2.723379135131835938e-01
3.608497381210327148e-01
3.031359314918518066e-01
2.094935476779937744e-01
3.387363255023956299e-01
4.570253789424896240e-01
3.312928378582000732e-01
4.260753393173217773e-01
4.315475821495056152e-01
4.184861183166503906e-01
4.277417957782745361e-01
4.179781079292297363e-01
4.691082835197448730e-01
4.577633142471313477e-01
2.969146370887756348e-01
4.757058322429656982e-01
6.639909744262695312e-01
7.331489324569702148e-01
8.049328327178955078e-01
6.075780391693115234e-01
5.825158357620239258e-01
4.764098227024078369e-01
5.107136964797973633e-01
6.154665946960449219e-01
5.984919667243957520e-01
8.983154892921447754e-01
5.121139287948608398e-01
3.108247816562652588e-01
3.637781739234924316e-01
4.444299042224884033e-01
4.492786824703216553e-01
4.662025272846221924e-01
4.777745604515075684e-01
4.772831797599792480e-01
5.143197774887084961e-01
5.221490859985351562e-01
5.295879840850830078e-01
4.984713792800903320e-01
4.936772882938385010e-01
5.509313344955444336e-01
3.941818177700042725e-01
2.414087504148483276e-01
3.238785266876220703e-01
2.807678282260894775e-01
3.168663978576660156e-01
2.753737866878509521e-01
3.503659069538116455e-01
3.483044803142547607e-01
3.426034152507781982e-01
2.851629853248596191e-01
2.829132080078125000e-01
2.920930385589599609e-01
2.628474533557891846e-01
2.331452965736389160e-01
2.055389732122421265e-01
1.963081508874893188e-01
2.007640004158020020e-01
2.018761187791824341e-01
2.025673538446426392e-01
2.052442431449890137e-01
2.615641653537750244e-01
2.418292760848999023e-01
2.581757307052612305e-01
2.762016654014587402e-01
2.689416706562042236e-01
2.664421796798706055e-01
2.050648033618927002e-01
2.863596975803375244e-01
2.767700552940368652e-01
2.258273363113403320e-01
1.183330267667770386e-01
1.617360115051269531e-02
7.197916507720947266e-02
1.842126250267028809e-02
1.785892248153686523e-02
-3.818452358245849609e-03
-6.710350513458251953e-03
-7.734447717666625977e-03
-7.886826992034912109e-03
2.212148904800415039e-02
2.870589494705200195e-02
3.018751740455627441e-02
3.080984950065612793e-02
3.049290180206298828e-02
3.879696130752563477e-02
6.649887561798095703e-02
4.034227132797241211e-02
6.086677312850952148e-02
7.588911056518554688e-02
9.882652759552001953e-02
1.068273782730102539e-01
9.615325927734375000e-02
4.915151000022888184e-02
4.981413483619689941e-02
-8.099532127380371094e-02
-8.914113044738769531e-03
-6.158375740051269531e-02
-4.123687744140625000e-03
-4.783868789672851562e-03
-7.219314575195312500e-04
2.717256546020507812e-03
3.407537937164306641e-03
2.005994319915771484e-03
7.908314466476440430e-03
-4.450380802154541016e-03
2.650976181030273438e-02
2.916407585144042969e-02
7.076710462570190430e-03
-2.333191037178039551e-02
-2.028179168701171875e-02
-1.991316676139831543e-02
-1.980072259902954102e-02
-1.911383867263793945e-02
-2.260813117027282715e-02
3.111976385116577148e-02
5.894035100936889648e-03
-1.922097802162170410e-02
2.942541241645812988e-02
3.592064976692199707e-02
3.938442468643188477e-02
-5.829036235809326172e-02
-5.210787057876586914e-02
-4.650044441223144531e-02
-3.488034009933471680e-02
-1.973089575767517090e-02
-1.676213741302490234e-02
-1.075881719589233398e-02
-5.592405796051025391e-03
-2.945303916931152344e-03
-1.764625310897827148e-03
-1.228511333465576172e-03
-9.935200214385986328e-04
-8.950233459472656250e-04
-8.535981178283691406e-04
-8.362829685211181641e-04
-8.289217948913574219e-04
-8.260607719421386719e-04
-8.250474929809570312e-04
-8.250474929809570312e-04
-8.347630500793457031e-04
-8.850693702697753906e-04
-9.891748428344726562e-03
3.643485903739929199e-01
4.058806300163269043e-01
4.085028767585754395e-01
4.801588952541351318e-01
4.951260983943939209e-01
4.980256259441375732e-01
5.055776834487915039e-01
5.180085897445678711e-01
5.157528519630432129e-01
5.166390538215637207e-01
5.122779607772827148e-01
5.128028392791748047e-01
5.093851685523986816e-01
5.087460875511169434e-01
5.055954456329345703e-01
6.170520782470703125e-01
4.633122086524963379e-01
4.350793361663818359e-01
3.522381186485290527e-01
4.609045386314392090e-01
3.998675644397735596e-01
4.135799109935760498e-01
3.675514459609985352e-01
4.446661174297332764e-01
3.998880386352539062e-01
3.390188813209533691e-01
3.425801694393157959e-01
2.523235678672790527e-01
3.097168505191802979e-01
3.199746012687683105e-01
2.935540974140167236e-01
2.720528244972229004e-01
3.303892314434051514e-01
2.805532813072204590e-01
9.792107343673706055e-02
2.492773681879043579e-01
-3.965693712234497070e-02
-1.444041728973388672e-01
-1.545560359954833984e-02
-7.368969917297363281e-02
-3.562048077583312988e-02
6.409138441085815430e-03
4.647576808929443359e-02
2.125346660614013672e-02
2.137583494186401367e-02
2.344298362731933594e-02
8.895316720008850098e-02
1.530980765819549561e-01
1.071590781211853027e-01
1.136780828237533569e-01
1.744239032268524170e-01
4.939825236797332764e-01
6.825556159019470215e-01
8.091911077499389648e-01
5.415669083595275879e-01
5.730386972427368164e-01
1.860457658767700195e-01
2.352181077003479004e-01
4.453575611114501953e-01
4.379702210426330566e-01
5.370329618453979492e-01
5.575962066650390625e-01
5.100162029266357422e-01
5.405054092407226562e-01
5.311958789825439453e-01
7.062168717384338379e-01
4.283220171928405762e-01
4.191615581512451172e-01
5.648033022880554199e-01
5.352981090545654297e-01
5.754813551902770996e-01
5.773772001266479492e-01
4.578514695167541504e-01
6.482847332954406738e-01
3.666839897632598877e-01
3.644354343414306641e-01
2.825436592102050781e-01
1.355310380458831787e-01
1.799442768096923828e-01
1.226336061954498291e-01
2.594163417816162109e-01
2.783570289611816406e-01
4.087800085544586182e-01
5.310310721397399902e-01
5.119186639785766602e-01
4.967551827430725098e-01
5.180678963661193848e-01
5.356333255767822266e-01
5.300225019454956055e-01
4.506781101226806641e-01
4.488142132759094238e-01
4.614519476890563965e-01
3.291687667369842529e-01
3.808937966823577881e-01
4.413802027702331543e-01
4.445618987083435059e-01
4.496526718139648438e-01
4.593266844749450684e-01
4.665083885192871094e-01
4.684175848960876465e-01
4.629892110824584961e-01
4.567476511001586914e-01
4.341197907924652100e-01
3.989833593368530273e-01
3.488376438617706299e-01
3.378633856773376465e-01
3.256189525127410889e-01
3.148639202117919922e-01
2.242745906114578247e-01
5.306810140609741211e-01
4.877576231956481934e-01
4.785965085029602051e-01
4.521411061286926270e-01
5.186389684677124023e-01
4.809552431106567383e-01
5.077174305915832520e-01
4.845581650733947754e-01
4.804200530052185059e-01
4.000191390514373779e-01
2.100427150726318359e-01
2.499657720327377319e-01
2.482960373163223267e-01
2.351840883493423462e-01
1.427390575408935547e-01
2.763252854347229004e-01
3.066886663436889648e-01
2.689508199691772461e-01
1.496776044368743896e-01
9.484151005744934082e-02
2.119012773036956787e-01
1.926219612360000610e-01
1.556814610958099365e-01
1.230449676513671875e-01
8.268064260482788086e-02
7.522574067115783691e-02
3.522989153861999512e-02
2.286708354949951172e-02
1.268315315246582031e-02
8.243054151535034180e-03
1.375102996826171875e-02
1.805701851844787598e-02
1.984983682632446289e-02
2.057015895843505859e-02
-1.523771882057189941e-02
1.006258428096771240e-01
3.990549445152282715e-01
5.492450594902038574e-01
5.261607170104980469e-01
5.501249432563781738e-01
5.449249148368835449e-01
5.495037436485290527e-01
5.426772832870483398e-01
5.450506806373596191e-01
5.408089160919189453e-01
5.407186746597290039e-01
5.150828361511230469e-01
3.457385897636413574e-01
3.129885196685791016e-01
5.688303112983703613e-01
4.122946560382843018e-01
1.381077468395233154e-01
1.318691968917846680e-01
9.008967876434326172e-02
1.274361163377761841e-01
8.846715092658996582e-02
1.756412386894226074e-01
1.789323091506958008e-01
1.793600618839263916e-01
1.793767213821411133e-01
1.959003657102584839e-01
2.023769021034240723e-01
2.089012563228607178e-01
3.408816158771514893e-01
5.528168678283691406e-01
6.244139671325683594e-01
7.461992502212524414e-01
4.465501308441162109e-01
3.250049948692321777e-01
4.436722099781036377e-01
7.018948793411254883e-01
5.066853761672973633e-01
4.621721804141998291e-01
4.660698175430297852e-01
4.073378443717956543e-01
4.073381721973419189e-01
4.871071279048919678e-01
4.490781128406524658e-01
4.613617658615112305e-01
4.859096109867095947e-01
4.773306250572204590e-01
5.099235177040100098e-01
5.051906108856201172e-01
5.092124342918395996e-01
4.776128828525543213e-01
4.276465773582458496e-01
5.054745674133300781e-01
4.927126169204711914e-01
4.359515309333801270e-01
3.591153323650360107e-01
2.540096938610076904e-01
1.375839263200759888e-01
1.047988831996917725e-01
2.820986509323120117e-02
5.441904067993164062e-05
9.410381317138671875e-04
7.332593202590942383e-03
1.368671655654907227e-02
1.756960153579711914e-02
1.941639184951782227e-02
1.997023820877075195e-02
1.967790722846984863e-02
1.913502812385559082e-02
1.888111233711242676e-02
8.166432380676269531e-02
9.071433544158935547e-02
2.804470062255859375e-02
3.224611282348632812e-02
6.540200114250183105e-02
7.981455326080322266e-02
4.359948635101318359e-02
3.469622135162353516e-02
2.020344138145446777e-02
1.296469569206237793e-02
2.217489480972290039e-02
3.180801868438720703e-02
4.643440246582031250e-02
7.932505011558532715e-02
8.709898591041564941e-02
1.154861152172088623e-01
2.340704202651977539e-02
4.378910958766937256e-01
6.261562108993530273e-01
5.035470724105834961e-01
5.353412032127380371e-01
5.354437828063964844e-01
5.457930564880371094e-01
5.945189595222473145e-01
5.304450988769531250e-01
4.529834091663360596e-01
6.412038803100585938e-01
7.839515209197998047e-01
4.206961095333099365e-01
3.276563286781311035e-01
3.234366476535797119e-01
4.059085547924041748e-01
4.458701908588409424e-01
2.309146970510482788e-01
2.262230515480041504e-01
1.143168509006500244e-01
1.143706589937210083e-01
1.102288663387298584e-01
2.660495042800903320e-02
1.542660295963287354e-01
4.089435935020446777e-01
4.217931032180786133e-01
4.030875861644744873e-01
2.868980765342712402e-01
3.210881948471069336e-01
1.664192378520965576e-01
1.704261749982833862e-01
1.173245310783386230e-01
2.535763382911682129e-02
-6.441214680671691895e-02
-2.288538217544555664e-02
-3.049552440643310547e-03
2.051144838333129883e-03
-1.690611243247985840e-02
6.458252668380737305e-02
5.922272801399230957e-02
1.118768900632858276e-01
9.329119324684143066e-02
8.419054746627807617e-02
1.000153422355651855e-01
1.022074520587921143e-01
8.036243915557861328e-02
8.069443702697753906e-02
-5.311468243598937988e-02
-5.125945806503295898e-02
-3.970226645469665527e-02
-8.339232206344604492e-02
-2.935922145843505859e-02
-2.691411972045898438e-02
7.776945829391479492e-03
-3.137153387069702148e-02
5.338191986083984375e-04
-5.431824922561645508e-02
-9.822574257850646973e-02
-5.794525146484375000e-02
2.064219117164611816e-02
3.473529219627380371e-02
1.038604676723480225e-01
1.343835294246673584e-01
1.834553033113479614e-01
1.700491905212402344e-01
1.121892333030700684e-01
3.907768428325653076e-01
5.464496612548828125e-01
3.922811150550842285e-01
4.459440112113952637e-01
5.108640193939208984e-01
3.254942893981933594e-01
1.232189387083053589e-01
8.462125062942504883e-02
1.353497803211212158e-01
1.772893369197845459e-01
2.648613154888153076e-01
2.257965058088302612e-01
2.986718714237213135e-01
2.917711436748504639e-01
3.005684912204742432e-01
3.126215934753417969e-01
4.173496663570404053e-01
5.309373140335083008e-01
2.823599576950073242e-01
2.368664741516113281e-02
1.567016541957855225e-01
1.480146050453186035e-01
1.112794578075408936e-01
1.439970135688781738e-01
1.490935385227203369e-01
1.492038965225219727e-01
1.481859236955642700e-01
1.478217542171478271e-01
1.476626843214035034e-01
1.420460641384124756e-01
1.490422785282135010e-01
2.025688588619232178e-01
2.172406911849975586e-01
1.836472451686859131e-01
1.625574678182601929e-01
1.564451456069946289e-01
8.265644311904907227e-02
8.828204870223999023e-02
7.004803419113159180e-02
2.434021979570388794e-01
3.198579847812652588e-01
3.236911892890930176e-01
4.231392443180084229e-01
4.065812528133392334e-01
2.358735352754592896e-01
8.459860086441040039e-02
2.339488565921783447e-01
3.259679973125457764e-01
3.311451673507690430e-01
3.830150663852691650e-01
4.254827499389648438e-01
4.499155879020690918e-01
5.535516738891601562e-01
5.373029112815856934e-01
4.350702166557312012e-01
4.977936148643493652e-01
4.143637120723724365e-01
6.057037115097045898e-01
7.104258537292480469e-01
7.157294154167175293e-01
4.111992716789245605e-01
5.131642818450927734e-01
5.345014929771423340e-01
5.454285144805908203e-01
3.768476545810699463e-01
4.110518097877502441e-01
4.632305800914764404e-01
4.045596122741699219e-01
3.970682621002197266e-01
4.144689440727233887e-01
3.645509481430053711e-01
2.818792760372161865e-01
2.900661826133728027e-01
2.971173822879791260e-01
3.298501968383789062e-01
3.563824295997619629e-01
3.580107092857360840e-01
3.478569388389587402e-01
3.066886663436889648e-01
2.955476641654968262e-01
4.553210139274597168e-01
4.968933463096618652e-01
4.923021495342254639e-01
5.027767419815063477e-01
4.233115315437316895e-01
2.359685152769088745e-01
2.414018511772155762e-01
2.151661366224288940e-01
3.043144941329956055e-01
3.098219335079193115e-01
1.752560138702392578e-01
1.264143884181976318e-01
2.218098342418670654e-01
2.457218766212463379e-01
2.441981434822082520e-01
2.932532131671905518e-01
2.932775318622589111e-01
1.997107118368148804e-01
1.727691292762756348e-01
1.706815958023071289e-01
2.055341005325317383e-01
2.943142056465148926e-01
2.972651720046997070e-01
2.405672520399093628e-01
2.505420446395874023e-01
1.201302111148834229e-01
1.323703527450561523e-01
6.823045015335083008e-02
1.339686512947082520e-01
-2.546861767768859863e-02
7.653117179870605469e-02
5.673557519912719727e-02
9.832352399826049805e-03
-2.198496460914611816e-02
6.022036075592041016e-03
-1.181825995445251465e-02
-4.919871687889099121e-02
7.874983549118041992e-02
1.407435536384582520e-02
1.137886792421340942e-01
1.510323882102966309e-01
1.888976693153381348e-01
1.945443749427795410e-01
1.806558370590209961e-01
1.561736911535263062e-01
8.251929283142089844e-02
1.154457330703735352e-01
1.674782335758209229e-01
2.838495373725891113e-02
1.189293861389160156e-01
8.645290136337280273e-02
6.978741288185119629e-02
1.533463597297668457e-02
-6.258100271224975586e-03
2.514081597328186035e-01
1.172862052917480469e-01
2.072747051715850830e-01
3.915448188781738281e-01
3.648083806037902832e-01
1.071258783340454102e-01
2.697402238845825195e-02
-5.677145719528198242e-02
5.896776914596557617e-02
1.697482913732528687e-01
-9.261375665664672852e-02
5.716544389724731445e-02
3.581583499908447266e-02
5.411848425865173340e-02
3.461164236068725586e-02
5.111783742904663086e-03
8.889505267143249512e-02
9.604921936988830566e-02
8.816853165626525879e-02
1.446066349744796753e-01
1.380202174186706543e-01
1.408856809139251709e-01
1.446041166782379150e-01
-5.505365133285522461e-02
9.694033861160278320e-02
3.558790683746337891e-02
3.828101158142089844e-01
3.799116611480712891e-01
3.825080096721649170e-01
3.384408652782440186e-01
4.249475002288818359e-01
4.844923615455627441e-01
4.499214589595794678e-01
4.338418245315551758e-01
4.334905743598937988e-01
4.334653615951538086e-01
5.403308272361755371e-01
5.560172200202941895e-01
4.243605434894561768e-01
4.012607634067535400e-01
5.320516824722290039e-01
5.571307539939880371e-01
6.836183071136474609e-01
6.662689447402954102e-01
4.460918903350830078e-01
3.125701546669006348e-01
4.358907639980316162e-01
5.504271984100341797e-01
5.644884109497070312e-01
8.053074479103088379e-01
8.174299597740173340e-01
5.347324013710021973e-01
4.560780227184295654e-01
4.829450249671936035e-01
3.020900189876556396e-01
2.023143321275711060e-01
6.929960846900939941e-01
5.791794657707214355e-01
2.829941213130950928e-01
2.066079378128051758e-01
1.953028440475463867e-01
3.767578899860382080e-01
3.162980377674102783e-01
3.053577542304992676e-01
3.999624252319335938e-01
3.589231967926025391e-01
2.990767359733581543e-01
3.677938580513000488e-01
5.467047691345214844e-01
7.273772954940795898e-01
4.583870768547058105e-01
3.681034743785858154e-01
3.080402612686157227e-01
6.016014218330383301e-01
4.100416600704193115e-01
3.660219311714172363e-01
4.939002990722656250e-01
5.038480758666992188e-01
3.824642002582550049e-01
3.941946029663085938e-01
5.418409705162048340e-01
4.660055637359619141e-01
5.027430057525634766e-01
4.206268489360809326e-01
3.234355449676513672e-01
4.210372567176818848e-01
2.136023789644241333e-01
4.086271822452545166e-01
4.711767137050628662e-01
4.802365899085998535e-01
4.811799824237823486e-01
4.746344685554504395e-01
4.386795759201049805e-01
3.496274948120117188e-01
2.794956564903259277e-01
2.113643735647201538e-01
1.933122724294662476e-01
1.936684697866439819e-01
1.927883327007293701e-01
2.038835734128952026e-01
2.203259021043777466e-01
2.530280649662017822e-01
2.332179397344589233e-01
1.943302154541015625e-01
1.967270970344543457e-01
1.968747675418853760e-01
1.968844980001449585e-01
1.992627978324890137e-01
2.512657046318054199e-01
2.237091362476348877e-01
2.029418647289276123e-01
2.060353159904479980e-01
2.510594725608825684e-01
2.367923259735107422e-01
1.016139984130859375e-01
2.547681331634521484e-02
-1.975893974304199219e-04
2.829021215438842773e-02
2.010679244995117188e-02
4.175919294357299805e-02
3.052431344985961914e-02
1.503722518682479858e-01
9.833455085754394531e-02
6.774175167083740234e-02
8.164542913436889648e-02
-4.387786984443664551e-02
-3.421828150749206543e-02
-5.565312504768371582e-02
-5.058622360229492188e-02
-5.624997615814208984e-02
-5.507671833038330078e-02
-1.971685886383056641e-02
-3.922608494758605957e-02
4.422456026077270508e-03
5.052328109741210938e-02
6.561586260795593262e-02
1.058902144432067871e-01
1.065098643302917480e-01
1.160459965467453003e-01
-1.040903925895690918e-01
-9.519514441490173340e-02
-4.760497808456420898e-02
-4.761400818824768066e-02
-4.145774245262145996e-02
-2.370047569274902344e-02
-2.843517065048217773e-02
4.618079662322998047e-01
4.020769298076629639e-01
4.966663718223571777e-01
5.254201292991638184e-01
5.440378189086914062e-01
5.432255864143371582e-01
6.256989240646362305e-01
5.293237566947937012e-01
5.787724256515502930e-01
6.397123932838439941e-01
5.864709615707397461e-01
5.093871951103210449e-01
4.409150779247283936e-01
4.950581490993499756e-01
6.245046854019165039e-01
6.402860879898071289e-01
6.424334049224853516e-01
6.913256645202636719e-01
6.709607839584350586e-01
6.729400157928466797e-01
6.769837141036987305e-01
3.765636384487152100e-01
3.561508357524871826e-01
5.197024941444396973e-01
2.375229746103286743e-01
4.408590495586395264e-01
3.881742656230926514e-01
3.847073316574096680e-01
4.023924171924591064e-01
4.561445116996765137e-01
3.753187656402587891e-01
3.214165866374969482e-01
3.072804808616638184e-01
3.638620078563690186e-01
4.852103590965270996e-01
4.975499808788299561e-01
3.979744315147399902e-01
4.211392104625701904e-01
4.583177268505096436e-01
6.476927995681762695e-01
4.746603071689605713e-01
2.871541380882263184e-01
1.306789517402648926e-01
1.904506385326385498e-01
2.663493752479553223e-01
4.251024127006530762e-01
5.457918047904968262e-01
3.946267366409301758e-01
3.126191794872283936e-01
3.876526057720184326e-01
4.769841432571411133e-01
5.448518991470336914e-01
6.206111907958984375e-01
7.576162815093994141e-01
5.625793337821960449e-01
2.301667928695678711e-01
1.269864737987518311e-01
2.029790133237838745e-01
5.012294650077819824e-02
8.621323108673095703e-02
2.570584416389465332e-01
2.672802805900573730e-01
3.541422188282012939e-01
2.401253879070281982e-01
1.894645392894744873e-01
5.593878626823425293e-01
4.626089632511138916e-01
4.154160916805267334e-01
4.507257640361785889e-01
3.421622812747955322e-01
5.690968036651611328e-01
3.585400283336639404e-01
3.338748812675476074e-01
3.282961249351501465e-01
3.298456668853759766e-01
3.348998427391052246e-01
2.969892024993896484e-01
3.243557214736938477e-01
3.483451902866363525e-01
3.271598815917968750e-01
3.504245877265930176e-01
3.667496144771575928e-01
3.849968612194061279e-01
2.137397825717926025e-01
3.567897081375122070e-01
4.120208024978637695e-01
3.425223827362060547e-01
3.570018708705902100e-01
2.527309656143188477e-01
4.833823442459106445e-01
5.235667228698730469e-01
4.079767167568206787e-01
2.920882403850555420e-01
3.381853103637695312e-01
3.423694074153900146e-01
3.108917176723480225e-01
2.977221012115478516e-01
2.870734333992004395e-01
2.712758183479309082e-01
2.543624639511108398e-01
2.369896918535232544e-01
2.181561142206192017e-01
3.214701414108276367e-01
2.864163517951965332e-01
3.556125760078430176e-01
3.078281283378601074e-01
2.926197946071624756e-01
3.035286068916320801e-01
2.817135751247406006e-01
4.309212565422058105e-01
3.849429786205291748e-01
5.320188403129577637e-01
5.463972091674804688e-01
5.589261054992675781e-01
6.962006092071533203e-01
8.214420080184936523e-01
7.284070253372192383e-01
7.170411348342895508e-01
4.754745066165924072e-01
5.483727455139160156e-01
5.814610719680786133e-01
6.163741946220397949e-01
5.997083783149719238e-01
5.186550021171569824e-01
4.108505249023437500e-01
3.655261397361755371e-01
4.293746352195739746e-01
4.717992246150970459e-01
4.012091159820556641e-01
4.072891473770141602e-01
4.094711244106292725e-01
4.044435024261474609e-01
4.034470915794372559e-01
4.475042521953582764e-01
4.087076783180236816e-01
4.136007726192474365e-01
4.232595562934875488e-01
3.436792194843292236e-01
2.035117149353027344e-01
3.867313265800476074e-01
3.357637524604797363e-01
3.161933422088623047e-01
3.498613834381103516e-01
3.345088660717010498e-01
3.466781675815582275e-01
3.357511758804321289e-01
3.441678285598754883e-01
2.757686972618103027e-01
9.004181623458862305e-02
3.432884216308593750e-01
4.710964560508728027e-01
4.477111101150512695e-01
4.377947449684143066e-01
5.238293409347534180e-01
5.044559240341186523e-01
3.979060947895050049e-01
4.380469918251037598e-01
3.556832075119018555e-01
3.200924396514892578e-01
2.087182998657226562e-01
2.165845036506652832e-01
1.492778658866882324e-01
3.693136870861053467e-01
3.894968926906585693e-01
4.872268736362457275e-01
5.264329910278320312e-01
5.255842208862304688e-01
4.725018441677093506e-01
5.714217424392700195e-01
5.856568813323974609e-01
6.571832895278930664e-01
6.801714897155761719e-01
5.966178178787231445e-01
8.310087919235229492e-01
7.569826841354370117e-01
2.745309472084045410e-01
3.794857859611511230e-01
3.073690533638000488e-01
3.259119391441345215e-01
3.885329067707061768e-01
4.095944166183471680e-01
3.859452009201049805e-01
4.302899539470672607e-01
3.174431324005126953e-01
3.777212798595428467e-01
4.524612426757812500e-01
2.470680177211761475e-01
3.876675963401794434e-01
2.486803829669952393e-01
3.550954163074493408e-01
3.373129963874816895e-01
3.111512660980224609e-01
2.894949018955230713e-01
2.881640493869781494e-01
4.189736545085906982e-01
3.592818975448608398e-01
3.675841391086578369e-01
3.262484967708587646e-01
3.116955757141113281e-01
1.469626873731613159e-01
3.802707493305206299e-01
3.363892436027526855e-01
1.549107432365417480e-01
2.745781540870666504e-01
3.441763520240783691e-01
1.580527573823928833e-01
3.285989761352539062e-01
2.741257548332214355e-01
2.536182105541229248e-01
1.402824372053146362e-01
2.217318117618560791e-01
3.515286743640899658e-01
3.280488252639770508e-01
4.524995088577270508e-01
3.529271483421325684e-01
2.995780706405639648e-01
2.527410387992858887e-01
2.144650816917419434e-01
1.143659800291061401e-01
1.353427469730377197e-01
1.478160321712493896e-01
1.175543814897537231e-01
1.281280070543289185e-01
1.403998285531997681e-01
1.456373035907745361e-01
1.550251543521881104e-01
1.433892846107482910e-01
1.686671972274780273e-01
1.417502462863922119e-01
1.670145988464355469e-01
1.983953118324279785e-01
1.837019622325897217e-01
1.928003728389739990e-01
1.840162575244903564e-01
3.768019378185272217e-01
3.211299479007720947e-01
3.290832638740539551e-01
3.162146806716918945e-01
3.595989346504211426e-01
2.394120693206787109e-01
2.285058200359344482e-01
1.620148718357086182e-01
1.681014001369476318e-01
2.385033965110778809e-01
2.050084173679351807e-01
1.757450401782989502e-01
1.986907124519348145e-01
1.753237396478652954e-01
1.804205477237701416e-01
1.810981035232543945e-01
1.808226704597473145e-01
1.810206025838851929e-01
1.859574019908905029e-01
1.948770582675933838e-01
1.771392524242401123e-01
9.554401040077209473e-02
1.900456398725509644e-01
1.767046749591827393e-01
1.731476783752441406e-01
1.309500038623809814e-01
1.382986307144165039e-01
1.542309224605560303e-01
1.320203691720962524e-01
2.450304329395294189e-01
2.698422670364379883e-01
2.456357330083847046e-01
2.481999993324279785e-01
2.288968265056610107e-01
2.494453340768814087e-01
2.647145688533782959e-01
3.252974152565002441e-01
2.573674917221069336e-01
3.386744558811187744e-01
4.453865587711334229e-01
4.151878058910369873e-01
4.005202054977416992e-01
3.740976750850677490e-01
3.320247232913970947e-01
2.451540678739547729e-01
2.349468767642974854e-01
9.543064236640930176e-02
1.066076755523681641e-01
4.379205703735351562e-01
4.536519348621368408e-01
3.230703175067901611e-01
3.132588565349578857e-01
4.205374717712402344e-01
6.491973400115966797e-01
5.606082677841186523e-01
4.129012823104858398e-01
2.281049787998199463e-01
3.167608678340911865e-01
2.809023857116699219e-01
1.580272614955902100e-01
1.461562961339950562e-01
2.624922692775726318e-01
1.254104226827621460e-01
2.551398873329162598e-01
1.104676723480224609e-02
4.251670837402343750e-02
5.036666989326477051e-02
1.345628648996353149e-01
1.696793138980865479e-01
1.647017896175384521e-01
1.597279161214828491e-01
1.450201570987701416e-01
1.428020298480987549e-01
2.830399870872497559e-01
4.131667613983154297e-01
3.733389079570770264e-01
3.770428299903869629e-01
3.777239024639129639e-01
4.635483622550964355e-01
5.875598192214965820e-01
6.428759694099426270e-01
6.190570592880249023e-01
5.256505608558654785e-01
5.304151773452758789e-01
6.497815251350402832e-01
7.480387687683105469e-01
8.637897372245788574e-01
8.740880489349365234e-01
3.888809978961944580e-01
2.600454092025756836e-01
2.478462159633636475e-01
1.883944720029830933e-01
2.213194817304611206e-01
1.715905219316482544e-01
1.859331578016281128e-01
3.054026961326599121e-01
4.185338318347930908e-01
3.048395216464996338e-01
3.657757341861724854e-01
4.136488735675811768e-01
3.993563950061798096e-01
3.921708166599273682e-01
3.982786238193511963e-01
3.967889547348022461e-01
3.977561295032501221e-01
3.996649980545043945e-01
4.123741984367370605e-01
4.154899418354034424e-01
4.183213710784912109e-01
3.322838544845581055e-01
3.787273764610290527e-01
1.852870434522628784e-01
3.038656115531921387e-01
3.047522008419036865e-01
2.889516353607177734e-01
2.829093337059020996e-01
2.544674575328826904e-01
3.565484583377838135e-01
2.823612093925476074e-01
3.030217885971069336e-01
3.784062266349792480e-01
2.508704066276550293e-01
2.431489527225494385e-01
2.094864845275878906e-01
9.776613116264343262e-02
2.507462799549102783e-01
2.262616455554962158e-01
2.254943549633026123e-01
2.225870639085769653e-01
2.251562923192977905e-01
2.955424785614013672e-01
3.065190613269805908e-01
2.579868733882904053e-01
2.957401871681213379e-01
2.936298847198486328e-01
1.771647781133651733e-01
2.176486104726791382e-01
1.161756217479705811e-01
1.710698604583740234e-01
3.589920401573181152e-01
1.322262883186340332e-01
2.746396064758300781e-01
2.294425070285797119e-01
3.045516014099121094e-01
2.242598384618759155e-01
3.409079313278198242e-01
3.316665291786193848e-01
4.819051623344421387e-01
3.112293779850006104e-01
5.509368777275085449e-01
4.840117096900939941e-01
2.530678808689117432e-01
1.674597859382629395e-01
1.967765390872955322e-01
2.851804494857788086e-01
2.510862350463867188e-01
3.391053974628448486e-01
4.898041486740112305e-01
4.651243686676025391e-01
4.408544301986694336e-01
3.674619197845458984e-01
4.642547965049743652e-01
5.587531328201293945e-01
6.403891444206237793e-01
6.441966295242309570e-01
3.561005592346191406e-01
3.738314807415008545e-01
3.483884334564208984e-01
3.069382905960083008e-01
3.171412348747253418e-01
4.637647569179534912e-01
5.224776268005371094e-01
4.181887507438659668e-01
3.481659889221191406e-01
3.042612075805664062e-01
3.137495815753936768e-01
3.469204306602478027e-01
3.314559459686279297e-01
2.544138431549072266e-01
2.166960537433624268e-01
2.564835548400878906e-01
2.513188123703002930e-01
2.360457777976989746e-01
3.524168729782104492e-01
3.233463764190673828e-01
3.269899487495422363e-01
2.629072964191436768e-01
4.127159416675567627e-01
5.018486380577087402e-01
5.643336176872253418e-01
3.676027953624725342e-01
2.755589485168457031e-01
1.739433556795120239e-01
2.380729317665100098e-01
2.136096060276031494e-01
2.816490530967712402e-01
3.532781004905700684e-01
3.158054947853088379e-01
2.319386303424835205e-01
3.420368134975433350e-01
2.014169394969940186e-01
2.033217251300811768e-01
2.964274287223815918e-01
2.623759508132934570e-01
1.501487493515014648e-01
2.184932678937911987e-01
1.902549266815185547e-01
2.015209048986434937e-01
2.188720405101776123e-01
2.793021202087402344e-01
2.754387259483337402e-01
3.135953247547149658e-01
2.359733283519744873e-01
1.203179955482482910e-01
1.721142381429672241e-01
1.855561137199401855e-01
3.672972321510314941e-01
2.654194831848144531e-01
2.656525373458862305e-01
1.785887926816940308e-01
1.519726812839508057e-01
1.477246731519699097e-01
1.482783406972885132e-01
1.479841470718383789e-01
2.182891964912414551e-01
2.113292217254638672e-01
2.001177221536636353e-01
1.464415192604064941e-01
1.546512097120285034e-01
2.831780910491943359e-01
2.394671887159347534e-01
3.480350077152252197e-01
1.360817700624465942e-01
1.764110922813415527e-01
1.495509743690490723e-01
1.709498167037963867e-01
1.652207672595977783e-01
2.981942296028137207e-01
2.384575307369232178e-01
2.967162728309631348e-01
2.743942439556121826e-01
2.471013963222503662e-01
2.869666814804077148e-01
2.657373249530792236e-01
2.676594257354736328e-01
2.679377496242523193e-01
2.692141830921173096e-01
2.421947121620178223e-01
8.726984262466430664e-02
1.589794009923934937e-01
5.117869377136230469e-02
5.109022855758666992e-01
5.350608229637145996e-01
5.366238355636596680e-01
3.602684736251831055e-01
3.303330242633819580e-01
5.039952397346496582e-01
4.820424616336822510e-01
2.824811637401580811e-01
4.680234789848327637e-01
4.397893846035003662e-01
5.022994279861450195e-01
5.875146389007568359e-01
6.074609756469726562e-01
2.936607301235198975e-01
2.664979100227355957e-01
3.747068941593170166e-01
4.093141853809356689e-01
3.658730685710906982e-01
4.442487061023712158e-01
2.706332504749298096e-01
1.893936097621917725e-01
3.290956616401672363e-01
4.704053401947021484e-01
5.758161544799804688e-01
5.315482616424560547e-01
4.247312843799591064e-01
4.360231459140777588e-01
3.536092638969421387e-01
3.753685355186462402e-01
4.405440092086791992e-01
5.040005445480346680e-01
4.623257517814636230e-01
3.988118469715118408e-01
4.266175627708435059e-01
5.410823822021484375e-01
4.376264810562133789e-01
3.202092051506042480e-01
4.754819869995117188e-01
4.524452090263366699e-01
4.866784512996673584e-01
4.577692151069641113e-01
5.083626508712768555e-01
3.990322351455688477e-01
5.728358626365661621e-01
5.116746425628662109e-01
2.967774569988250732e-01
3.964884877204895020e-01
5.067591667175292969e-01
3.852298259735107422e-01
4.171851277351379395e-01
4.230980575084686279e-01
2.987458705902099609e-01
4.794536828994750977e-01
4.381572604179382324e-01
4.146159887313842773e-01
5.312096476554870605e-01
4.258503317832946777e-01
3.711799085140228271e-01
3.929010629653930664e-01
3.771771192550659180e-01
3.822359740734100342e-01
3.847461044788360596e-01
3.590043485164642334e-01
3.721870183944702148e-01
3.410816490650177002e-01
3.691878318786621094e-01
3.792573809623718262e-01
3.641760647296905518e-01
3.757403492927551270e-01
3.317298889160156250e-01
2.984670996665954590e-01
1.832295060157775879e-01
2.810296416282653809e-01
2.584086358547210693e-01
3.136590421199798584e-01
4.025299847126007080e-01
2.753185629844665527e-01
1.863089501857757568e-01
8.226132392883300781e-02
1.430073231458663940e-01
1.980740278959274292e-01
1.911156326532363892e-01
2.882859408855438232e-01
2.589085400104522705e-01
2.761239409446716309e-01
2.517905235290527344e-01
1.650690138339996338e-01
1.141544729471206665e-01
1.003606021404266357e-01
3.242523968219757080e-01
2.635567784309387207e-01
1.673098951578140259e-01
1.430471241474151611e-01
1.198714822530746460e-01
1.206336319446563721e-01
5.295592546463012695e-02
2.976357936859130859e-02
-1.641130447387695312e-02
2.998054027557373047e-03
1.009344458580017090e-01
-3.076380491256713867e-02
3.361645340919494629e-02
5.706906318664550781e-03
-7.140761613845825195e-02
8.292078971862792969e-03
-7.830971479415893555e-02
-4.843515157699584961e-02
5.049556493759155273e-03
-3.902274370193481445e-02
-3.056958317756652832e-02
5.578288435935974121e-02
4.942303895950317383e-02
4.911911487579345703e-02
4.905772209167480469e-02
4.576921463012695312e-02
1.055004596710205078e-01
8.786934614181518555e-02
1.373727917671203613e-01
1.443828046321868896e-01
2.956321835517883301e-02
4.237526655197143555e-02
1.139381825923919678e-01
1.126711070537567139e-01
1.184925734996795654e-01
1.623544394969940186e-01
1.919743716716766357e-01
1.330380439758300781e-01
7.960578799247741699e-02
2.249695807695388794e-01
6.869885325431823730e-02
1.952464580535888672e-01
1.364970207214355469e-01
1.227670460939407349e-01
1.924786865711212158e-01
-1.036882400512695312e-03
2.370786666870117188e-02
2.930882573127746582e-02
4.750564694404602051e-02
-4.980736970901489258e-02
-3.165167570114135742e-02
1.971656084060668945e-02
-3.665834665298461914e-03
-1.957920193672180176e-02
2.344185113906860352e-02
1.432254910469055176e-02
-2.476853132247924805e-02
-2.388224005699157715e-02
-2.386486530303955078e-02
-3.134793043136596680e-02
-3.389716148376464844e-02
-3.434011340141296387e-02
-3.349488973617553711e-02
-3.060781955718994141e-02
-3.284940123558044434e-02
-2.986159920692443848e-02
-3.227803111076354980e-02
-3.581228852272033691e-02
-1.059243977069854736e-01
3.460526466369628906e-03
-6.380414962768554688e-02
1.461768150329589844e-02
-4.277497529983520508e-02
1.537889242172241211e-02
-8.718413114547729492e-02
1.238697767257690430e-02
-8.739167451858520508e-02
-5.240318179130554199e-02
3.259667754173278809e-02
-2.699643373489379883e-02
1.531976461410522461e-02
-7.714068889617919922e-02
-1.175051927566528320e-02
4.166343808174133301e-02
5.956748127937316895e-02
-3.585377335548400879e-02
-2.889525890350341797e-02
-6.131267547607421875e-02
-2.857506275177001953e-02
-2.910658717155456543e-02
-2.916723489761352539e-02
-2.947771549224853516e-02
7.137790322303771973e-02
-1.349759101867675781e-02
7.928839325904846191e-02
1.081341058015823364e-01
9.521874785423278809e-02
1.193867176771163940e-01
4.076753556728363037e-01
5.157061815261840820e-01
4.062735438346862793e-01
4.786394834518432617e-01
3.862159848213195801e-01
3.047500550746917725e-01
3.552223742008209229e-01
3.946291804313659668e-01
4.195849597454071045e-01
3.557134866714477539e-01
6.200819015502929688e-01
6.805710196495056152e-01
6.874732375144958496e-01
8.059409260749816895e-01
8.541769981384277344e-01
6.891440749168395996e-01
2.747170329093933105e-01
1.461714506149291992e-01
2.226644903421401978e-01
3.834920525550842285e-01
3.247714638710021973e-01
3.532287180423736572e-01
3.989646136760711670e-01
3.639272451400756836e-01
4.489398598670959473e-01
5.029667615890502930e-01
5.035513043403625488e-01
4.589478969573974609e-01
4.633302092552185059e-01
3.180488944053649902e-01
2.793148159980773926e-01
2.952582240104675293e-01
4.316838383674621582e-01
5.241562128067016602e-01
5.294516086578369141e-01
5.021662712097167969e-01
4.849179983139038086e-01
4.394223988056182861e-01
4.902814626693725586e-01
5.058157444000244141e-01
4.308938384056091309e-01
4.709169864654541016e-01
4.699044227600097656e-01
4.328534305095672607e-01
3.641452193260192871e-01
1.417946815490722656e-01
9.525513648986816406e-02
1.462516188621520996e-01
1.214983463287353516e-01
2.312401831150054932e-01
2.136207371950149536e-01
1.624726206064224243e-01
1.139197796583175659e-01
1.477126777172088623e-01
1.594174802303314209e-01
9.708163142204284668e-02
6.664219498634338379e-02
5.675989389419555664e-02
-3.182160854339599609e-02
2.900302410125732422e-03
2.007880806922912598e-02
1.946991682052612305e-02
1.718866825103759766e-02
2.842786908149719238e-02
2.986076474189758301e-02
2.996787428855895996e-02
2.986180782318115234e-02
3.079509735107421875e-02
3.737294673919677734e-02
3.000360727310180664e-02
3.079092502593994141e-02
3.603163361549377441e-02
9.339910745620727539e-02
8.359324932098388672e-02
3.377181291580200195e-02
-1.830852031707763672e-02
1.635539531707763672e-02
7.182389497756958008e-02
8.713492751121520996e-02
9.460836648941040039e-02
9.495714306831359863e-02
2.722471952438354492e-02
4.173538088798522949e-02
