7.355277538299560547e-01
8.714514970779418945e-01
1.081345319747924805e+00
2.012917041778564453e+00
8.836907148361206055e-01
9.432175159454345703e-01
1.119578361511230469e+00
9.577159881591796875e-01
9.118354320526123047e-01
9.978752136230468750e-01
1.040890932083129883e+00
1.025885224342346191e+00
1.069213986396789551e+00
1.035965561866760254e+00
9.653472900390625000e-01
9.894832372665405273e-01
9.377434253692626953e-01
8.583191633224487305e-01
3.256441354751586914e-01
-1.422470808029174805e-02
-4.530543088912963867e-02
-8.892047405242919922e-02
7.461476325988769531e-02
3.236364722251892090e-01
8.766536712646484375e-01
5.420774817466735840e-01
7.349736690521240234e-01
7.285763621330261230e-01
8.554005622863769531e-01
8.105291724205017090e-01
8.303590416908264160e-01
8.491966128349304199e-01
8.163662552833557129e-01
8.216850757598876953e-01
8.272470235824584961e-01
8.584880828857421875e-01
1.411488294601440430e+00
6.259559392929077148e-01
5.177481174468994141e-01
1.022335588932037354e-01
2.764290571212768555e-01
-8.173456788063049316e-02
3.439386487007141113e-01
1.318593740463256836e+00
7.346349358558654785e-01
8.782819509506225586e-01
3.978436589241027832e-01
4.034889936447143555e-01
5.209107398986816406e-01
6.708040237426757812e-01
6.138901710510253906e-01
4.199171066284179688e-01
1.051018238067626953e+00
3.095270693302154541e-01
6.720572710037231445e-01
7.631620168685913086e-01
1.058020234107971191e+00
1.165838241577148438e+00
1.735729932785034180e+00
1.669188857078552246e+00
1.541687488555908203e+00
1.408043980598449707e+00
1.102192878723144531e+00
9.653826951980590820e-01
-3.063414096832275391e-01
-3.490518331527709961e-01
4.969031810760498047e-01
4.347703456878662109e-01
1.307381391525268555e-01
6.358851194381713867e-01
9.351742267608642578e-01
1.061474204063415527e+00
8.285010457038879395e-01
1.306942939758300781e+00
3.211627006530761719e-01
1.013328790664672852e+00
5.635177493095397949e-01
8.385026454925537109e-02
3.507274985313415527e-01
3.517749309539794922e-01
7.377941608428955078e-01
1.203750967979431152e-01
1.094224452972412109e-01
1.969969868659973145e-01
5.262211561203002930e-01
6.648391485214233398e-01
5.716831684112548828e-01
2.577010989189147949e-01
2.066135108470916748e-01
9.972560405731201172e-01
9.012567996978759766e-02
5.542440414428710938e-01
5.343018174171447754e-01
-1.761334538459777832e-01
-9.943526983261108398e-02
-6.987291574478149414e-02
5.841538310050964355e-02
5.824515819549560547e-01
-4.242480099201202393e-01
-9.752017259597778320e-02
-4.051034450531005859e-01
-4.264428615570068359e-01
9.289457798004150391e-01
8.003046512603759766e-01
2.889286279678344727e-01
7.108844816684722900e-02
8.424681425094604492e-01
6.379643678665161133e-01
7.430015802383422852e-01
8.750246763229370117e-01
9.152166843414306641e-01
1.853627562522888184e-01
5.296125411987304688e-01
8.130624294281005859e-01
7.433633804321289062e-01
6.413844823837280273e-01
-6.786562502384185791e-02
9.835637807846069336e-01
-1.052181720733642578e-01
2.768997550010681152e-01
1.614069342613220215e-01
1.040035963058471680e+00
5.834776163101196289e-01
1.267246007919311523e+00
1.136356472969055176e+00
7.758944034576416016e-01
7.686066031455993652e-01
8.038285970687866211e-01
8.430311679840087891e-01
6.124993562698364258e-01
7.622545361518859863e-01
1.211418271064758301e+00
9.633255004882812500e-01
1.175210952758789062e+00
9.227317571640014648e-01
1.991947293281555176e-01
-4.863274097442626953e-02
3.684317469596862793e-01
-1.736967563629150391e-01
3.574038147926330566e-01
-1.849088966846466064e-01
4.095507264137268066e-01
4.119001626968383789e-01
4.130076169967651367e-01
3.041890561580657959e-01
6.491189002990722656e-01
9.242463111877441406e-01
6.015872955322265625e-01
8.830562233924865723e-02
3.198978304862976074e-01
4.075123071670532227e-01
5.222654938697814941e-01
9.087102413177490234e-01
4.003810584545135498e-01
-1.048877835273742676e-02
-3.550494909286499023e-01
1.868728697299957275e-01
4.960600137710571289e-01
-5.009273290634155273e-01
-3.934624791145324707e-02
1.140279620885848999e-01
3.425346910953521729e-01
-2.841842174530029297e-02
5.379971265792846680e-01
2.354684174060821533e-01
1.089248895645141602e+00
3.294292688369750977e-01
-2.004507184028625488e-02
1.844507157802581787e-01
2.676142156124114990e-01
6.227628588676452637e-01
7.865042686462402344e-01
1.795363903045654297e+00
1.133037567138671875e+00
7.138962149620056152e-01
1.016255855560302734e+00
1.267520546913146973e+00
1.723171949386596680e+00
1.021726250648498535e+00
4.374659061431884766e-01
5.226384997367858887e-01
1.025667905807495117e+00
7.899166345596313477e-01
1.681208610534667969e-01
6.520389318466186523e-01
8.978894352912902832e-01
5.696504712104797363e-01
9.962490797042846680e-01
5.159586668014526367e-01
8.984764814376831055e-01
6.163904666900634766e-01
1.471915721893310547e+00
1.407582759857177734e+00
1.189330220222473145e+00
1.397728800773620605e+00
1.079995512962341309e+00
1.241106748580932617e+00
6.036735773086547852e-01
7.597379684448242188e-01
6.787906885147094727e-01
3.933229446411132812e-01
4.464126229286193848e-01
8.202880620956420898e-01
1.192829370498657227e+00
1.311123490333557129e+00
1.302866935729980469e+00
1.277144670486450195e+00
1.274334430694580078e+00
1.210148096084594727e+00
1.291185855865478516e+00
1.292071104049682617e+00
1.287974834442138672e+00
1.292345523834228516e+00
1.294241666793823242e+00
1.264724731445312500e+00
1.171399593353271484e+00
1.113387227058410645e+00
1.117189645767211914e+00
1.116389989852905273e+00
1.117571473121643066e+00
1.138041615486145020e+00
1.361751317977905273e+00
7.799611687660217285e-01
8.720494508743286133e-01
1.261140406131744385e-01
9.647655487060546875e-01
4.316436648368835449e-01
8.137935400009155273e-01
8.401942253112792969e-01
7.845641374588012695e-01
6.184518933296203613e-01
8.360211849212646484e-01
8.731170892715454102e-01
7.957380414009094238e-01
9.029240608215332031e-01
9.387648105621337891e-01
2.887097001075744629e-01
-3.374475240707397461e-02
-2.183189988136291504e-02
5.506199598312377930e-02
3.160417079925537109e-02
9.677946567535400391e-03
2.705991268157958984e-01
2.152354717254638672e-01
2.879648804664611816e-01
2.408051490783691406e-01
4.012259840965270996e-02
2.818237245082855225e-01
3.357824087142944336e-01
2.872135043144226074e-01
1.082441508769989014e-01
-4.066727459430694580e-01
7.290420532226562500e-01
6.540535092353820801e-01
5.047678947448730469e-02
2.743381261825561523e-01
1.166596651077270508e+00
4.412966370582580566e-01
1.505968093872070312e+00
3.894315958023071289e-01
8.392412662506103516e-01
7.175843715667724609e-01
3.223183751106262207e-01
1.412281394004821777e-01
1.461016237735748291e-01
8.899407386779785156e-01
6.136662364006042480e-01
6.099731922149658203e-01
8.483931422233581543e-01
-7.149231433868408203e-02
3.060349822044372559e-02
2.778708338737487793e-01
4.734763503074645996e-01
1.205566644668579102e+00
1.114992141723632812e+00
1.092045545578002930e+00
1.112821340560913086e+00
9.320622682571411133e-01
5.210711359977722168e-01
7.495476007461547852e-01
8.410413861274719238e-01
6.823785305023193359e-01
5.443121194839477539e-01
4.070489406585693359e-01
-3.948211669921875000e-02
-1.569967865943908691e-01
-5.587242245674133301e-01
1.033304333686828613e-01
-1.655143499374389648e-01
-5.726498365402221680e-02
-1.863596439361572266e-01
9.761393070220947266e-03
1.315093040466308594e-01
-3.098783195018768311e-01
2.736369371414184570e-01
2.147725820541381836e-01
5.961804986000061035e-01
9.642914533615112305e-01
8.021231293678283691e-01
8.804497718811035156e-01
7.967099547386169434e-01
5.187870860099792480e-01
5.477743148803710938e-01
2.302809357643127441e-01
-4.146989285945892334e-01
3.702267408370971680e-01
5.165028572082519531e-01
3.654811382293701172e-01
2.039358317852020264e-01
2.789522707462310791e-01
8.780679702758789062e-01
5.857858657836914062e-01
-3.294811844825744629e-01
-3.319040536880493164e-01
-3.472048044204711914e-02
6.505523920059204102e-01
6.443698406219482422e-01
4.522203207015991211e-01
2.913902401924133301e-01
2.092736065387725830e-01
1.888966858386993408e-01
-7.415115833282470703e-04
-3.453794717788696289e-01
-1.780459880828857422e-01
-6.153205037117004395e-02
-1.122174263000488281e-01
9.131205081939697266e-02
-2.089338600635528564e-01
1.487056612968444824e-01
3.680364787578582764e-01
-6.458699703216552734e-03
1.752663254737854004e-01
-4.745587110519409180e-01
-4.011411070823669434e-01
-3.273465335369110107e-01
3.596857190132141113e-02
3.953360319137573242e-01
8.491146564483642578e-02
2.107828259468078613e-01
1.635985970497131348e-01
4.116283655166625977e-01
4.718247652053833008e-01
1.785579919815063477e-01
1.568164229393005371e-01
5.571020245552062988e-01
3.375933766365051270e-01
-4.916071891784667969e-03
8.547796010971069336e-01
3.326125442981719971e-01
1.063705205917358398e+00
1.276038289070129395e+00
5.535658597946166992e-01
5.383757352828979492e-01
6.441187262535095215e-01
8.334275484085083008e-01
6.367607712745666504e-01
3.916231691837310791e-01
2.332849800586700439e-01
2.278630137443542480e-01
1.206892967224121094e+00
1.279568433761596680e+00
8.564047813415527344e-01
6.896784305572509766e-01
4.016916453838348389e-01
1.176757216453552246e-01
-2.505580484867095947e-01
5.420853495597839355e-01
5.937603712081909180e-01
2.189834713935852051e-01
3.705016970634460449e-01
9.082040786743164062e-01
7.520169615745544434e-01
9.132664203643798828e-01
7.968835830688476562e-01
3.160451352596282959e-01
-1.751412451267242432e-02
1.824019551277160645e-01
-1.693063825368881226e-01
-1.697870492935180664e-01
2.241497635841369629e-01
-3.749044835567474365e-01
4.642146825790405273e-01
1.908206641674041748e-01
4.585167765617370605e-01
-2.506783008575439453e-01
4.630032777786254883e-01
5.568133592605590820e-01
5.788407325744628906e-01
3.323551416397094727e-01
7.756934165954589844e-01
7.192904949188232422e-01
1.099535107612609863e+00
1.037835359573364258e+00
1.408049821853637695e+00
7.819591164588928223e-01
5.783421397209167480e-01
2.851336896419525146e-01
1.000389099121093750e+00
9.817799329757690430e-01
9.155161380767822266e-01
7.296762466430664062e-01
3.117136061191558838e-01
1.968333423137664795e-01
1.392362117767333984e-01
8.283486962318420410e-02
2.147109508514404297e-01
-2.058972120285034180e-01
4.430686831474304199e-01
4.831380844116210938e-01
-6.075137853622436523e-02
3.907322883605957031e-03
-6.704002618789672852e-02
9.320157766342163086e-02
7.227577567100524902e-01
5.062635540962219238e-01
4.545964002609252930e-01
5.273481011390686035e-01
5.135748386383056641e-01
4.335210323333740234e-01
2.905874550342559814e-01
2.556139230728149414e-01
3.107576072216033936e-01
3.114626109600067139e-01
3.378449678421020508e-01
3.640196025371551514e-01
6.826143264770507812e-01
4.979783296585083008e-01
-2.760898768901824951e-01
-5.281075239181518555e-01
-2.491404712200164795e-01
5.698126554489135742e-01
1.138737440109252930e+00
9.754174947738647461e-01
7.170187234878540039e-01
8.395949006080627441e-02
1.309132575988769531e-01
9.783849716186523438e-01
7.025203704833984375e-01
9.851845502853393555e-01
7.137323021888732910e-01
6.398817300796508789e-01
2.534096240997314453e-01
2.813827395439147949e-01
8.689875602722167969e-01
1.560314893722534180e+00
1.318339943885803223e+00
9.872467517852783203e-01
3.704831004142761230e-01
-1.469992846250534058e-02
-2.297227978706359863e-01
8.213813304901123047e-01
7.040043473243713379e-01
8.245145082473754883e-01
5.688395500183105469e-01
8.611267805099487305e-01
8.628592491149902344e-01
3.487312197685241699e-01
-7.463735342025756836e-02
8.892327547073364258e-02
7.071467041969299316e-01
4.483987689018249512e-01
5.570962429046630859e-01
9.175449609756469727e-01
4.131052494049072266e-01
7.156237959861755371e-01
4.580354690551757812e-01
4.364243745803833008e-01
6.883927583694458008e-01
7.374026179313659668e-01
8.834542632102966309e-01
7.965631484985351562e-01
4.532626867294311523e-01
7.482594847679138184e-01
4.099895358085632324e-01
2.068991661071777344e-01
9.381513595581054688e-01
3.434614241123199463e-01
6.182875633239746094e-01
6.762964725494384766e-01
8.967577219009399414e-01
6.029450297355651855e-01
1.107675135135650635e-01
5.813632011413574219e-01
5.986937284469604492e-01
7.594348788261413574e-01
7.593941688537597656e-01
7.282366752624511719e-01
1.076098680496215820e-01
7.369117736816406250e-01
9.297405481338500977e-01
1.137870788574218750e+00
1.056553602218627930e+00
9.285329580307006836e-01
4.826185703277587891e-01
6.037055253982543945e-01
7.855294942855834961e-01
4.672986268997192383e-01
2.528980672359466553e-01
5.110007524490356445e-01
6.076132059097290039e-01
8.867735266685485840e-01
-6.829908490180969238e-02
9.873241186141967773e-03
4.393246173858642578e-01
-8.934965729713439941e-02
-1.393598616123199463e-01
-7.306474447250366211e-02
-6.160537600517272949e-01
-5.302945375442504883e-01
2.871188521385192871e-01
9.152044057846069336e-01
3.085273206233978271e-01
5.845080614089965820e-01
3.208982646465301514e-01
3.720486760139465332e-01
5.580952763557434082e-01
8.311122655868530273e-02
1.290448307991027832e-01
5.883383750915527344e-02
1.415458321571350098e-02
-4.545158147811889648e-02
6.085618138313293457e-01
3.314998745918273926e-01
3.016243875026702881e-02
4.462195634841918945e-01
6.025430560111999512e-01
6.053048372268676758e-01
7.506930232048034668e-01
6.090390086174011230e-01
3.547684550285339355e-01
2.353411316871643066e-01
9.840437769889831543e-02
-1.606326699256896973e-01
1.500732004642486572e-01
-2.462112307548522949e-01
8.912950754165649414e-02
7.432312965393066406e-01
9.117839336395263672e-01
1.002085804939270020e+00
8.851155042648315430e-01
1.118011832237243652e+00
8.835502862930297852e-01
9.607350826263427734e-01
9.776729345321655273e-01
1.088666558265686035e+00
1.370908260345458984e+00
9.925556182861328125e-01
9.465086460113525391e-01
7.734718918800354004e-01
7.641414403915405273e-01
5.016685724258422852e-01
5.870801210403442383e-01
1.298142552375793457e+00
5.694264173507690430e-02
-3.603276014328002930e-01
7.964158058166503906e-02
-1.705111414194107056e-01
6.926382780075073242e-01
3.922668695449829102e-01
2.613361477851867676e-01
1.284842491149902344e+00
1.007598519325256348e+00
1.284849047660827637e+00
1.098175406455993652e+00
5.156970024108886719e-01
3.028177917003631592e-01
2.481568455696105957e-01
4.511231184005737305e-01
2.981375157833099365e-02
5.780882835388183594e-01
3.377209007740020752e-01
5.746886730194091797e-01
7.709133028984069824e-01
8.380947113037109375e-01
5.435199737548828125e-01
6.536107659339904785e-01
5.726874470710754395e-01
7.202836871147155762e-02
-9.599453210830688477e-02
-2.455687522888183594e-02
-3.635763823986053467e-01
-7.055447101593017578e-01
6.481156945228576660e-01
1.778802275657653809e-01
2.772100567817687988e-01
3.744582533836364746e-01
9.294135570526123047e-01
-9.383577108383178711e-02
7.099848985671997070e-01
8.887618780136108398e-01
1.124887824058532715e+00
1.014854192733764648e+00
1.106027364730834961e+00
7.873277068138122559e-01
7.318177223205566406e-01
7.804294824600219727e-01
9.238874912261962891e-01
6.995843052864074707e-01
7.935297489166259766e-01
3.598390221595764160e-01
1.056979894638061523e+00
8.424888253211975098e-01
1.174517869949340820e+00
7.882775068283081055e-01
7.929576635360717773e-01
6.320884227752685547e-01
5.589752197265625000e-01
9.346874952316284180e-01
7.085186839103698730e-01
1.084341883659362793e+00
1.059178829193115234e+00
5.252301692962646484e-01
9.785137176513671875e-01
1.102945566177368164e+00
1.011034488677978516e+00
5.851754546165466309e-01
6.159998178482055664e-01
4.564850926399230957e-01
-1.791196614503860474e-01
3.836917877197265625e-02
2.414195835590362549e-01
3.357254862785339355e-01
3.894146680831909180e-01
4.171720743179321289e-01
4.155588746070861816e-01
1.124748468399047852e+00
8.332020044326782227e-01
1.482846140861511230e-01
2.917630374431610107e-01
1.000527620315551758e+00
1.141119003295898438e+00
1.059576511383056641e+00
5.846408605575561523e-01
1.038058757781982422e+00
6.561715006828308105e-01
5.793505311012268066e-01
2.430720329284667969e-01
-7.186024636030197144e-02
-4.612623527646064758e-02
1.291929185390472412e-02
-1.718026399612426758e-02
7.459148764610290527e-04
2.340181171894073486e-02
-3.851696848869323730e-03
6.636914610862731934e-02
1.376572698354721069e-01
9.508572518825531006e-02
3.870992362499237061e-02
2.046470940113067627e-01
1.447701156139373779e-01
9.551213681697845459e-02
1.195712834596633911e-01
-1.279942393302917480e-01
-3.772702813148498535e-02
3.959859013557434082e-01
-5.194421112537384033e-02
-2.127739638090133667e-01
1.820301115512847900e-01
2.631963193416595459e-01
7.839943468570709229e-02
-1.078308075666427612e-01
1.333454251289367676e-01
3.102378547191619873e-01
2.143023908138275146e-01
8.982779085636138916e-02
1.083821654319763184e-01
1.554689407348632812e-01
4.386132955551147461e-01
2.369451522827148438e-02
2.311064302921295166e-01
3.392022252082824707e-01
1.024908065795898438e+00
1.086143255233764648e+00
1.087267160415649414e+00
9.792189598083496094e-01
6.161180734634399414e-01
4.320967197418212891e-01
-1.359127163887023926e-01
-2.850586175918579102e-01
-2.007345408201217651e-01
1.251630038022994995e-01
7.423394322395324707e-01
1.292208671569824219e+00
1.257270097732543945e+00
9.965174198150634766e-01
1.256510853767395020e+00
4.743293523788452148e-01
7.185181975364685059e-01
3.627133369445800781e-01
1.116149187088012695e+00
9.017067551612854004e-01
5.409595966339111328e-01
4.332867860794067383e-01
4.685426950454711914e-01
1.543886661529541016e+00
1.675203800201416016e+00
1.627312660217285156e+00
1.299018263816833496e+00
9.896419048309326172e-01
9.293215274810791016e-01
1.113650321960449219e+00
5.001201629638671875e-01
4.774706363677978516e-01
5.367490649223327637e-01
3.638978004455566406e-01
5.370953679084777832e-01
5.408419966697692871e-01
6.509120464324951172e-01
3.473424911499023438e-01
9.082738161087036133e-01
4.965113997459411621e-01
8.994881510734558105e-01
1.849245131015777588e-01
1.880992889404296875e+00
4.766083955764770508e-01
7.370985746383666992e-01
1.090743064880371094e+00
7.783280014991760254e-01
5.064170956611633301e-01
1.727916002273559570e-01
3.486392498016357422e-01
3.471925854682922363e-02
2.573084235191345215e-01
1.884128749370574951e-01
5.935727357864379883e-01
1.381620883941650391e+00
4.148406982421875000e-01
6.894162893295288086e-01
1.052007675170898438e+00
9.099458456039428711e-01
8.557317256927490234e-01
6.788206100463867188e-01
7.597395777702331543e-01
8.609459400177001953e-01
1.063297390937805176e+00
9.148725271224975586e-01
7.701198458671569824e-01
9.572687149047851562e-01
8.217710852622985840e-01
1.158567547798156738e+00
6.976643204689025879e-01
8.398726582527160645e-01
1.128541111946105957e+00
6.873103380203247070e-01
1.224805355072021484e+00
1.007102489471435547e+00
1.464973211288452148e+00
3.926084041595458984e-01
7.688851356506347656e-01
5.812407732009887695e-01
1.093523263931274414e+00
6.049322485923767090e-01
5.366204380989074707e-01
1.079281449317932129e+00
5.642006397247314453e-01
6.840003132820129395e-01
6.711206436157226562e-01
9.610693454742431641e-01
6.667070388793945312e-01
4.711176156997680664e-01
-8.689841628074645996e-02
2.137861847877502441e-01
2.657889723777770996e-01
-1.399605721235275269e-01
3.302102088928222656e-01
5.887431502342224121e-01
6.754823923110961914e-01
1.126154780387878418e+00
9.074242115020751953e-01
1.416340470314025879e-01
4.484860897064208984e-01
1.796209812164306641e-01
5.365313291549682617e-01
-5.838060379028320312e-02
-5.767685770988464355e-01
-5.574104785919189453e-01
-6.823733448982238770e-03
1.237941861152648926e+00
4.178217649459838867e-01
1.131132543087005615e-01
7.079974412918090820e-01
1.225355565547943115e-01
3.730580210685729980e-02
-1.686995625495910645e-01
1.073676198720932007e-01
2.040967643260955811e-01
6.774785518646240234e-01
-1.260873675346374512e-01
-8.314136266708374023e-01
7.228240966796875000e-01
6.529747247695922852e-01
9.275388717651367188e-01
9.045253992080688477e-01
1.084341168403625488e+00
8.150628805160522461e-01
7.668927907943725586e-01
1.154864311218261719e+00
6.330484747886657715e-01
5.582698583602905273e-01
-1.932404637336730957e-01
-4.931828975677490234e-01
-2.032262682914733887e-01
2.409564852714538574e-01
4.184555411338806152e-01
2.308741211891174316e-02
-8.476579189300537109e-02
-4.135713577270507812e-01
-4.992710947990417480e-01
-7.439230680465698242e-01
2.755134105682373047e-01
3.753955960273742676e-01
6.839742660522460938e-01
6.900486946105957031e-01
6.206314563751220703e-01
9.494965076446533203e-01
4.496014118194580078e-01
5.847738385200500488e-01
9.552023410797119141e-01
1.123809099197387695e+00
7.703459858894348145e-01
6.217055320739746094e-01
-2.397298514842987061e-01
-1.161139607429504395e-01
7.829937934875488281e-01
6.904413700103759766e-01
8.290057778358459473e-01
1.173844814300537109e+00
5.160880088806152344e-02
3.328483104705810547e-01
6.161326766014099121e-01
6.549006700515747070e-01
3.041934967041015625e-01
1.657431721687316895e-01
9.188396930694580078e-01
1.856792569160461426e-01
3.219279944896697998e-01
5.266204476356506348e-01
5.040673017501831055e-01
8.449591994285583496e-01
5.589772462844848633e-01
4.469340443611145020e-01
1.554040312767028809e-01
8.510505557060241699e-01
-1.948429346084594727e-01
7.828292846679687500e-01
5.596564412117004395e-01
3.112476170063018799e-01
-2.119975984096527100e-01
2.984822988510131836e-01
9.081932306289672852e-01
3.465450406074523926e-01
1.491645693778991699e+00
1.419645428657531738e+00
1.070065140724182129e+00
7.812432050704956055e-01
1.025346040725708008e+00
1.354084253311157227e+00
1.051219224929809570e+00
8.485708236694335938e-01
7.590834498405456543e-01
5.790048241615295410e-01
7.404065728187561035e-01
8.128920197486877441e-01
1.101441144943237305e+00
3.720161318778991699e-01
5.696164369583129883e-01
8.767855167388916016e-02
-4.833313822746276855e-01
5.280847549438476562e-01
2.435710430145263672e-01
2.022020220756530762e-01
2.387881875038146973e-01
3.726643323898315430e-02
-6.047453284263610840e-01
-7.590385079383850098e-01
6.885528564453125000e-03
-6.234902143478393555e-01
-2.563984692096710205e-01
3.954914510250091553e-01
4.095644354820251465e-01
7.188848853111267090e-01
7.275457978248596191e-01
2.337991893291473389e-01
5.968034267425537109e-02
5.948249697685241699e-01
6.229487657546997070e-01
2.832185924053192139e-01
1.274263143539428711e+00
9.845595359802246094e-01
1.099486827850341797e+00
5.589113831520080566e-01
7.179869413375854492e-01
2.089321017265319824e-01
3.894590139389038086e-01
3.138571977615356445e-02
5.508608818054199219e-01
5.349508523941040039e-01
7.400478720664978027e-01
5.174893140792846680e-01
1.035960197448730469e+00
1.353380203247070312e+00
9.872864484786987305e-01
9.178149700164794922e-01
4.803946018218994141e-01
5.232097506523132324e-01
8.864766359329223633e-01
1.290408968925476074e-01
2.436856031417846680e-01
2.955060303211212158e-01
4.776965379714965820e-01
3.606034517288208008e-01
-1.712173521518707275e-01
2.167938649654388428e-02
1.743236184120178223e-01
9.046162664890289307e-02
3.842450976371765137e-01
8.464939892292022705e-02
1.731005609035491943e-01
1.540856361389160156e-01
3.440926074981689453e-01
5.670347213745117188e-01
2.870837152004241943e-01
8.530791997909545898e-01
7.083063721656799316e-01
5.562180280685424805e-01
-1.169929057359695435e-01
4.374311566352844238e-01
1.512834280729293823e-01
3.323440551757812500e-01
-1.761965453624725342e-01
-3.945441544055938721e-02
-1.191803961992263794e-01
-2.062436938285827637e-01
-1.361113786697387695e-01
3.252658247947692871e-01
3.657738268375396729e-01
3.447312116622924805e-01
-2.319918572902679443e-02
2.961701750755310059e-01
1.722194552421569824e-01
1.080688983201980591e-01
-1.352028995752334595e-01
7.362586259841918945e-02
-1.371881365776062012e-02
4.511433243751525879e-01
3.418563008308410645e-01
1.720132529735565186e-01
-2.489476203918457031e-01
-2.401390820741653442e-01
2.897655963897705078e-02
6.064566969871520996e-02
-3.738846480846405029e-01
-9.767633676528930664e-02
7.354080677032470703e-03
-5.403622984886169434e-03
6.347421407699584961e-01
5.788547992706298828e-01
5.794083476066589355e-01
4.947050809860229492e-01
3.287822604179382324e-01
-1.021702215075492859e-01
5.165776014328002930e-01
4.258512258529663086e-01
1.113762736320495605e+00
4.662511348724365234e-01
8.675555586814880371e-01
7.805753350257873535e-01
2.344241738319396973e-01
-4.468223452568054199e-02
-2.352267503738403320e-03
-1.939666718244552612e-01
-4.715909957885742188e-01
-2.711799144744873047e-01
1.951166689395904541e-01
2.696585357189178467e-01
1.773681044578552246e-01
1.810753941535949707e-01
6.703786849975585938e-01
7.550982236862182617e-01
9.026409387588500977e-01
5.951908826828002930e-01
5.423218607902526855e-01
1.124719142913818359e+00
9.365435838699340820e-01
6.599133014678955078e-01
6.224664449691772461e-01
9.273438453674316406e-01
7.082573175430297852e-01
5.999872684478759766e-01
7.417337894439697266e-01
8.354145288467407227e-01
8.662645816802978516e-01
4.789915084838867188e-01
9.645886421203613281e-01
9.170763492584228516e-01
4.590585231781005859e-01
3.101966083049774170e-01
6.122922897338867188e-01
9.063245058059692383e-01
1.324615597724914551e+00
9.079856872558593750e-01
5.500087738037109375e-01
5.907604694366455078e-01
4.947099089622497559e-01
7.670792937278747559e-01
5.837361216545104980e-01
2.340868115425109863e-01
2.559033036231994629e-01
-4.335496425628662109e-01
-4.129772484302520752e-01
8.908709287643432617e-01
4.741837978363037109e-01
1.559997081756591797e+00
8.752412796020507812e-01
7.424473762512207031e-01
6.454648971557617188e-01
-4.000902175903320312e-02
5.312995910644531250e-01
6.412569284439086914e-01
8.626247048377990723e-01
7.658309340476989746e-01
8.095598220825195312e-01
1.046706676483154297e+00
8.491951227188110352e-01
7.840406894683837891e-01
9.797174930572509766e-01
4.106699824333190918e-01
6.323421597480773926e-01
3.222879767417907715e-01
5.573437809944152832e-01
4.473874568939208984e-01
-1.560414731502532959e-01
-2.357828170061111450e-01
-1.954646706581115723e-01
-1.102864742279052734e-02
8.265215158462524414e-02
4.524044990539550781e-01
1.729190647602081299e-01
8.124434947967529297e-01
-1.622908562421798706e-01
-6.061222553253173828e-01
3.816068768501281738e-01
1.303228139877319336e+00
6.926584839820861816e-01
1.378429651260375977e+00
1.106706380844116211e+00
8.392589092254638672e-01
4.229217767715454102e-03
5.208247900009155273e-02
6.019205451011657715e-01
4.373847842216491699e-01
1.084573268890380859e+00
8.344860076904296875e-01
1.626807451248168945e-01
5.842137336730957031e-01
1.042289257049560547e+00
1.001284122467041016e+00
8.970671296119689941e-01
1.030968546867370605e+00
9.692964553833007812e-01
9.174100160598754883e-01
9.594016075134277344e-01
9.174925088882446289e-01
1.169384837150573730e+00
1.714466512203216553e-01
-1.352421194314956665e-01
-4.858755469322204590e-01
9.762704372406005859e-02
1.878615915775299072e-01
4.651600122451782227e-01
7.668064832687377930e-01
9.993783235549926758e-01
7.923501133918762207e-01
6.519002914428710938e-01
3.252711296081542969e-01
9.339284896850585938e-01
3.536137342453002930e-01
2.158365249633789062e-01
-3.062786459922790527e-01
2.907372117042541504e-01
4.243806004524230957e-02
3.599033057689666748e-01
7.733688950538635254e-01
1.257491707801818848e+00
7.743961215019226074e-01
5.005472898483276367e-01
7.009159922599792480e-01
5.060681700706481934e-01
5.705586671829223633e-01
2.603892385959625244e-01
1.921878457069396973e-01
2.498797774314880371e-01
1.621674001216888428e-01
8.962592482566833496e-02
2.564148306846618652e-01
4.873749613761901855e-01
-1.199831888079643250e-01
1.373012363910675049e-01
1.516896486282348633e-02
-3.672086447477340698e-02
-2.305354923009872437e-02
1.630796492099761963e-02
-2.102082967758178711e-02
-9.407931566238403320e-02
-1.090178638696670532e-02
7.617868483066558838e-02
6.826211512088775635e-02
9.740986824035644531e-01
3.476659059524536133e-01
3.805847465991973877e-01
4.759808182716369629e-01
3.902342617511749268e-01
7.852619290351867676e-01
1.199979782104492188e+00
1.500931739807128906e+00
9.731990098953247070e-01
2.731510996818542480e-02
3.845426142215728760e-01
7.930499315261840820e-01
4.439378976821899414e-01
2.864600419998168945e-01
2.394992709159851074e-01
2.265748083591461182e-01
2.155392467975616455e-01
1.913812160491943359e-01
2.200966477394104004e-01
4.844064712524414062e-01
7.200065255165100098e-01
7.997570037841796875e-01
3.938915729522705078e-01
-8.991464972496032715e-03
-1.640235185623168945e-01
-5.826598405838012695e-02
1.339137554168701172e-03
-5.418910086154937744e-02
2.665623426437377930e-01
8.248585462570190430e-01
1.207553982734680176e+00
6.924837231636047363e-01
9.967451095581054688e-01
1.346513271331787109e+00
1.209689378738403320e+00
1.153974771499633789e+00
7.779719829559326172e-01
3.333087563514709473e-01
-6.209827959537506104e-03
1.058694571256637573e-01
1.379032433032989502e-01
1.869241595268249512e-01
1.521672010421752930e-01
1.388382464647293091e-01
1.415150463581085205e-01
1.536053419113159180e-01
1.758536398410797119e-01
1.936603784561157227e-01
2.067410349845886230e-01
2.156470119953155518e-01
2.210910320281982422e-01
2.250280976295471191e-01
2.279969751834869385e-01
1.895110309123992920e-01
1.689960360527038574e-01
2.168478369712829590e-01
2.483416497707366943e-01
1.564854979515075684e-01
7.625808715820312500e-01
9.694579839706420898e-01
8.986251950263977051e-01
7.538647651672363281e-01
6.946618556976318359e-01
7.360294461250305176e-01
6.931551098823547363e-01
6.261684298515319824e-01
5.457744598388671875e-01
3.582351505756378174e-01
3.871032595634460449e-01
4.647126793861389160e-01
4.549357891082763672e-01
8.201809525489807129e-01
4.618222713470458984e-01
2.541392445564270020e-01
5.602953433990478516e-01
7.670867443084716797e-01
9.402837753295898438e-01
8.468450307846069336e-01
1.011834859848022461e+00
9.291036128997802734e-01
1.011771202087402344e+00
8.013920187950134277e-01
1.315793156623840332e+00
6.095356941223144531e-01
9.983744621276855469e-01
1.178672909736633301e+00
5.758070349693298340e-01
3.185383677482604980e-01
6.988540291786193848e-01
-1.334615051746368408e-01
-5.816698819398880005e-02
2.441047132015228271e-02
6.865794062614440918e-01
6.910888552665710449e-01
3.578853011131286621e-01
6.639382839202880859e-01
5.895310640335083008e-01
9.441324472427368164e-01
8.688424229621887207e-01
8.438149094581604004e-01
8.408337831497192383e-01
8.429565429687500000e-01
8.445340991020202637e-01
8.414008617401123047e-01
8.166630268096923828e-01
7.213771343231201172e-01
8.029643893241882324e-01
8.250945210456848145e-01
5.737940073013305664e-01
3.379603326320648193e-01
4.995297789573669434e-01
-1.968342065811157227e-01
8.669148683547973633e-01
1.566830515861511230e+00
1.080948829650878906e+00
7.228306531906127930e-01
8.734500408172607422e-01
8.402213454246520996e-01
9.827444553375244141e-01
1.323750257492065430e+00
4.879291057586669922e-01
2.024617493152618408e-01
3.030994832515716553e-01
6.749870181083679199e-01
1.202953815460205078e+00
9.371176958084106445e-01
9.667208194732666016e-01
1.101135969161987305e+00
5.367493629455566406e-01
7.428404092788696289e-01
9.152686595916748047e-01
8.652787208557128906e-01
4.407898783683776855e-01
4.006878435611724854e-01
6.338891983032226562e-01
7.374461889266967773e-01
9.629381895065307617e-01
6.791781187057495117e-01
1.067585647106170654e-01
5.972164273262023926e-01
8.553871512413024902e-01
1.270028591156005859e+00
5.163645744323730469e-01
1.006654262542724609e+00
8.225619792938232422e-01
9.870660305023193359e-01
1.032163977622985840e+00
8.679057359695434570e-01
9.995846748352050781e-01
1.045439958572387695e+00
6.862859129905700684e-01
9.988169670104980469e-01
7.597650289535522461e-01
5.313298702239990234e-01
-3.260504007339477539e-01
-9.508237242698669434e-02
-8.368052542209625244e-02
-9.305426478385925293e-02
6.232172250747680664e-02
2.933734655380249023e-01
2.135622501373291016e-02
-1.566751301288604736e-01
-1.669344305992126465e-02
8.842986822128295898e-02
-7.119439542293548584e-02
-3.770277649164199829e-02
8.546183705329895020e-01
2.627516984939575195e-01
8.094257116317749023e-01
7.483659386634826660e-01
1.098660588264465332e+00
9.529353380203247070e-01
9.671399593353271484e-01
8.256853818893432617e-01
1.298004865646362305e+00
4.556152224540710449e-01
3.117939233779907227e-01
4.870514869689941406e-01
9.177166223526000977e-01
4.837396144866943359e-01
2.455738186836242676e-01
1.007282137870788574e-01
7.979894876480102539e-01
9.199126958847045898e-01
5.510125756263732910e-01
7.571857571601867676e-01
4.221754074096679688e-01
-5.788986682891845703e-01
2.468506693840026855e-01
7.487775087356567383e-01
7.586215138435363770e-01
6.034678220748901367e-01
1.920625865459442139e-01
1.409123986959457397e-01
1.227177381515502930e+00
1.313067793846130371e+00
1.077175140380859375e+00
1.111388444900512695e+00
9.259289503097534180e-01
5.768603682518005371e-01
5.227932929992675781e-01
1.172547340393066406e-01
1.034193277359008789e+00
7.442344427108764648e-01
1.269919872283935547e+00
1.076882123947143555e+00
1.232696175575256348e+00
8.568781614303588867e-01
5.306964516639709473e-01
5.433381795883178711e-01
4.075400233268737793e-01
5.836549997329711914e-01
3.459681272506713867e-01
5.768930315971374512e-01
4.487587213516235352e-01
5.255572199821472168e-01
1.058007597923278809e+00
7.962481975555419922e-01
1.842687010765075684e+00
1.068329453468322754e+00
1.127214312553405762e+00
6.470043659210205078e-01
4.949741363525390625e-01
7.321624755859375000e-01
8.168505430221557617e-01
4.978602528572082520e-01
3.803479671478271484e-01
6.574588418006896973e-01
1.002378463745117188e+00
5.421213507652282715e-01
1.436285078525543213e-01
8.046995401382446289e-01
1.213331699371337891e+00
2.448332011699676514e-01
5.480011105537414551e-01
1.618328988552093506e-01
6.260299682617187500e-01
1.025784730911254883e+00
7.678285837173461914e-01
1.056252241134643555e+00
1.169644355773925781e+00
1.178922772407531738e+00
1.074184894561767578e+00
1.100641846656799316e+00
1.176021695137023926e+00
1.411209344863891602e+00
1.227495193481445312e+00
4.340652227401733398e-01
6.462672948837280273e-01
1.036227345466613770e+00
1.136942386627197266e+00
1.216754198074340820e+00
1.191733956336975098e+00
6.901277899742126465e-01
1.358258485794067383e+00
1.211149692535400391e+00
1.257706284523010254e+00
1.094292402267456055e+00
1.122327327728271484e+00
9.711992740631103516e-01
3.980797827243804932e-01
3.229844570159912109e-01
3.429667949676513672e-01
3.215702772140502930e-01
3.648065924644470215e-01
4.008854031562805176e-01
4.459928870201110840e-01
4.749109148979187012e-01
5.056727528572082520e-01
5.195145606994628906e-01
5.124293565750122070e-01
7.346587181091308594e-01
5.194224119186401367e-01
1.180814504623413086e-01
-3.533075749874114990e-02
-1.014256775379180908e-01
-2.011581659317016602e-01
-5.036409199237823486e-02
1.489362567663192749e-01
-7.083582878112792969e-02
7.203501462936401367e-02
9.928035736083984375e-02
2.934105992317199707e-01
2.484908103942871094e-01
-9.696661680936813354e-02
1.010385751724243164e-01
8.492385149002075195e-01
8.055621385574340820e-01
8.039766550064086914e-01
6.160507202148437500e-01
1.078758120536804199e+00
1.046630859375000000e+00
1.018958210945129395e+00
1.143068790435791016e+00
8.463006019592285156e-01
1.112868547439575195e+00
5.713407993316650391e-01
6.953336000442504883e-01
8.011057376861572266e-01
5.553544163703918457e-01
7.695711851119995117e-01
5.715472698211669922e-01
1.262662053108215332e+00
8.142506480216979980e-01
8.542697429656982422e-01
5.258836746215820312e-01
3.947171866893768311e-01
-3.893701732158660889e-02
-2.693321108818054199e-01
-4.736940264701843262e-01
-1.264548301696777344e-01
9.114210605621337891e-01
1.081137061119079590e+00
8.866980075836181641e-01
9.770999848842620850e-02
7.758876681327819824e-01
1.170784831047058105e+00
1.185805439949035645e+00
6.097210645675659180e-01
1.068931102752685547e+00
1.254572272300720215e+00
5.291506648063659668e-03
5.664283037185668945e-01
1.896386742591857910e-01
1.147496998310089111e-01
4.852697849273681641e-01
1.124739646911621094e-01
3.365270793437957764e-01
6.299537420272827148e-01
7.615484595298767090e-01
9.864821434020996094e-01
8.537528514862060547e-01
5.764440894126892090e-01
4.281638264656066895e-01
2.511323392391204834e-01
5.736041069030761719e-02
-2.093389630317687988e-01
4.102965593338012695e-01
4.004647433757781982e-01
3.631277382373809814e-01
9.053568840026855469e-01
9.486949443817138672e-01
1.139497756958007812e+00
1.263837337493896484e+00
8.231130838394165039e-01
2.829844951629638672e-01
2.944833040237426758e-01
1.876817941665649414e-01
8.091732859611511230e-01
6.316691040992736816e-01
8.668495416641235352e-01
3.273334205150604248e-01
4.444307088851928711e-01
6.423061490058898926e-01
5.955141782760620117e-01
8.212736845016479492e-01
8.280194401741027832e-01
9.418178796768188477e-01
7.718632221221923828e-01
9.879721403121948242e-01
4.180524349212646484e-01
8.495889306068420410e-01
2.236576676368713379e-01
-1.305538117885589600e-01
8.514028191566467285e-01
1.440845429897308350e-02
2.496649324893951416e-01
2.164614796638488770e-01
2.968237102031707764e-01
8.531407713890075684e-01
1.086509943008422852e+00
8.726479411125183105e-01
1.119933605194091797e+00
8.923052549362182617e-01
1.136166453361511230e+00
1.380326509475708008e+00
1.556841611862182617e+00
1.696420550346374512e+00
1.644128322601318359e+00
1.815267682075500488e+00
2.039264917373657227e+00
1.963570356369018555e+00
1.827071070671081543e+00
1.631286621093750000e+00
1.099859476089477539e+00
9.367046356201171875e-01
7.911952733993530273e-01
1.469289541244506836e+00
8.521083593368530273e-01
8.264480829238891602e-01
3.686076700687408447e-01
3.304034769535064697e-01
8.797458410263061523e-01
3.580245375633239746e-01
4.271993637084960938e-01
1.251163780689239502e-01
7.821791768074035645e-01
9.953484535217285156e-01
5.773788690567016602e-01
6.529402732849121094e-01
7.805324792861938477e-01
7.117930650711059570e-01
1.048554897308349609e+00
9.231781959533691406e-01
9.208173751831054688e-01
1.209063529968261719e+00
5.083461999893188477e-01
5.005342960357666016e-01
1.084481328725814819e-01
3.459928929805755615e-01
3.245438337326049805e-01
5.126825571060180664e-01
3.686422109603881836e-01
4.680275321006774902e-01
1.144345849752426147e-01
5.507335662841796875e-01
5.084203481674194336e-01
3.237403631210327148e-01
6.964698433876037598e-01
5.400448441505432129e-01
1.001334786415100098e+00
9.144747257232666016e-01
3.873037695884704590e-01
3.490110337734222412e-01
7.054537534713745117e-01
8.261083960533142090e-01
4.094453454017639160e-01
2.643078565597534180e-03
1.367956399917602539e-02
2.603607177734375000e-01
6.256363391876220703e-01
4.100574851036071777e-01
5.702267289161682129e-01
6.201419234275817871e-01
3.197473883628845215e-01
7.723022103309631348e-01
3.631992936134338379e-01
2.356218099594116211e-01
6.206450462341308594e-01
6.882456541061401367e-01
1.231057494878768921e-01
7.893370985984802246e-01
9.165651798248291016e-01
1.635704040527343750e+00
8.692759275436401367e-01
9.134049415588378906e-01
7.790082693099975586e-01
1.065323233604431152e+00
5.315367579460144043e-01
4.513605833053588867e-01
3.459488451480865479e-01
1.410437822341918945e-01
4.890565872192382812e-01
4.164390563964843750e-01
7.008073329925537109e-01
5.876680016517639160e-01
8.657184243202209473e-01
6.879535317420959473e-01
7.172500491142272949e-01
1.855456233024597168e-01
3.118786215782165527e-01
1.339011311531066895e+00
-8.784568309783935547e-02
3.512024879455566406e-03
4.601875543594360352e-01
8.999595046043395996e-01
1.041446566581726074e+00
7.684520483016967773e-01
1.151617527008056641e+00
1.083478450775146484e+00
8.112641572952270508e-01
7.822382450103759766e-02
-4.139618277549743652e-01
2.863802313804626465e-01
6.182687878608703613e-01
2.023203969001770020e-01
-6.489181518554687500e-02
-2.973282337188720703e-02
3.023758828639984131e-01
3.569495975971221924e-01
6.020256876945495605e-01
1.643022894859313965e-01
4.922806024551391602e-01
1.639464497566223145e-01
2.732749283313751221e-01
-4.197530150413513184e-01
1.546027362346649170e-01
1.221348643302917480e-01
6.339241266250610352e-01
4.754747748374938965e-01
1.116668224334716797e+00
1.285569310188293457e+00
1.741218566894531250e-01
4.251137971878051758e-01
5.856112241744995117e-01
5.357626080513000488e-02
9.571080207824707031e-01
9.050751924514770508e-01
1.166450738906860352e+00
7.791448235511779785e-01
9.693374633789062500e-01
5.337221622467041016e-01
4.999837279319763184e-01
3.221736252307891846e-01
5.194509029388427734e-01
6.652386188507080078e-01
1.078160047531127930e+00
1.265785932540893555e+00
1.430291056632995605e+00
1.324295282363891602e+00
4.393511414527893066e-01
7.570108175277709961e-01
1.163340657949447632e-01
1.214283704757690430e+00
1.054823160171508789e+00
1.061438322067260742e+00
5.963115692138671875e-01
3.637928366661071777e-01
6.142691373825073242e-01
1.072021365165710449e+00
9.536098241806030273e-01
4.432243108749389648e-01
2.478929162025451660e-01
4.100894927978515625e-01
1.192996621131896973e+00
4.723930358886718750e-02
3.216429054737091064e-01
4.407129287719726562e-01
9.628157615661621094e-01
8.786761760711669922e-01
9.097056388854980469e-01
1.046062350273132324e+00
1.186960697174072266e+00
9.321839809417724609e-01
8.317143917083740234e-01
1.455266237258911133e+00
1.411964297294616699e+00
5.660439133644104004e-01
9.185194969177246094e-01
1.355431556701660156e+00
1.739788651466369629e+00
1.641200900077819824e+00
3.904668092727661133e-01
9.535998106002807617e-01
2.301248013973236084e-01
1.262929677963256836e+00
3.196412324905395508e-01
8.925473690032958984e-01
1.081625103950500488e+00
9.819066524505615234e-01
1.343114495277404785e+00
2.962588369846343994e-01
6.009894609451293945e-01
8.590902090072631836e-01
1.211701393127441406e+00
1.268769741058349609e+00
5.210204124450683594e-01
6.719463467597961426e-01
1.270224571228027344e+00
9.969567060470581055e-01
7.610794305801391602e-01
5.532047152519226074e-01
9.401926994323730469e-01
8.957928419113159180e-01
1.073512196540832520e+00
9.035817384719848633e-01
6.700759530067443848e-01
2.063568234443664551e-01
2.576128840446472168e-01
3.899743556976318359e-01
9.951593875885009766e-01
3.840859830379486084e-01
-3.750221729278564453e-01
6.054043173789978027e-01
5.013768076896667480e-01
7.230650782585144043e-01
6.486855149269104004e-01
2.448532581329345703e-01
6.444150209426879883e-01
1.081228613853454590e+00
1.411634683609008789e+00
5.391393899917602539e-01
1.133551120758056641e+00
2.622288167476654053e-01
2.003766000270843506e-01
6.615196168422698975e-02
4.907165169715881348e-01
6.649622917175292969e-01
4.714342951774597168e-01
6.611654162406921387e-01
5.564722418785095215e-01
5.862837433815002441e-01
6.208231449127197266e-01
3.567838072776794434e-01
-2.910499572753906250e-01
3.109396994113922119e-02
-3.961044549942016602e-01
2.349863648414611816e-01
1.922214627265930176e-01
-5.245862901210784912e-02
5.196884274482727051e-02
5.825161933898925781e-01
6.118768453598022461e-01
5.361779332160949707e-01
-9.217516332864761353e-02
2.021869421005249023e-01
4.744421243667602539e-01
2.577964067459106445e-01
8.625424504280090332e-01
5.960908532142639160e-01
3.818804621696472168e-01
5.299293994903564453e-01
8.499814271926879883e-01
8.457775712013244629e-01
6.782814264297485352e-01
4.057816267013549805e-01
7.525761425495147705e-02
3.339226543903350830e-02
-2.801782488822937012e-01
-3.498694896697998047e-01
1.642927527427673340e-01
5.454617738723754883e-02
3.867573440074920654e-01
5.911185741424560547e-01
8.651693463325500488e-01
8.448870182037353516e-01
1.094001889228820801e+00
8.307999372482299805e-01
3.789258003234863281e-01
9.010833501815795898e-02
1.708723902702331543e-01
7.815699279308319092e-02
5.717024803161621094e-01
5.921354293823242188e-01
4.004651904106140137e-01
8.428189754486083984e-01
8.350636363029479980e-01
1.200016498565673828e+00
1.273865938186645508e+00
1.152057290077209473e+00
1.293860435485839844e+00
1.308985710144042969e+00
1.317604184150695801e+00
7.666787505149841309e-01
9.933500289916992188e-01
9.962928295135498047e-01
6.809067726135253906e-01
9.817812442779541016e-01
6.906375885009765625e-01
8.111357688903808594e-01
7.197725772857666016e-01
7.801761627197265625e-01
7.732617259025573730e-01
5.702463984489440918e-01
1.022731542587280273e+00
1.528629899024963379e+00
1.040903091430664062e+00
1.216105461120605469e+00
5.636146664619445801e-01
6.486091613769531250e-01
6.154171824455261230e-01
6.239495277404785156e-01
5.441414117813110352e-01
1.006390094757080078e+00
1.141854166984558105e+00
1.599502444267272949e+00
1.429841995239257812e+00
1.878370881080627441e+00
8.263797163963317871e-01
7.456115484237670898e-01
2.505832910537719727e-01
1.153933107852935791e-01
7.148685455322265625e-01
1.257546186447143555e+00
8.765050172805786133e-01
6.639108657836914062e-01
4.386211037635803223e-01
6.789400577545166016e-01
2.170606851577758789e-01
1.648606181144714355e+00
9.672371149063110352e-01
1.103270769119262695e+00
8.658224344253540039e-01
5.870268344879150391e-01
7.969603538513183594e-01
4.956538677215576172e-01
7.348319888114929199e-02
7.579641342163085938e-01
6.827214360237121582e-01
4.477139115333557129e-01
7.184010744094848633e-01
9.060986042022705078e-01
1.261010885238647461e+00
1.037589192390441895e+00
6.542243957519531250e-01
1.030096769332885742e+00
8.441622853279113770e-01
1.209234356880187988e+00
6.115082502365112305e-01
1.203297138214111328e+00
4.842814207077026367e-01
8.127995729446411133e-01
2.884352207183837891e-01
5.707833170890808105e-01
6.344550251960754395e-01
5.831120014190673828e-01
1.124288916587829590e+00
7.847312688827514648e-01
1.025123119354248047e+00
7.381857037544250488e-01
7.803477048873901367e-01
8.783371448516845703e-01
1.077111482620239258e+00
1.670122146606445312e+00
1.052835464477539062e+00
-3.939428031444549561e-01
1.549744606018066406e-01
5.685030221939086914e-01
-5.826189368963241577e-02
4.462162852287292480e-01
5.891857147216796875e-01
5.859714746475219727e-01
4.698270559310913086e-01
-6.048244237899780273e-02
-2.972674965858459473e-01
3.873472213745117188e-01
5.281554460525512695e-01
5.937756299972534180e-01
1.463325023651123047e+00
5.379248857498168945e-01
2.717913389205932617e-01
1.108150184154510498e-01
-7.205024361610412598e-03
1.435881704092025757e-01
3.478229343891143799e-01
-9.798872470855712891e-02
7.791864275932312012e-01
5.920461416244506836e-01
3.727251887321472168e-01
6.336967945098876953e-01
5.098794698715209961e-01
7.860447168350219727e-01
7.766737341880798340e-01
8.324658274650573730e-01
9.373458623886108398e-01
7.082701325416564941e-01
8.605883121490478516e-01
2.417612075805664062e-01
2.849515974521636963e-01
7.731888890266418457e-01
-2.408547401428222656e-01
3.449711501598358154e-01
6.314739584922790527e-01
4.980223774909973145e-01
3.136764466762542725e-02
1.275163054466247559e+00
3.504810929298400879e-01
1.209003567695617676e+00
7.533538341522216797e-01
5.854390859603881836e-01
9.379160404205322266e-01
9.027774333953857422e-01
9.169175624847412109e-01
8.423874378204345703e-01
7.837813496589660645e-01
8.306229710578918457e-01
8.207649588584899902e-01
6.919794678688049316e-01
2.436964511871337891e-01
1.602548360824584961e-01
1.006916165351867676e+00
1.271910429000854492e+00
5.383220314979553223e-01
4.736970663070678711e-01
7.400709390640258789e-02
2.618708014488220215e-01
7.555953264236450195e-01
9.913375377655029297e-01
7.678331732749938965e-01
7.531329393386840820e-01
8.658820986747741699e-01
1.349972963333129883e+00
6.847153306007385254e-01
5.407174229621887207e-01
8.130583167076110840e-01
3.879339098930358887e-01
2.191570103168487549e-01
-2.524733543395996094e-03
-4.040101170539855957e-02
5.242758989334106445e-02
-1.798052787780761719e-01
-2.888381481170654297e-02
-1.100168526172637939e-01
1.902930438518524170e-01
2.108138501644134521e-01
1.073658704757690430e+00
1.049597263336181641e+00
1.075827240943908691e+00
8.591542243957519531e-01
9.029272794723510742e-01
7.737847566604614258e-01
1.174027681350708008e+00
1.399848699569702148e+00
1.149178028106689453e+00
5.415606498718261719e-01
5.636371374130249023e-01
4.466001987457275391e-01
1.278172016143798828e+00
5.853623151779174805e-01
1.234615564346313477e+00
1.946722865104675293e-01
5.747164487838745117e-01
6.004480123519897461e-01
9.144413471221923828e-01
9.506351947784423828e-01
1.417037010192871094e+00
1.011985182762145996e+00
7.262581586837768555e-01
1.007707238197326660e+00
9.377108812332153320e-01
6.361400485038757324e-01
2.194581329822540283e-01
4.797008037567138672e-01
5.030264854431152344e-01
1.042292356491088867e+00
7.612522840499877930e-01
8.332595825195312500e-01
1.697364151477813721e-01
1.606435179710388184e-01
7.203487157821655273e-01
8.678263425827026367e-02
1.676492094993591309e-01
-2.925183176994323730e-01
-2.804118394851684570e-02
-2.576870322227478027e-01
-9.479290246963500977e-01
-3.496235013008117676e-01
-3.029198050498962402e-01
-4.303923845291137695e-01
-2.992369532585144043e-01
-4.482744932174682617e-01
-3.729543089866638184e-01
-8.057337999343872070e-02
-1.496196687221527100e-01
-5.252344012260437012e-01
-6.893070042133331299e-02
3.056080639362335205e-01
8.044630289077758789e-01
7.794742584228515625e-01
1.890771985054016113e-01
2.328562438488006592e-01
-2.139938473701477051e-01
-8.379802107810974121e-03
3.604419231414794922e-01
4.951318502426147461e-01
2.092550694942474365e-01
4.809846878051757812e-01
5.012980699539184570e-01
2.736634314060211182e-01
2.557105422019958496e-01
9.071397781372070312e-02
9.121558070182800293e-02
-2.446676194667816162e-01
1.801170110702514648e-01
2.200864255428314209e-01
3.660850226879119873e-02
4.557397961616516113e-02
1.977108716964721680e-01
-3.099843263626098633e-01
6.810259819030761719e-01
1.119510650634765625e+00
3.218316435813903809e-01
6.648262739181518555e-01
6.057603955268859863e-01
4.040908813476562500e-01
5.223362445831298828e-01
2.504809200763702393e-01
7.042983770370483398e-01
8.824979066848754883e-01
2.943424582481384277e-01
4.649727344512939453e-01
5.834693908691406250e-01
6.049593687057495117e-01
6.386851072311401367e-01
6.103353500366210938e-01
6.228456497192382812e-01
4.978555440902709961e-01
1.341087341308593750e+00
9.997851848602294922e-01
3.609836101531982422e-01
3.638859093189239502e-01
-9.940819442272186279e-02
-4.585494101047515869e-02
-1.491588652133941650e-01
3.654946386814117432e-01
2.042327821254730225e-02
4.703147411346435547e-01
-4.033915996551513672e-01
-1.324726343154907227e-01
4.554365873336791992e-01
2.956530451774597168e-01
8.415746688842773438e-01
7.341744899749755859e-01
7.086823582649230957e-01
9.344396591186523438e-01
7.689738273620605469e-01
8.017624616622924805e-01
1.046794652938842773e+00
1.044912815093994141e+00
1.442853808403015137e+00
1.079635262489318848e+00
9.735671281814575195e-01
1.105551272630691528e-01
3.648288846015930176e-01
4.275981187820434570e-01
1.135638356208801270e+00
1.305837392807006836e+00
1.254320383071899414e+00
6.260751485824584961e-01
7.099276781082153320e-01
4.455792307853698730e-01
-4.516077637672424316e-01
3.715482652187347412e-01
4.385292530059814453e-01
4.996631145477294922e-01
7.122286558151245117e-01
2.605269551277160645e-01
4.120185375213623047e-01
4.258748292922973633e-01
1.372788667678833008e+00
5.829273462295532227e-01
4.097021818161010742e-01
1.978298127651214600e-01
2.046626806259155273e-02
1.004742622375488281e+00
3.473020792007446289e-01
5.436186790466308594e-01
7.350416183471679688e-01
-1.811484098434448242e-01
5.104943513870239258e-01
7.279251217842102051e-01
7.284089326858520508e-01
6.861011385917663574e-01
7.386510372161865234e-01
4.822209477424621582e-01
-7.855517864227294922e-01
-1.214959859848022461e+00
-3.770936727523803711e-01
-6.088002771139144897e-02
1.670229434967041016e-01
3.037554621696472168e-01
-3.225532174110412598e-01
3.760904073715209961e-04
2.095011472702026367e-01
8.092218041419982910e-01
3.032194972038269043e-01
4.029527902603149414e-01
1.163721680641174316e-01
1.339450478553771973e-01
7.362308502197265625e-01
6.981059908866882324e-01
7.935918867588043213e-02
6.730439066886901855e-01
3.941096365451812744e-01
9.313887357711791992e-01
7.541673183441162109e-01
5.805189609527587891e-01
7.918405532836914062e-01
4.144690632820129395e-01
5.926786661148071289e-01
1.070872068405151367e+00
1.096887588500976562e+00
1.140763878822326660e+00
1.213649511337280273e+00
1.082069396972656250e+00
1.151851892471313477e+00
9.795107841491699219e-01
5.844550728797912598e-01
4.616455435752868652e-01
-1.564958095550537109e-01
-3.986485600471496582e-01
-3.335783481597900391e-01
-8.891585469245910645e-02
1.024314463138580322e-01
-5.642876029014587402e-02
3.686875104904174805e-03
8.401846885681152344e-02
-3.407753407955169678e-01
-9.525779485702514648e-01
-6.640208959579467773e-01
-4.786034822463989258e-01
-5.127911567687988281e-01
4.341644644737243652e-01
4.151836633682250977e-01
1.268715858459472656e-01
3.763937950134277344e-02
1.330207884311676025e-01
-2.538612484931945801e-01
-6.076362729072570801e-01
-5.076812505722045898e-01
-4.238020777702331543e-01
-4.179238677024841309e-01
-3.251839876174926758e-01
-2.018899917602539062e-01
-2.284991145133972168e-01
-4.734282791614532471e-01
-7.428830862045288086e-01
-6.128411889076232910e-01
3.580291271209716797e-01
1.437068283557891846e-01
4.883725047111511230e-01
5.162305831909179688e-01
1.096657752990722656e+00
5.417659878730773926e-01
7.114803791046142578e-02
1.719215512275695801e-01
6.969615817070007324e-01
7.990245819091796875e-01
1.098335266113281250e+00
1.309897899627685547e+00
5.508461594581604004e-01
4.095724225044250488e-01
3.292258083820343018e-01
4.122998118400573730e-01
7.487322688102722168e-01
8.956645131111145020e-01
9.494462013244628906e-01
6.197060346603393555e-01
9.919431209564208984e-01
1.917768120765686035e-01
-2.008956521749496460e-01
3.618986308574676514e-01
8.760885596275329590e-01
1.207226276397705078e+00
9.009609818458557129e-01
8.314693570137023926e-01
1.334131240844726562e+00
1.192857503890991211e+00
7.793978452682495117e-01
9.846345186233520508e-01
3.423549532890319824e-01
6.832048296928405762e-01
1.052546620368957520e+00
6.868526935577392578e-01
7.232441306114196777e-01
4.040673971176147461e-01
1.019365936517715454e-01
-1.349658668041229248e-01
6.375109553337097168e-01
1.056424498558044434e+00
5.409361124038696289e-01
-6.079363822937011719e-02
-4.259132146835327148e-01
6.482970714569091797e-02
8.756583333015441895e-01
5.030921697616577148e-01
2.417566180229187012e-01
4.863718152046203613e-01
1.599329233169555664e+00
8.466097712516784668e-01
1.139947175979614258e+00
5.224178433418273926e-01
9.696760177612304688e-01
8.570025563240051270e-01
7.500873804092407227e-01
1.653918027877807617e-01
4.285961389541625977e-01
4.493281245231628418e-02
-1.521112024784088135e-01
1.276276409626007080e-01
-2.514538168907165527e-01
-7.790800929069519043e-02
1.705805659294128418e-01
3.073933124542236328e-01
-1.740030944347381592e-01
4.027434587478637695e-01
3.549364209175109863e-01
-7.249855399131774902e-01
-7.654857635498046875e-01
-5.697673559188842773e-01
-2.385579347610473633e-01
4.742455482482910156e-02
3.093588650226593018e-01
-3.518831133842468262e-01
2.255362272262573242e-02
3.363903164863586426e-01
2.501290738582611084e-01
-1.488423645496368408e-01
-2.531747221946716309e-01
1.546864509582519531e-01
-1.474135369062423706e-01
4.282264709472656250e-01
6.378422379493713379e-01
6.528847217559814453e-01
2.972934544086456299e-01
3.471615910530090332e-01
3.854008316993713379e-01
2.261622548103332520e-01
-1.913047432899475098e-01
1.294803619384765625e-01
4.885660409927368164e-01
5.183497667312622070e-01
-1.208157539367675781e-01
-1.244581341743469238e-01
-2.690513134002685547e-01
-8.153176307678222656e-02
5.668568611145019531e-01
1.063457608222961426e+00
2.677139639854431152e-01
1.042568534612655640e-01
-3.234211802482604980e-01
-4.243128895759582520e-01
-4.496690034866333008e-01
-6.270449161529541016e-01
-3.806280195713043213e-01
-4.614931344985961914e-02
1.955743432044982910e-01
5.128647685050964355e-01
5.387215614318847656e-01
4.023425579071044922e-01
7.172284722328186035e-01
3.545027375221252441e-01
9.713919162750244141e-01
6.524716615676879883e-01
3.797554671764373779e-01
1.312749981880187988e-01
4.869517087936401367e-01
1.828689575195312500e-01
3.063718974590301514e-01
-1.559353619813919067e-01
3.608143031597137451e-01
-2.196066230535507202e-01
5.753993988037109375e-01
1.100158452987670898e+00
6.509110927581787109e-01
9.500114917755126953e-01
1.231636166572570801e+00
7.649509906768798828e-01
3.230593204498291016e-01
9.853169918060302734e-01
8.100914359092712402e-01
5.818368196487426758e-01
3.886390924453735352e-01
1.401464343070983887e+00
8.352743387222290039e-01
9.458470344543457031e-01
7.493495941162109375e-01
1.254279851913452148e+00
1.134515762329101562e+00
7.048226594924926758e-01
7.865812778472900391e-01
1.064502596855163574e+00
1.021541237831115723e+00
1.114407062530517578e+00
9.922313690185546875e-01
6.483574509620666504e-01
7.708776593208312988e-01
5.561080574989318848e-01
5.756711363792419434e-01
4.134800434112548828e-01
7.859193086624145508e-01
7.032731771469116211e-01
8.420357704162597656e-01
7.623661756515502930e-01
1.052275419235229492e+00
1.216473102569580078e+00
1.046149492263793945e+00
8.892849087715148926e-01
2.505896687507629395e-01
5.484910309314727783e-02
7.564827203750610352e-01
4.024018645286560059e-01
5.684566497802734375e-01
9.308713674545288086e-01
9.668078422546386719e-01
1.093293428421020508e+00
1.164346218109130859e+00
1.067501187324523926e+00
8.411142230033874512e-01
5.108935832977294922e-01
2.164869308471679688e-01
7.470951676368713379e-01
2.962342202663421631e-01
1.688263416290283203e-01
4.280189275741577148e-01
2.781966924667358398e-01
4.753721952438354492e-01
6.887100934982299805e-01
6.478988528251647949e-01
3.511611819267272949e-01
3.840553760528564453e-01
8.748810291290283203e-01
7.238397598266601562e-01
1.253965854644775391e+00
1.696224451065063477e+00
1.038961768150329590e+00
6.257226467132568359e-01
-6.713719666004180908e-02
7.569375634193420410e-02
-1.737837791442871094e-01
-5.077258348464965820e-01
2.727124989032745361e-01
1.668657958507537842e-01
3.890110850334167480e-01
2.265530526638031006e-01
2.691567838191986084e-01
-1.971569061279296875e-01
2.833586335182189941e-01
6.257282495498657227e-01
1.877693831920623779e-01
3.709722161293029785e-01
8.294236660003662109e-02
4.218601584434509277e-01
5.153229236602783203e-01
7.098372280597686768e-02
9.725874662399291992e-02
1.204386353492736816e-01
1.288514137268066406e-01
-3.490691184997558594e-01
-2.359753847122192383e-01
2.559604644775390625e-01
3.310831785202026367e-01
1.872036457061767578e-01
-8.484083414077758789e-02
2.248696088790893555e-01
1.915840208530426025e-01
2.439141273498535156e-03
6.096333265304565430e-03
3.727846145629882812e-01
-4.764264822006225586e-02
1.558797061443328857e-02
3.347671031951904297e-02
-1.512823402881622314e-01
1.276380270719528198e-01
8.783009648323059082e-02
4.986111819744110107e-02
8.434356451034545898e-01
7.295641899108886719e-01
7.122287154197692871e-01
6.888217329978942871e-01
3.698127865791320801e-01
2.676894366741180420e-01
1.150543987751007080e-01
6.922373771667480469e-01
5.026575326919555664e-01
9.577023983001708984e-01
4.194601774215698242e-01
3.228446245193481445e-01
-3.058112859725952148e-01
5.292930603027343750e-01
8.027760982513427734e-01
4.402313232421875000e-01
9.038025140762329102e-01
4.234202504158020020e-01
7.251457571983337402e-01
8.715192675590515137e-01
5.129737854003906250e-01
-1.566264480352401733e-01
-1.988184750080108643e-01
-1.552976667881011963e-01
3.670120835304260254e-01
1.240458488464355469e-01
8.098149895668029785e-01
1.153691172599792480e+00
1.066518187522888184e+00
7.910069227218627930e-01
4.682355523109436035e-01
3.364044427871704102e-01
2.953482568264007568e-01
2.466218471527099609e-01
2.885036170482635498e-01
1.267063170671463013e-01
2.235525250434875488e-01
5.201795101165771484e-01
2.269206643104553223e-01
1.020021140575408936e-01
3.116174340248107910e-01
3.278774023056030273e-02
-2.392059564590454102e-01
7.917059957981109619e-02
-1.223215311765670776e-01
-8.868578076362609863e-02
-4.182351008057594299e-02
-3.045804500579833984e-01
3.375799059867858887e-01
1.065774917602539062e+00
6.677545309066772461e-01
1.650901436805725098e-01
4.894702136516571045e-02
1.063871383666992188e-02
2.156292498111724854e-01
4.665611982345581055e-01
-2.642908394336700439e-01
7.825133800506591797e-01
6.616224646568298340e-01
6.329029202461242676e-01
3.107562959194183350e-01
1.879916787147521973e-01
6.941103339195251465e-01
1.310298144817352295e-01
-1.763096749782562256e-01
-2.664854377508163452e-02
-1.143533959984779358e-01
1.860043406486511230e-02
1.305782347917556763e-01
3.403112292289733887e-01
6.496791839599609375e-01
3.834173679351806641e-01
5.814617872238159180e-01
4.511718750000000000e-01
4.800826311111450195e-01
4.479802846908569336e-01
3.023381829261779785e-01
1.325619220733642578e-01
8.100479841232299805e-02
4.024568796157836914e-01
1.018975138664245605e+00
1.242886543273925781e+00
1.146558761596679688e+00
1.067730426788330078e+00
3.495272994041442871e-01
2.355784475803375244e-01
5.888566970825195312e-01
8.256940841674804688e-01
-3.079177141189575195e-01
-1.325948983430862427e-01
1.089806914329528809e+00
7.845757007598876953e-01
3.664594590663909912e-01
9.057762622833251953e-01
1.110517740249633789e+00
1.040617465972900391e+00
9.060810804367065430e-01
3.210453093051910400e-01
5.211831927299499512e-01
3.562673926353454590e-01
1.526486575603485107e-01
5.150108337402343750e-01
7.947016358375549316e-01
9.575438499450683594e-01
9.766523838043212891e-01
1.480427265167236328e+00
1.100098729133605957e+00
8.994659185409545898e-01
1.099566102027893066e+00
1.191430091857910156e+00
8.062578439712524414e-01
7.259116172790527344e-01
1.007091164588928223e+00
7.407665252685546875e-01
1.359695196151733398e-01
7.082263231277465820e-01
9.903430938720703125e-01
6.540430784225463867e-01
9.244900941848754883e-02
1.387284547090530396e-01
5.748004913330078125e-01
4.851781725883483887e-01
4.515057802200317383e-01
4.089800119400024414e-01
5.343055129051208496e-01
9.469726085662841797e-01
1.083327412605285645e+00
2.036955356597900391e-01
8.508928120136260986e-03
-2.614955604076385498e-02
4.006469249725341797e-01
-2.062164992094039917e-02
1.627087891101837158e-01
-5.067096650600433350e-02
-6.216515973210334778e-02
-5.715413019061088562e-02
9.540443122386932373e-02
1.757028698921203613e-01
4.960399866104125977e-02
-1.197877228260040283e-01
-3.132831156253814697e-01
2.456921637058258057e-01
-1.823789477348327637e-01
1.906221508979797363e-01
-8.781954646110534668e-02
-3.150209784507751465e-01
5.500450730323791504e-02
2.457480430603027344e-01
7.233676314353942871e-01
1.010971546173095703e+00
6.152681112289428711e-01
2.120616734027862549e-01
